0.0000000 2.3385642e+08
0.10000000 2.3434445e+08
0.20000000 2.3447352e+08
0.30000001 2.3439565e+08
0.40000001 2.3434413e+08
0.50000000 2.3450046e+08
0.60000002 2.3445874e+08
0.69999999 2.3335131e+08
0.80000001 2.3258162e+08
0.89999998 2.3222152e+08
1.0000000 2.3200326e+08
1.1000000 2.3192402e+08
1.2000000 2.3196837e+08
1.3000000 2.3215829e+08
1.4000000 2.3252770e+08
1.5000000 2.3294048e+08
1.6000000 2.3329502e+08
1.7000000 2.3353766e+08
1.8000000 2.3365266e+08
1.9000000 2.3364525e+08
2.0000000 2.3316350e+08
2.0999999 2.3331282e+08
2.2000000 2.3297195e+08
2.3000000 2.3261894e+08
2.4000001 2.3287906e+08
2.5000000 2.3285861e+08
2.5999999 2.3294587e+08
2.7000000 2.3316973e+08
2.8000000 2.3345274e+08
2.9000001 2.3374042e+08
3.0000000 2.3393838e+08
3.0999999 2.3392213e+08
3.2000000 2.3392174e+08
3.3000000 2.3388549e+08
3.4000001 2.3375539e+08
3.5000000 2.3347074e+08
3.5999999 2.3331861e+08
3.7000000 2.3333656e+08
3.8000000 2.3348542e+08
3.9000001 2.3369210e+08
4.0000000 2.3392706e+08
4.0999999 2.3421254e+08
4.1999998 2.3466430e+08
4.3000002 2.3477365e+08
4.4000001 2.3453819e+08
4.5000000 2.3406866e+08
4.5999999 2.3386358e+08
4.6999998 2.3372904e+08
4.8000002 2.3366125e+08
4.9000001 2.3360374e+08
5.0000000 2.3354784e+08
6.5000000 2.3291750e+08
8.0000000 2.3254786e+08
9.5000000 2.3179269e+08
11.000000 2.3155430e+08
12.500000 2.3111766e+08
14.000000 2.3081763e+08
15.500000 2.3053398e+08
17.000000 2.3020970e+08
18.500000 2.2984395e+08
20.000000 2.2950995e+08
21.500000 2.2880506e+08
23.000000 2.2838160e+08
24.500000 2.2750006e+08
26.000000 2.2795626e+08
27.500000 2.2879874e+08
29.000000 2.2659285e+08
30.500000 2.2342595e+08
32.000000 2.1234242e+08
33.500000 1.9355726e+08
35.000000 1.7305272e+08
36.500000 1.3358716e+08
38.000000 1.0423526e+08
39.500000 91389832
41.000000 75366168
42.500000 60731336
44.000000 46877660
45.500000 35782092
47.000000 30185706
48.500000 25232638
50.000000 20987136
51.500000 17844174
53.000000 15446017
54.500000 13707885
56.000000 11558190
57.500000 9658038.0
59.000000 7740802.0
60.500000 6087250.5
62.000000 4136957.8
63.500000 1373678.1
65.000000 1675091.3
66.500000 -241585.89
68.000000 -1093347.6
69.500000 -1905034.6
71.000000 -2746775.8
72.500000 -3466810.8
74.000000 -4198493.5
75.500000 -5090485.0
77.000000 -5908359.5
78.500000 -6533444.5
80.000000 -6912129.5
81.500000 -6987377.5
83.000000 -6838982.5
84.500000 -6674235.5
86.000000 -6439841.5
87.500000 -6031970.5
89.000000 -5702721.5
90.500000 -5383836.5
92.000000 -5201212.5
93.500000 -4990304.5
95.000000 -4818439.0
96.500000 -4955508.0
98.000000 -5238550.0
99.500000 -5723418.5
101.00000 -5934894.0
102.50000 -6059594.5
104.00000 -6177642.0
105.50000 -5940350.5
107.00000 -5397315.0
108.50000 -4898192.5
110.00000 -4780714.0
111.50000 -4389244.5
113.00000 -3846079.3
114.50000 -3133625.8
116.00000 -2677525.5
117.50000 -2305719.3
119.00000 -2028610.9
120.50000 -1758221.1
122.00000 -1602346.1
123.50000 -1351281.3
125.00000 -1146410.9
126.50000 -978824.94
128.00000 -879511.06
129.50000 -723227.69
131.00000 -629198.88
132.50000 -541063.00
134.00000 -486359.09
135.50000 -353570.03
137.00000 -233070.92
138.50000 -109242.65
140.00000 -67086.344
141.50000 -9054.2910
143.00000 42356.691
144.50000 124446.04
146.00000 181540.84
147.50000 313447.59
149.00000 354465.78
150.50000 431906.16
152.00000 543853.81
153.50000 485285.25
155.00000 487563.31
156.50000 478705.97
158.00000 414315.81
159.50000 513827.63
161.00000 361194.59
162.50000 699408.75
164.00000 444927.19
165.50000 2430424.3
167.00000 2333653.0
168.50000 3563331.3
170.00000 2654355.5
171.50000 3681763.3
173.00000 3455395.8
174.50000 3730406.0
176.00000 4535070.0
177.50000 4821425.5
179.00000 4214515.5
180.50000 3655207.5
182.00000 3319164.5
183.50000 2821024.3
185.00000 2104582.0
186.50000 1497012.5
188.00000 1375011.1
189.50000 1461334.5
191.00000 1554444.9
192.50000 1637598.1
194.00000 1812143.3
195.50000 2024201.9
197.00000 2103814.3
198.50000 2111407.3
200.00000 1955397.4
201.50000 2013187.5
203.00000 2291748.3
204.50000 2258830.5
206.00000 2031127.0
207.50000 1661919.6
209.00000 1290961.0
210.50000 1051150.6
212.00000 866849.63
213.50000 689973.63
215.00000 504674.88
216.50000 463982.03
218.00000 488052.88
219.50000 284951.09
221.00000 403281.00
222.50000 290649.41
224.00000 321937.97
225.50000 355323.28
227.00000 655090.19
228.50000 649285.38
230.00000 510036.13
231.50000 626721.06
233.00000 173695.08
234.50000 145379.38
236.00000 216730.25
237.50000 136979.19
239.00000 148958.02
240.50000 141457.06
242.00000 146901.83
243.50000 181022.17
245.00000 181744.55
246.50000 173918.86
248.00000 165590.83
249.50000 186622.78
251.00000 221637.00
252.50000 209945.25
254.00000 302527.66
255.50000 175050.39
257.00000 221263.91
258.50000 240822.61
260.00000 293714.16
261.50000 151477.59
263.00000 254295.72
264.50000 181903.86
266.00000 144685.13
267.50000 196638.09
269.00000 183651.31
270.50000 175445.66
272.00000 165673.34
273.50000 157459.45
275.00000 141008.34
276.50000 116971.51
278.00000 86018.977
279.50000 79555.008
281.00000 64916.969
282.50000 72133.898
284.00000 53494.680
285.50000 50937.828
287.00000 54927.520
288.50000 49899.848
290.00000 36496.953
291.50000 30432.465
293.00000 35089.207
294.50000 27261.275
296.00000 15218.559
297.50000 3811.0137
299.00000 -4847.5195
300.50000 -10812.488
302.00000 -29432.096
303.50000 -63570.691
305.00000 -89430.000
306.50000 -50187.621
308.00000 5806.9922
309.50000 33580.082
311.00000 41183.219
312.50000 66486.156
314.00000 52555.293
315.50000 64464.180
317.00000 60721.977
318.50000 44381.652
320.00000 18532.555
321.50000 -2817.8728
323.00000 15840.556
324.50000 37560.305
326.00000 73072.250
327.50000 106782.51
329.00000 109860.49
330.50000 116937.09
332.00000 113152.80
333.50000 122729.10
335.00000 108496.13
336.50000 126613.20
338.00000 115944.70
339.50000 107095.75
341.00000 115467.79
342.50000 100385.40
344.00000 110065.71
345.50000 87084.836
347.00000 88288.305
348.50000 77732.875
350.00000 55954.652
351.50000 19457.621
353.00000 40021.184
354.50000 47619.664
356.00000 56105.039
357.50000 52257.801
359.00000 47237.074
360.50000 72815.695
362.00000 105774.01
363.50000 101458.18
365.00000 121019.73
366.50000 131889.42
368.00000 129261.29
369.50000 132303.83
371.00000 123313.64
372.50000 117201.96
374.00000 133957.09
375.50000 122531.76
377.00000 142232.75
378.50000 135413.66
380.00000 129004.30
381.50000 126100.60
383.00000 122045.57
384.50000 129839.38
386.00000 125700.76
387.50000 124425.22
389.00000 136211.55
390.50000 171221.56
392.00000 154952.61
393.50000 153055.70
395.00000 141508.58
396.50000 158899.86
398.00000 144937.33
399.50000 115500.47
401.00000 72112.820
402.50000 24078.848
404.00000 20534.887
405.50000 40879.379
407.00000 64699.227
408.50000 108988.56
410.00000 157769.25
411.50000 184045.56
413.00000 202163.81
414.50000 195344.52
416.00000 192743.11
417.50000 188754.22
419.00000 196299.97
420.50000 142472.17
422.00000 100060.58
423.50000 57359.066
425.00000 49937.438
426.50000 71380.867
428.00000 109807.16
429.50000 147057.16
431.00000 193791.53
432.50000 209852.80
434.00000 219334.91
435.50000 146728.11
437.00000 93447.422
438.50000 82023.273
440.00000 86461.719
441.50000 76115.625
443.00000 59866.621
444.50000 93526.102
446.00000 109219.54
447.50000 149949.20
449.00000 198156.13
450.50000 230839.56
452.00000 275637.78
453.50000 261883.80
455.00000 248998.28
456.50000 225438.94
458.00000 196819.69
459.50000 162140.34
461.00000 126145.19
462.50000 126267.64
464.00000 115173.77
465.50000 116910.73
467.00000 115665.09
468.50000 121669.48
470.00000 155389.06
471.50000 224501.78
473.00000 307619.25
474.50000 344791.81
476.00000 359072.41
477.50000 354802.41
479.00000 333577.03
480.50000 315134.97
482.00000 301326.38
483.50000 284612.78
485.00000 278906.41
486.50000 318381.44
488.00000 364579.59
489.50000 384599.38
491.00000 411596.06
492.50000 438387.56
494.00000 437140.22
495.50000 442981.31
497.00000 437417.78
498.50000 419276.47
500.00000 404365.06
501.50000 405577.72
503.00000 386675.25
504.50000 370390.97
506.00000 332314.94
507.50000 298749.00
509.00000 254748.06
510.50000 209441.72
512.00000 172484.70
513.50000 168801.33
515.00000 170734.08
516.50000 183497.63
518.00000 207470.58
519.50000 231486.88
521.00000 227168.84
522.50000 178684.09
524.00000 211596.47
525.50000 409182.53
527.00000 516296.09
528.50000 621681.31
530.00000 1362990.8
531.50000 1914136.6
533.00000 2718844.8
534.50000 3449695.0
536.00000 4284054.5
537.50000 5210955.5
539.00000 6508304.0
540.50000 9595204.0
542.00000 13665922
543.50000 8531413.0
545.00000 7466403.0
546.50000 7866813.0
548.00000 7786210.0
549.50000 7826640.5
551.00000 8952595.0
552.50000 16936348
554.00000 10664207
555.50000 11212682
557.00000 11627381
558.50000 11921756
560.00000 24203610
561.50000 11079976
563.00000 10479054
564.50000 12270842
566.00000 9421761.0
567.50000 14621205
569.00000 14652817
570.50000 14601093
572.00000 9530846.0
573.50000 9645053.0
575.00000 9415780.0
576.50000 9628598.0
578.00000 9761517.0
579.50000 16635947
581.00000 9577735.0
582.50000 13022146
584.00000 10066156
585.50000 10252995
587.00000 11056274
588.50000 10417327
590.00000 9940906.0
591.50000 10387777
593.00000 9958024.0
594.50000 10155409
596.00000 9692579.0
597.50000 9505076.0
599.00000 9461726.0
600.50000 8925469.0
602.00000 8900753.0
603.50000 8472778.0
605.00000 8511022.0
606.50000 9969048.0
608.00000 8058673.5
609.50000 8916823.0
611.00000 7135624.0
612.50000 8785141.0
614.00000 6726994.0
615.50000 6847042.0
617.00000 6509382.0
618.50000 7411696.5
620.00000 5785596.5
621.50000 6050379.5
623.00000 8787031.0
624.50000 5289055.5
626.00000 9763072.0
627.50000 5112838.5
629.00000 5735617.5
630.50000 4731441.5
632.00000 4415306.5
633.50000 4388960.5
635.00000 6955359.5
636.50000 5983011.5
638.00000 6396474.0
639.50000 3437068.5
641.00000 3907118.0
642.50000 3883163.3
644.00000 3096052.3
645.50000 3468585.8
647.00000 2554391.5
648.50000 2454088.8
650.00000 4415838.5
651.50000 2403557.3
653.00000 2470616.3
654.50000 2196446.3
656.00000 2719726.0
657.50000 2178973.8
659.00000 2243338.5
660.50000 4524489.0
662.00000 1996736.4
663.50000 3536431.8
665.00000 2604336.8
666.50000 2293939.0
668.00000 2810721.5
669.50000 2236383.3
671.00000 2868570.3
672.50000 2740660.0
674.00000 2629114.3
675.50000 2543507.5
677.00000 2477769.5
678.50000 2655431.3
680.00000 2518320.0
681.50000 2573550.3
683.00000 2432643.0
684.50000 2338822.5
686.00000 2315158.5
687.50000 2260049.3
689.00000 2238247.8
690.50000 2237761.8
692.00000 2216696.3
693.50000 2194721.0
695.00000 2180814.5
696.50000 2163774.3
698.00000 2151612.0
699.50000 2140917.8
701.00000 2118269.8
702.50000 2063547.6
704.00000 1983860.0
705.50000 1948086.4
707.00000 1944853.4
708.50000 1970887.6
710.00000 2016303.4
711.50000 2034460.8
713.00000 2051616.6
714.50000 2056145.8
716.00000 2049017.0
717.50000 2025775.3
719.00000 1956861.6
720.50000 1866694.0
722.00000 1790098.5
723.50000 1766241.0
725.00000 1785814.4
726.50000 1824603.4
728.00000 1861415.6
729.50000 1875084.6
731.00000 1832428.4
732.50000 1724375.8
734.00000 1626541.1
735.50000 1579790.6
737.00000 1563944.6
738.50000 1551152.9
740.00000 1535231.8
741.50000 1514508.4
743.00000 1496061.8
744.50000 1479787.6
746.00000 1463512.5
747.50000 1450314.4
749.00000 1445198.1
750.50000 1439624.6
752.00000 1422505.3
753.50000 1391921.5
755.00000 1354506.4
756.50000 1319304.6
758.00000 1283284.6
759.50000 1245587.0
761.00000 1218187.8
762.50000 1195600.8
764.00000 1183456.0
765.50000 1170797.1
767.00000 1149508.0
768.50000 1122326.6
770.00000 1094046.0
771.50000 1070307.9
773.00000 1040838.1
774.50000 1010193.6
776.00000 979552.13
777.50000 941896.00
779.00000 912909.56
780.50000 886416.00
782.00000 860976.63
783.50000 842595.56
785.00000 792751.50
786.50000 751728.88
788.00000 744112.06
789.50000 729258.44
791.00000 688379.38
792.50000 688989.69
794.00000 522338.41
795.50000 692946.88
797.00000 441122.31
798.50000 414953.13
800.00000 379781.78
801.50000 354282.16
803.00000 325244.06
804.50000 304058.63
806.00000 288838.44
807.50000 277878.13
809.00000 271832.38
810.50000 265306.28
812.00000 261235.20
813.50000 240986.91
815.00000 209666.83
816.50000 187341.88
818.00000 167658.66
819.50000 162138.84
821.00000 139122.14
822.50000 134221.97
824.00000 110395.39
825.50000 95225.305
827.00000 75397.195
828.50000 51031.250
830.00000 24088.402
831.50000 -1868.4620
833.00000 -24137.205
834.50000 -43661.879
836.00000 -62470.328
837.50000 -83920.586
839.00000 -97123.570
840.50000 -133763.66
842.00000 -142823.70
843.50000 -173810.16
845.00000 -175811.67
846.50000 -206985.48
848.00000 -209070.73
849.50000 -242872.14
851.00000 -244397.08
852.50000 -278493.19
854.00000 -275251.88
855.50000 -280128.00
857.00000 -285727.22
858.50000 -294215.63
860.00000 -313395.81
861.50000 -320854.16
863.00000 -328247.50
864.50000 -319833.91
866.00000 -338136.53
867.50000 -346307.84
869.00000 -362093.06
870.50000 -374584.03
872.00000 -386719.22
873.50000 -400079.84
875.00000 -413542.75
876.50000 -427319.34
878.00000 -442795.94
879.50000 -459698.03
881.00000 -477325.34
882.50000 -475278.59
884.00000 -511014.94
885.50000 -513587.78
887.00000 -543862.75
888.50000 -577887.69
890.00000 -599027.19
891.50000 -620000.44
893.00000 -639313.88
894.50000 -648773.25
896.00000 -658948.44
897.50000 -673808.19
899.00000 -680530.81
900.50000 -715572.44
902.00000 -723898.06
903.50000 -718796.75
905.00000 -749206.25
906.50000 -801135.19
908.00000 -799959.94
909.50000 -792780.50
911.00000 -800128.81
912.50000 -812525.38
914.00000 -829595.31
915.50000 -856926.13
917.00000 -878821.38
918.50000 -901112.69
920.00000 -883227.38
921.50000 -909289.50
923.00000 -903562.50
924.50000 -1010408.1
926.00000 -994828.13
927.50000 -954073.44
929.00000 -958882.88
930.50000 -974244.88
932.00000 -1050531.9
933.50000 -1050546.1
935.00000 -1011465.9
936.50000 -1024329.6
938.00000 -1005244.0
939.50000 -1098398.9
941.00000 -1079221.6
942.50000 -1038809.4
944.00000 -1025676.2
945.50000 -1017616.8
947.00000 -1045076.4
948.50000 -1029357.4
950.00000 -1006544.6
951.50000 -999795.06
953.00000 -1007611.8
954.50000 -978631.63
956.00000 -987585.25
957.50000 -993502.38
959.00000 -1009501.7
960.50000 -1011245.8
962.00000 -1000000.4
963.50000 -1013946.9
965.00000 -985378.00
966.50000 -1033433.4
968.00000 -1034618.7
969.50000 -1038374.8
971.00000 -1030230.2
972.50000 -994515.00
974.00000 -1001387.1
975.50000 -972484.00
977.00000 -957819.94
978.50000 -954137.56
980.00000 -954378.00
981.50000 -954824.00
983.00000 -966646.69
984.50000 -962782.81
986.00000 -961612.88
987.50000 -958889.19
989.00000 -960478.25
990.50000 -940166.56
992.00000 -936203.44
993.50000 -934810.63
995.00000 -934593.13
996.50000 -903752.31
998.00000 -916755.31
999.50000 -898182.38
1001.0000 -881621.25
1002.5000 -886969.00
1004.0000 -856182.00
1005.5000 -847133.44
1007.0000 -842611.38
1008.5000 -829373.56
1010.0000 -803947.25
1011.5000 -827885.56
1013.0000 -806784.56
1014.5000 -785368.94
1016.0000 -769101.19
1017.5000 -762523.94
1019.0000 -752168.06
1020.5000 -737165.69
1022.0000 -739579.56
1023.5000 -715582.38
1025.0000 -703165.56
1026.5000 -686516.38
1028.0000 -671800.94
1029.5000 -667068.38
1031.0000 -677410.50
1032.5000 -646831.44
1034.0000 -627024.69
1035.5000 -621167.75
1037.0000 -618865.88
1038.5000 -588279.88
1040.0000 -572645.69
1041.5000 -572617.81
1043.0000 -542686.19
1044.5000 -527065.06
1046.0000 -507118.59
1047.5000 -501646.53
1049.0000 -486420.19
1050.5000 -489083.50
1052.0000 -468066.16
1053.5000 -475021.00
1055.0000 -464338.59
1056.5000 -441111.31
1058.0000 -428379.03
1059.5000 -450598.13
1061.0000 -423702.47
1062.5000 -404158.44
1064.0000 -395978.41
1065.5000 -399768.81
1067.0000 -389882.53
1068.5000 -368126.19
1070.0000 -373581.53
1071.5000 -353387.81
1073.0000 -347075.66
1074.5000 -340014.69
1076.0000 -332212.97
1077.5000 -324567.16
1079.0000 -330377.84
1080.5000 -322303.16
1082.0000 -315414.91
1083.5000 -309582.41
1085.0000 -303602.94
1086.5000 -296609.84
1088.0000 -290674.47
1089.5000 -280923.97
1091.0000 -270320.00
1092.5000 -258838.16
1094.0000 -267715.25
1095.5000 -257664.31
1097.0000 -254974.41
1098.5000 -248891.02
1100.0000 -235073.81
1101.5000 -240182.14
1103.0000 -222103.48
1104.5000 -217461.66
1106.0000 -211109.05
1107.5000 -216705.50
1109.0000 -200316.38
1110.5000 -207592.16
1112.0000 -201518.63
1113.5000 -184592.45
1115.0000 -179086.47
1116.5000 -176363.38
1118.0000 -173975.84
1119.5000 -180522.59
1121.0000 -178158.42
1122.5000 -164685.58
1124.0000 -162540.20
1125.5000 -169172.11
1127.0000 -166023.09
1128.5000 -164909.45
1130.0000 -151852.59
1131.5000 -159168.44
1133.0000 -155920.88
1134.5000 -142030.70
1136.0000 -140055.34
1137.5000 -135432.56
1139.0000 -145391.25
1140.5000 -140690.69
1142.0000 -138664.59
1143.5000 -125769.10
1145.0000 -118693.97
1146.5000 -131012.51
1148.0000 -128625.47
1149.5000 -131323.19
1151.0000 -132361.97
1152.5000 -131169.42
1154.0000 -115233.27
1155.5000 -107024.94
1157.0000 -115751.77
1158.5000 -118836.74
1160.0000 -115175.08
1161.5000 -131378.92
1163.0000 -159350.94
1164.5000 -163801.20
1166.0000 -192190.83
1167.5000 -216693.55
1169.0000 -246751.03
1170.5000 -285423.94
1172.0000 -313694.03
1173.5000 -405625.72
1175.0000 -443282.69
1176.5000 -465450.81
1178.0000 -475112.34
1179.5000 -494854.69
1181.0000 -527598.63
1182.5000 -566074.88
1184.0000 -597406.00
1185.5000 -622105.19
1187.0000 -654898.00
1188.5000 -778271.25
1190.0000 -1106060.9
1191.5000 -912183.06
1193.0000 -748596.00
1194.5000 -641508.75
1196.0000 -572650.06
1197.5000 -551670.13
1199.0000 -576893.31
1200.5000 -613272.19
1202.0000 -623483.69
1203.5000 -633988.56
1205.0000 -656442.44
1206.5000 -677920.56
1208.0000 -692230.06
1209.5000 -709414.31
1211.0000 -714001.00
1212.5000 -690415.63
1214.0000 -626281.94
1215.5000 -590236.81
1217.0000 -554228.94
1218.5000 -518136.44
1220.0000 -535184.00
1221.5000 -551785.75
1223.0000 -543989.44
1224.5000 -533705.38
1226.0000 -521467.75
1227.5000 -494548.91
1229.0000 -453087.94
1230.5000 -395184.44
1232.0000 -362647.22
1233.5000 -370113.91
1235.0000 -322317.22
1236.5000 -351583.13
1238.0000 -326771.41
1239.5000 -296290.75
1241.0000 -337970.91
1242.5000 -333489.84
1244.0000 -291093.84
1245.5000 -273942.81
1247.0000 -278495.25
1248.5000 -292012.28
1250.0000 -274288.81
1251.5000 -254100.95
1253.0000 -277899.13
1254.5000 -322183.25
1256.0000 -299805.63
1257.5000 -292920.78
1259.0000 -324994.59
1260.5000 -343256.00
1262.0000 -358882.22
1263.5000 -348536.31
1265.0000 -344844.84
1266.5000 -302788.13
1268.0000 -232506.14
1269.5000 -261837.73
1271.0000 -294301.59
1272.5000 -302740.38
1274.0000 -329957.25
1275.5000 -309557.06
1277.0000 -303775.19
1278.5000 -313366.78
1280.0000 -304686.66
1281.5000 -269760.16
1283.0000 -247304.06
1284.5000 -256728.61
1286.0000 -271345.84
1287.5000 -292097.16
1289.0000 -296844.16
1290.5000 -351370.50
1292.0000 -547296.13
1293.5000 -612077.44
1295.0000 -699970.31
1296.5000 -697137.25
1298.0000 -703712.44
1299.5000 -688626.56
1301.0000 -690103.94
1302.5000 -639137.25
1304.0000 -485060.09
1305.5000 -372073.38
1307.0000 -356306.06
1308.5000 -392256.19
1310.0000 -376946.31
1311.5000 -378752.16
1313.0000 -398908.75
1314.5000 -520991.09
1316.0000 -576284.56
1317.5000 -437882.34
1319.0000 -364167.50
1320.5000 -335267.78
1322.0000 -346317.13
1323.5000 -363096.19
1325.0000 -357376.34
1326.5000 -360104.97
1328.0000 -355669.72
1329.5000 -355490.03
1331.0000 -353202.03
1332.5000 -340108.59
1334.0000 -350273.72
1335.5000 -351893.50
1337.0000 -362902.66
1338.5000 -367001.47
1340.0000 -359629.50
1341.5000 -358047.66
1343.0000 -373340.81
1344.5000 -468510.75
1346.0000 -450674.38
1347.5000 -433466.28
1349.0000 -413163.34
1350.5000 -395888.34
1352.0000 -390005.84
1353.5000 -371944.22
1355.0000 -373858.09
1356.5000 -376831.91
1358.0000 -392799.16
1359.5000 -399871.09
1361.0000 -394420.56
1362.5000 -431951.63
1364.0000 -399185.19
1365.5000 -399318.03
1367.0000 -441942.63
1368.5000 -441952.72
1370.0000 -439696.91
1371.5000 -431076.22
1373.0000 -449665.06
1374.5000 -1158029.5
1376.0000 -741328.63
1377.5000 -496768.81
1379.0000 -483761.75
1380.5000 -543140.00
1382.0000 -499565.22
1383.5000 -466763.78
1385.0000 -472104.22
1386.5000 -603944.06
1388.0000 -617414.25
1389.5000 -541136.56
1391.0000 -507959.28
1392.5000 -481464.19
1394.0000 -481775.25
1395.5000 -495203.97
1397.0000 -407069.28
1398.5000 -568076.94
1400.0000 -468484.16
1401.5000 -351231.41
1403.0000 -504594.72
1404.5000 -334064.34
1406.0000 -475609.13
1407.5000 -326046.94
1409.0000 -372712.09
1410.5000 -568610.13
1412.0000 -560816.38
1413.5000 -564509.19
1415.0000 -610634.19
1416.5000 -627197.56
1418.0000 -305094.59
1419.5000 -694371.88
1421.0000 -556607.63
1422.5000 -598374.75
1424.0000 -599774.13
1425.5000 -738631.69
1427.0000 -733515.50
1428.5000 -621855.25
1430.0000 -653658.56
1431.5000 -639741.38
1433.0000 -757482.63
1434.5000 -489308.53
1436.0000 -498415.00
1437.5000 -622012.75
1439.0000 -538878.31
1440.5000 -433829.25
1442.0000 -408874.78
1443.5000 -621425.25
1445.0000 -516613.53
1446.5000 -456734.91
1448.0000 -511865.09
1449.5000 -534615.25
1451.0000 -767269.94
1452.5000 -857045.50
1454.0000 -777597.81
1455.5000 -863932.88
1457.0000 -908968.69
1458.5000 -938591.75
1460.0000 -793859.81
1461.5000 -1010298.7
1463.0000 -1124253.1
1464.5000 -938708.88
1466.0000 -981397.63
1467.5000 -1022235.4
1469.0000 -875292.81
1470.5000 -889020.38
1472.0000 -885536.75
1473.5000 -955785.06
1475.0000 -1073602.9
1476.5000 -1059747.0
1478.0000 -917521.50
1479.5000 -663929.69
1481.0000 -485557.88
1482.5000 -422208.44
1484.0000 -466996.19
1485.5000 -479439.41
1487.0000 -494463.34
1488.5000 -480032.81
1490.0000 -469169.47
1491.5000 -477571.66
1493.0000 -498848.69
1494.5000 -497127.34
1496.0000 -491976.50
1497.5000 -488457.22
1499.0000 -485935.41
1500.5000 -481288.94
1502.0000 -476775.00
1503.5000 -479883.78
1505.0000 -465667.50
1506.5000 -429334.56
1508.0000 -462682.91
1509.5000 -464780.88
1511.0000 -458558.66
1512.5000 -457809.75
1514.0000 -464856.00
1515.5000 -448467.88
1517.0000 -414514.31
1518.5000 -429480.72
1520.0000 -432501.16
1521.5000 -408433.22
1523.0000 -431993.59
1524.5000 -435888.88
1526.0000 -439374.25
1527.5000 -436583.22
1529.0000 -408592.94
1530.5000 -404001.91
1532.0000 -410095.09
1533.5000 -393828.53
1535.0000 -368347.69
1536.5000 -379435.19
1538.0000 -381529.00
1539.5000 -421783.50
1541.0000 -448529.91
1542.5000 -458119.25
1544.0000 -459518.25
1545.5000 -456140.31
1547.0000 -434280.56
1548.5000 -432615.28
1550.0000 -399158.31
1551.5000 -408837.38
1553.0000 -412174.69
1554.5000 -372772.31
1556.0000 -379896.88
1557.5000 -387062.00
1559.0000 -398736.13
1560.5000 -395999.41
1562.0000 -401982.72
1563.5000 -383450.34
1565.0000 -372090.94
1566.5000 -385709.19
1568.0000 -362950.69
1569.5000 -358787.34
1571.0000 -393034.84
1572.5000 -377778.28
1574.0000 -359806.34
1575.5000 -396867.13
1577.0000 -379164.50
1578.5000 -340654.19
1580.0000 -383718.97
1581.5000 -366310.09
1583.0000 -330712.69
1584.5000 -399498.13
1586.0000 -384943.03
1587.5000 -369418.84
1589.0000 -340466.91
1590.5000 -377064.16
1592.0000 -356659.69
1593.5000 -324794.13
1595.0000 -368828.94
1596.5000 -365899.41
1598.0000 -332653.13
1599.5000 -390249.75
1601.0000 -365220.06
1602.5000 -329464.91
1604.0000 -366720.47
1605.5000 -347217.66
1607.0000 -331056.59
1608.5000 -364460.94
1610.0000 -356169.28
1611.5000 -339981.38
1613.0000 -364031.28
1614.5000 -338807.91
1616.0000 -319954.88
1617.5000 -342400.09
1619.0000 -334816.72
1620.5000 -313252.09
1622.0000 -355831.19
1623.5000 -341142.41
1625.0000 -305543.03
1626.5000 -355052.72
1628.0000 -332120.75
1629.5000 -317533.75
1631.0000 -307124.28
1632.5000 -326667.44
1634.0000 -312419.88
1635.5000 -347197.97
1637.0000 -332280.91
1638.5000 -310866.78
1640.0000 -312263.22
1641.5000 -324093.63
1643.0000 -315266.13
1644.5000 -290947.06
1646.0000 -325255.88
1647.5000 -319595.91
1649.0000 -292178.81
1650.5000 -327273.09
1652.0000 -283891.34
1653.5000 -297453.19
1655.0000 -299294.13
1656.5000 -296709.66
1658.0000 -296463.47
1659.5000 -295586.41
1661.0000 -293788.75
1662.5000 -292504.84
1664.0000 -279950.44
1665.5000 -312170.97
1667.0000 -293346.41
1668.5000 -264904.53
1670.0000 -272935.88
1671.5000 -289924.28
1673.0000 -298094.28
1674.5000 -276195.75
1676.0000 -281260.44
1677.5000 -295908.16
1679.0000 -281027.00
1680.5000 -263463.25
1682.0000 -273403.38
1683.5000 -257380.11
1685.0000 -267753.19
1686.5000 -266325.16
1688.0000 -264093.81
1689.5000 -246511.28
1691.0000 -275796.13
1692.5000 -263529.00
1694.0000 -228411.39
1695.5000 -241449.22
1697.0000 -272985.41
1698.5000 -287400.03
1700.0000 -250199.20
1701.5000 -251113.66
1703.0000 -251144.47
1704.5000 -250315.88
1706.0000 -263521.00
1707.5000 -268154.22
1709.0000 -274765.66
1710.5000 -281867.16
1712.0000 -281015.97
1713.5000 -276672.19
1715.0000 -276869.06
1716.5000 -270596.75
1718.0000 -265079.41
1719.5000 -267420.78
1721.0000 -268197.56
1722.5000 -270770.03
1724.0000 -276308.19
1725.5000 -272230.69
1727.0000 -269668.19
1728.5000 -266101.84
1730.0000 -242708.95
1731.5000 -258885.00
1733.0000 -256801.30
1734.5000 -258184.36
1736.0000 -257799.19
1737.5000 -256287.23
1739.0000 -254170.36
1740.5000 -252346.13
1742.0000 -244160.47
1743.5000 -238859.41
1745.0000 -236453.98
1746.5000 -215299.39
1748.0000 -197042.78
1749.5000 -210571.64
1751.0000 -205516.55
1752.5000 -205150.14
1754.0000 -203077.61
1755.5000 -196706.80
1757.0000 -194585.38
1758.5000 -190041.09
1760.0000 -187760.63
1761.5000 -186064.59
1763.0000 -181574.11
1764.5000 -180273.64
1766.0000 -176881.72
1767.5000 -186648.06
1769.0000 -171611.59
1770.5000 -169324.48
1772.0000 -166525.55
1773.5000 -177716.03
1775.0000 -161488.05
1776.5000 -177549.92
1778.0000 -174997.45
1779.5000 -170010.03
1781.0000 -170453.06
1782.5000 -194116.05
1784.0000 -189091.50
1785.5000 -151149.34
1787.0000 -153994.92
1788.5000 -151604.81
1790.0000 -160353.45
1791.5000 -156425.23
1793.0000 -157060.27
1794.5000 -180504.36
1796.0000 -178035.22
1797.5000 -153008.25
1799.0000 -147441.48
1800.5000 -144703.52
1802.0000 -145281.75
1803.5000 -169840.67
1805.0000 -149249.61
1806.5000 -144086.73
1808.0000 -145345.36
1809.5000 -165327.98
1811.0000 -140630.41
1812.5000 -145414.02
1814.0000 -140084.61
1815.5000 -163911.91
1817.0000 -140909.16
1818.5000 -140345.75
1820.0000 -143052.75
1821.5000 -135235.09
1823.0000 -156479.50
1824.5000 -134827.61
1826.0000 -131116.14
1827.5000 -132894.56
1829.0000 -129302.09
1830.5000 -133899.98
1832.0000 -146083.20
1833.5000 -127749.67
1835.0000 -124243.57
1836.5000 -133824.70
1838.0000 -137448.73
1839.5000 -110879.70
1841.0000 -130030.37
1842.5000 -152052.41
1844.0000 -108558.46
1845.5000 -119053.33
1847.0000 -118163.57
1848.5000 -121279.56
1850.0000 -135301.42
1851.5000 -135130.52
1853.0000 -103770.49
1854.5000 -121919.95
1856.0000 -114088.38
1857.5000 -112738.14
1859.0000 -113955.16
1860.5000 -116805.09
1862.0000 -131204.70
1863.5000 -104836.91
1865.0000 -117706.73
1866.5000 -115826.33
1868.0000 -105540.13
1869.5000 -124186.23
1871.0000 -120271.93
1872.5000 -122728.78
1874.0000 -113111.63
1875.5000 -120380.32
1877.0000 67779.141
1878.5000 -127665.74
1880.0000 -111955.88
1881.5000 -100733.34
1883.0000 -121174.86
1884.5000 -101294.98
1886.0000 -119579.55
1887.5000 -104256.02
1889.0000 -109971.55
1890.5000 -118764.26
1892.0000 -98363.305
1893.5000 -83423.359
1895.0000 -92828.508
1896.5000 -105028.55
1898.0000 -83901.742
1899.5000 -97502.469
1901.0000 -98760.711
1902.5000 -102903.39
1904.0000 -111630.37
1905.5000 -104493.21
1907.0000 -104922.31
1908.5000 -101740.37
1910.0000 -104977.26
1911.5000 -93052.125
1913.0000 -91979.375
1914.5000 -108923.27
1916.0000 -80406.578
1917.5000 -92873.680
1919.0000 -85198.195
1920.5000 -82903.695
1922.0000 -88168.508
1923.5000 -87949.914
1925.0000 -87503.016
1926.5000 -86630.047
1928.0000 -84561.117
1929.5000 -83585.961
1931.0000 -82588.000
1932.5000 -80091.773
1934.0000 -76621.797
1935.5000 -77391.773
1937.0000 -77025.422
1938.5000 -59771.195
1940.0000 -89124.688
1941.5000 -53151.242
1943.0000 -58261.840
1944.5000 -56909.121
1946.0000 -83582.000
1947.5000 -74299.359
1949.0000 -56262.031
1950.5000 -38772.066
1952.0000 -49454.871
1953.5000 -48606.352
1955.0000 -49817.746
1956.5000 -48053.813
1958.0000 -45375.090
1959.5000 -75294.430
1961.0000 -65755.789
1962.5000 -47441.871
1964.0000 -49735.918
1965.5000 -54333.027
1967.0000 -54650.637
1968.5000 -55484.070
1970.0000 -44300.633
1971.5000 -65702.305
1973.0000 -43536.168
1974.5000 -45159.199
1976.0000 -47477.336
1977.5000 -64476.148
1979.0000 -44686.363
1980.5000 -46775.508
1982.0000 -56275.215
1983.5000 -41786.918
1985.0000 -49039.031
1986.5000 -31726.844
1988.0000 -30526.100
1989.5000 -31957.268
1991.0000 -42836.012
1992.5000 -43262.738
1994.0000 -43260.770
1995.5000 -39143.414
1997.0000 -39590.523
1998.5000 -58405.379
2000.0000 -52822.430
2001.5000 -30961.758
2003.0000 -38822.973
2004.5000 -38765.418
2006.0000 -49184.914
2007.5000 -46858.891
2009.0000 -29854.299
2010.5000 -32299.002
2012.0000 -48683.113
2013.5000 -32895.852
2015.0000 -35019.609
2016.5000 -27772.244
2018.0000 -33462.094
2019.5000 -23067.623
2021.0000 -44895.477
2022.5000 -40049.711
2024.0000 -24200.457
2025.5000 -41916.109
2027.0000 -24182.891
2028.5000 -27283.057
2030.0000 -28272.934
2031.5000 -35483.777
2033.0000 -34849.965
2034.5000 -23854.594
2036.0000 -41497.770
2037.5000 -24983.041
2039.0000 -26616.449
2040.5000 -25148.953
2042.0000 -26467.475
2043.5000 -28585.611
2045.0000 -24022.633
2046.5000 -8172.6963
2048.0000 -15626.159
2049.5000 -12836.635
2051.0000 -14694.477
2052.5000 -15725.034
2054.0000 -15520.748
2055.5000 -14487.291
2057.0000 -9696.3818
2058.5000 -13644.532
2060.0000 -38477.133
2061.5000 -24540.295
2063.0000 -17821.404
2064.5000 -19653.100
2066.0000 -14649.458
2067.5000 -18572.578
2069.0000 -21610.988
2070.5000 -7758.8857
2072.0000 -26806.514
2073.5000 -24790.313
2075.0000 -15737.564
2076.5000 -16925.684
2078.0000 -25273.330
2079.5000 -10738.163
2081.0000 -6016.2935
2082.5000 -2926.6526
2084.0000 -9858.9697
2085.5000 -10727.788
2087.0000 -5503.1895
2088.5000 -2353.9944
2090.0000 -3919.2959
2091.5000 -20245.105
2093.0000 -3370.6399
2094.5000 -17883.738
2096.0000 -5453.9160
2097.5000 -19193.705
2099.0000 -4815.4521
2100.5000 -19681.256
2102.0000 -5703.2588
2103.5000 -19191.408
2105.0000 465.59506
2106.5000 -1022.6349
2108.0000 -9748.4443
2109.5000 -12469.070
2111.0000 -3220.6482
2112.5000 -23825.201
2114.0000 -23114.504
2115.5000 -14395.306
2117.0000 -16286.498
2118.5000 -7924.6172
2120.0000 16833.891
2121.5000 165.44417
2123.0000 -7156.5977
2124.5000 -1167.9377
2126.0000 -13187.181
2127.5000 -15462.009
2129.0000 9340.6777
2130.5000 3998.4849
2132.0000 13392.064
2133.5000 22986.885
2135.0000 -18355.139
2136.5000 8120.2300
2138.0000 6913.2236
2139.5000 -11955.404
2141.0000 10069.244
2142.5000 8079.5566
2144.0000 5075.4741
2145.5000 1646.9885
2147.0000 19963.615
2148.5000 -2609.2671
2150.0000 13658.637
2151.5000 7140.4927
2153.0000 4482.7046
2154.5000 7945.9399
2156.0000 12597.069
2157.5000 13899.244
2159.0000 10377.505
2160.5000 14398.871
2162.0000 13104.444
2163.5000 -967.27197
2165.0000 20077.768
2166.5000 16801.170
2168.0000 17380.641
2169.5000 4699.5234
2171.0000 14963.417
2172.5000 6171.6855
2174.0000 15552.941
2175.5000 8326.0186
2177.0000 8353.6387
2178.5000 24156.977
2180.0000 21261.859
2181.5000 21639.570
2183.0000 15446.485
2184.5000 11395.949
2186.0000 15050.276
2187.5000 17853.219
2189.0000 15493.956
2190.5000 17518.748
2192.0000 9282.1914
2193.5000 17478.135
2195.0000 15046.558
2196.5000 26148.340
2198.0000 10749.058
2199.5000 18613.660
2201.0000 23700.318
2202.5000 16599.605
2204.0000 7116.1475
2205.5000 15705.190
2207.0000 15625.196
2208.5000 18864.154
2210.0000 10557.370
2211.5000 22381.305
2213.0000 25542.396
2214.5000 20270.750
2216.0000 12982.489
2217.5000 20475.166
2219.0000 27477.262
2220.5000 15369.334
2222.0000 32052.912
2223.5000 37975.230
2225.0000 18038.400
2226.5000 29137.082
2228.0000 17438.283
2229.5000 34688.824
2231.0000 21629.084
2232.5000 23862.949
2234.0000 35288.035
2235.5000 45998.719
2237.0000 15534.894
2238.5000 -9863.4443
2240.0000 11958.754
2241.5000 -5703.5254
2243.0000 -48596.500
2244.5000 -90368.094
2246.0000 -81582.383
2247.5000 -153327.64
2249.0000 -271995.25
2250.5000 -240562.47
2252.0000 -256940.89
2253.5000 -767951.00
2255.0000 -970731.44
2256.5000 -2620714.8
2258.0000 -1994211.5
2259.5000 -2162536.3
2261.0000 -5524143.0
2262.5000 -2189480.0
2264.0000 -1960396.5
2265.5000 -1961497.0
2267.0000 -1681774.1
2268.5000 -1306274.8
2270.0000 -775950.63
2271.5000 -568352.19
2273.0000 -513936.31
2274.5000 -436617.50
2276.0000 -352544.97
2277.5000 -341408.84
2279.0000 -319694.78
2280.5000 -286812.72
2282.0000 -276575.34
2283.5000 -268097.53
2285.0000 -257235.19
2286.5000 -249800.22
2288.0000 -245598.73
2289.5000 -240989.52
2291.0000 -235754.88
2292.5000 -232726.34
2294.0000 -229493.11
2295.5000 -225800.55
2297.0000 -223328.73
2298.5000 -220633.50
2300.0000 -217927.67
2301.5000 -215353.80
2303.0000 -212119.31
2304.5000 -209117.89
2306.0000 -204899.70
2307.5000 -200445.83
2309.0000 -195313.67
2310.5000 -191089.31
2312.0000 -186492.48
2313.5000 -180639.86
2315.0000 -175669.38
2316.5000 -172720.25
2318.0000 -169934.84
2319.5000 -170424.42
2321.0000 -169232.41
2322.5000 -169856.72
2324.0000 -167900.52
2325.5000 -166890.75
2327.0000 -166501.56
2328.5000 -166401.72
2330.0000 -166173.83
2331.5000 -165787.36
2333.0000 -164684.05
2334.5000 -163976.36
2336.0000 -161403.48
2337.5000 -159795.38
2339.0000 -160411.98
2340.5000 -160272.52
2342.0000 -158786.94
2343.5000 -156144.23
2345.0000 -156111.72
2346.5000 -155778.27
2348.0000 -155248.22
2349.5000 -153871.09
2351.0000 -153864.64
2352.5000 -147926.39
2354.0000 -152173.64
2355.5000 -153726.92
2357.0000 -146559.61
2358.5000 -147028.17
2360.0000 -147568.38
2361.5000 -146224.27
2363.0000 -144130.64
2364.5000 -145644.64
2366.0000 -140097.77
2367.5000 -136473.66
2369.0000 -137107.66
2370.5000 -138698.56
2372.0000 -137677.30
2373.5000 -131605.48
2375.0000 -131718.00
2376.5000 -129506.70
2378.0000 -136728.45
2379.5000 -136511.67
2381.0000 -136996.84
2382.5000 -136955.55
2384.0000 -136193.72
2385.5000 -130598.14
2387.0000 -132833.16
2388.5000 -141813.52
2390.0000 -147758.77
2391.5000 -146624.69
2393.0000 -158159.42
2394.5000 -156275.02
2396.0000 -140997.38
2397.5000 -163947.59
2399.0000 -171373.41
2400.5000 -166102.08
2402.0000 -154520.69
2403.5000 -165070.44
2405.0000 -159756.73
2406.5000 -165909.06
2408.0000 -164564.50
2409.5000 -165272.42
2411.0000 -168329.88
2412.5000 -173684.17
2414.0000 -179079.91
2415.5000 -176982.81
2417.0000 -174213.70
2418.5000 -172934.23
2420.0000 -171727.56
2421.5000 -169712.98
2423.0000 -167156.42
2424.5000 -158346.75
2426.0000 -156968.36
2427.5000 -157561.97
2429.0000 -152238.03
2430.5000 -150698.98
2432.0000 -148492.56
2433.5000 -149062.64
2435.0000 -155430.30
2436.5000 -138813.36
2438.0000 -147693.61
2439.5000 -147078.06
2441.0000 -142737.11
2442.5000 -142383.31
2444.0000 -145930.03
2445.5000 -148480.16
2447.0000 -148953.06
2448.5000 -147447.39
2450.0000 -146560.27
2451.5000 -143899.78
2453.0000 -143037.73
2454.5000 -138975.53
2456.0000 -145340.97
2457.5000 -140101.27
2459.0000 -151594.91
2460.5000 -150733.72
2462.0000 -145752.22
2463.5000 -153025.14
2465.0000 -142614.86
2466.5000 -144459.98
2468.0000 -142449.77
2469.5000 -139715.39
2471.0000 -148544.44
2472.5000 -132104.03
2474.0000 -141086.72
2475.5000 -141399.72
2477.0000 -143323.23
2478.5000 -150252.98
2480.0000 -140437.98
2481.5000 -135918.77
2483.0000 -133956.95
2484.5000 -133372.02
2486.0000 -133739.69
2487.5000 -128773.34
2489.0000 -126847.48
2490.5000 -125788.44
2492.0000 -125512.95
2493.5000 -124355.96
2495.0000 -123269.73
2496.5000 -122933.56
2498.0000 -121663.77
2499.5000 -118511.59
2501.0000 -115553.76
2502.5000 -112455.77
2504.0000 -107106.57
2505.5000 -102237.01
2507.0000 -100821.36
2508.5000 -96131.141
2510.0000 -85308.508
2511.5000 -77821.633
2513.0000 -67675.422
2514.5000 -58482.492
2516.0000 -62929.203
2517.5000 -65585.813
2519.0000 -37187.070
2520.5000 -38571.273
2522.0000 -46875.895
2523.5000 -40225.594
2525.0000 -53154.750
2526.5000 -57081.758
2528.0000 -69636.641
2529.5000 -71658.477
2531.0000 -70829.164
2532.5000 -75077.383
2534.0000 -72561.281
2535.5000 -71954.367
2537.0000 -60386.020
2538.5000 -72338.000
2540.0000 -65385.219
2541.5000 -74068.672
2543.0000 -75173.781
2544.5000 -66343.656
2546.0000 -71529.805
2547.5000 -70670.242
2549.0000 -71516.398
2550.5000 -77597.492
2552.0000 -77043.234
2553.5000 -66742.977
2555.0000 -66588.406
2556.5000 -66368.508
2558.0000 -66306.680
2559.5000 -68127.875
2561.0000 -73693.648
2562.5000 -79220.039
2564.0000 -85232.508
2565.5000 -89118.273
2567.0000 -91033.195
2568.5000 -91990.484
2570.0000 -92693.031
2571.5000 -89499.125
2573.0000 -96471.938
2574.5000 -103124.26
2576.0000 -97370.625
2577.5000 -99013.766
2579.0000 -97247.992
2580.5000 -94671.289
2582.0000 -88093.000
2583.5000 -96307.242
2585.0000 -85470.477
2586.5000 -84041.484
2588.0000 -80541.461
2589.5000 -89502.773
2591.0000 -97722.688
2592.5000 -86763.086
2594.0000 -86806.680
2595.5000 -85691.711
2597.0000 -79704.891
2598.5000 -84032.352
2600.0000 -88000.555
2601.5000 -70485.102
2603.0000 -76493.617
2604.5000 -82736.828
2606.0000 -79557.664
2607.5000 -79038.891
2609.0000 -92892.977
2610.5000 -85246.430
2612.0000 -82902.313
2613.5000 -78849.328
2615.0000 -74787.719
2616.5000 -71535.883
2618.0000 -69710.234
2619.5000 -70946.031
2621.0000 -74522.117
2622.5000 -72346.336
2624.0000 -77216.195
2625.5000 -76930.148
2627.0000 -75490.242
2628.5000 -70938.898
2630.0000 -69483.797
2631.5000 -62182.461
2633.0000 -70324.000
2634.5000 -66984.844
2636.0000 -79086.148
2637.5000 -74750.539
2639.0000 -74241.500
2640.5000 -72210.438
2642.0000 -77315.570
2643.5000 -65723.000
2645.0000 -63730.262
2646.5000 -61257.551
2648.0000 -61981.172
2649.5000 -65079.121
2651.0000 -74894.930
2652.5000 -77168.695
2654.0000 -77278.383
2655.5000 -76764.375
2657.0000 -69814.258
2658.5000 -74392.313
2660.0000 -69299.047
2661.5000 -62872.281
2663.0000 -69732.766
2664.5000 -81429.203
2666.0000 -87559.281
2667.5000 -86557.680
2669.0000 -76275.336
2670.5000 -78886.563
2672.0000 -75428.273
2673.5000 -62150.727
2675.0000 -71047.523
2676.5000 -75564.344
2678.0000 -80615.563
2679.5000 -90500.945
2681.0000 -72451.109
2682.5000 -74762.844
2684.0000 -78287.641
2685.5000 -73361.695
2687.0000 -76485.133
2688.5000 -79234.695
2690.0000 -83170.156
2691.5000 -89581.336
2693.0000 -86186.531
2694.5000 -75788.172
2696.0000 -77701.672
2697.5000 -81921.578
2699.0000 -94306.117
2700.5000 -113402.72
2702.0000 -150715.56
2703.5000 -175243.55
2705.0000 -192116.02
2706.5000 -218696.30
2708.0000 -267900.53
2709.5000 -339738.00
2711.0000 -409226.31
2712.5000 -511043.56
2714.0000 -595264.06
2715.5000 -646314.50
2717.0000 -804270.69
2718.5000 -969322.94
2720.0000 -1206773.6
2721.5000 -1241822.9
2723.0000 -1174924.9
2724.5000 -1103485.6
2726.0000 -995312.19
2727.5000 -1018644.6
2729.0000 -1019369.0
2730.5000 -910190.88
2732.0000 -755782.00
2733.5000 -562936.63
2735.0000 -691815.81
2736.5000 -542650.50
2738.0000 -672997.56
2739.5000 -1303413.9
2741.0000 -1801818.0
2742.5000 -2044718.4
2744.0000 -3063139.5
2745.5000 -2213028.0
2747.0000 -1161009.0
2748.5000 -894240.56
2750.0000 -956195.88
2751.5000 -1870951.4
2753.0000 -1631219.0
2754.5000 -1228931.8
2756.0000 -1177135.5
2757.5000 -1197629.6
2759.0000 -1260497.4
2760.5000 -1333152.5
2762.0000 -1331161.3
2763.5000 -915366.56
2765.0000 -1063962.9
2766.5000 -1258231.3
2768.0000 -1348607.3
2769.5000 -1313431.1
2771.0000 -1286643.5
2772.5000 -1339008.4
2774.0000 -1373161.1
2775.5000 -1414227.0
2777.0000 -1394934.4
2778.5000 -1380909.4
2780.0000 -1388211.9
2781.5000 -1405642.3
2783.0000 -1394515.0
2784.5000 -1366954.3
2786.0000 -1241038.3
2787.5000 -1169751.3
2789.0000 -1136009.3
2790.5000 -1132745.8
2792.0000 -1161648.1
2793.5000 -1144735.3
2795.0000 -1079725.3
2796.5000 -1045184.9
2798.0000 -986482.19
2799.5000 -936531.75
2801.0000 -891903.38
2802.5000 -861358.06
2804.0000 -807450.44
2805.5000 -769134.50
2807.0000 -752395.38
2808.5000 -716944.75
2810.0000 -640915.38
2811.5000 -575714.81
2813.0000 -380871.09
2814.5000 -504835.38
2816.0000 -452512.75
2817.5000 -415524.31
2819.0000 -390041.28
2820.5000 -374508.94
2822.0000 -379854.47
2823.5000 -372068.94
2825.0000 -398448.31
2826.5000 -448262.22
2828.0000 -458585.28
2829.5000 -429191.97
2831.0000 -356263.91
2832.5000 -398788.00
2834.0000 -396069.44
2835.5000 -266425.41
2837.0000 -288165.69
2838.5000 -324760.56
2840.0000 -335308.47
2841.5000 -343909.84
2843.0000 -344595.13
2844.5000 -362917.59
2846.0000 -359806.66
2847.5000 -309791.31
2849.0000 -322451.13
2850.5000 -290972.34
2852.0000 -277224.25
2853.5000 -245344.47
2855.0000 -247537.69
2856.5000 -234678.17
2858.0000 -273065.72
2859.5000 -278957.13
2861.0000 -284889.56
2862.5000 -324341.41
2864.0000 -326795.56
2865.5000 -329928.47
2867.0000 -331220.53
2868.5000 -341114.66
2870.0000 -341679.31
2871.5000 -312992.22
2873.0000 -332889.31
2874.5000 -322236.75
2876.0000 -314467.31
2877.5000 -310506.00
2879.0000 -344427.03
2880.5000 -364076.75
2882.0000 -316914.97
2883.5000 -317797.75
2885.0000 -334163.16
2886.5000 -322913.53
2888.0000 -236054.86
2889.5000 -259989.38
2891.0000 -261252.48
2892.5000 -286282.00
2894.0000 -298304.28
2895.5000 -285254.03
2897.0000 -318049.31
2898.5000 -328047.41
2900.0000 -313651.16
2901.5000 -302057.66
2903.0000 -284715.81
2904.5000 -263103.69
2906.0000 -254838.55
2907.5000 -260166.19
2909.0000 -254693.95
2910.5000 -271346.09
2912.0000 -275611.63
2913.5000 -285615.53
2915.0000 -285619.06
2916.5000 -306096.53
2918.0000 -306715.75
2919.5000 -111881.27
2921.0000 -288186.31
2922.5000 -264548.09
2924.0000 -262087.02
2925.5000 -257268.61
2927.0000 -257581.19
2928.5000 -273318.72
2930.0000 -281403.63
2931.5000 -260737.19
2933.0000 -314289.81
2934.5000 -306959.19
2936.0000 -316377.31
2937.5000 -297649.72
2939.0000 -275754.34
2940.5000 -264761.31
2942.0000 -257325.61
2943.5000 -251877.44
2945.0000 -279548.66
2946.5000 -293203.50
2948.0000 -56989.008
2949.5000 -313658.31
2951.0000 -305505.13
2952.5000 -310647.72
2954.0000 -286558.19
2955.5000 -281938.56
2957.0000 -265798.25
2958.5000 -250824.66
2960.0000 -253412.36
2961.5000 -251381.78
2963.0000 -256387.73
2964.5000 -245494.59
2966.0000 -235293.80
2967.5000 -219875.16
2969.0000 -222067.34
2970.5000 -221429.25
2972.0000 -208166.30
2973.5000 -197873.86
2975.0000 -196897.13
2976.5000 -182501.06
2978.0000 -171548.06
2979.5000 -168414.36
2981.0000 -169753.05
2982.5000 -168239.95
2984.0000 -216602.81
2985.5000 -276702.16
2987.0000 -279190.63
2988.5000 -243491.80
2990.0000 -260200.22
2991.5000 -248981.06
2993.0000 38702.703
2994.5000 -231237.77
2996.0000 -241820.78
2997.5000 -237377.80
2999.0000 -245573.92
3000.0000 -259799.00
3001.5000 -267541.81
3003.0000 -328933.44
3004.5000 -370805.25
3006.0000 -392323.31
3007.5000 -343575.63
3009.0000 -312331.72
3010.5000 -292743.00
3012.0000 -268985.22
3013.5000 -300362.38
3015.0000 -458975.63
3016.5000 -328419.94
3018.0000 -411462.28
3019.5000 -380722.09
3021.0000 -337444.25
3022.5000 -263307.53
3024.0000 -205740.67
3025.5000 -178156.77
3027.0000 -173341.19
3028.5000 -169006.28
3030.0000 -184479.31
3031.5000 -207194.22
3033.0000 -195353.17
3034.5000 -190384.27
3036.0000 -184757.83
3037.5000 -179704.48
3039.0000 -175889.67
3040.5000 -167340.11
3042.0000 -175928.30
3043.5000 -164686.59
3045.0000 -162309.58
3046.5000 -163484.06
3048.0000 -158299.63
3049.5000 -153028.98
3051.0000 -163523.16
3052.5000 -158140.36
3054.0000 -160822.08
3055.5000 -171084.48
3057.0000 -165327.97
3058.5000 -157459.73
3060.0000 -163490.98
3061.5000 -152655.34
3063.0000 -5311.8979
3064.5000 -152119.05
3066.0000 -160520.91
3067.5000 -158573.44
3069.0000 -188072.25
3070.5000 -164734.52
3072.0000 -161610.59
3073.5000 -162966.03
3075.0000 -163056.63
3076.5000 -163003.17
3078.0000 -159543.41
3079.5000 -165248.72
3081.0000 -166695.59
3082.5000 -165221.09
3084.0000 -164148.78
3085.5000 -161658.84
3087.0000 -160637.98
3088.5000 -162453.63
3090.0000 -172611.84
3091.5000 -180886.80
3093.0000 -183505.92
3094.5000 -185050.48
3096.0000 -179100.22
3097.5000 -177965.95
3099.0000 -176495.05
3100.5000 -180091.91
3102.0000 -182264.66
3103.5000 -161579.05
3105.0000 -128791.57
3106.5000 144697.52
3108.0000 -155841.00
3109.5000 -151933.41
3111.0000 -149705.95
3112.5000 -155431.89
3114.0000 -145077.89
3115.5000 -138587.66
3117.0000 -137080.95
3118.5000 -138813.03
3120.0000 -143189.08
3121.5000 -149697.39
3123.0000 -129515.27
3124.5000 -127237.30
3126.0000 -121941.99
3127.5000 -123339.10
3129.0000 -125611.79
3130.5000 -129267.63
3132.0000 -134211.27
3133.5000 392722.69
3135.0000 -128493.69
3136.5000 -135811.39
3138.0000 -130542.98
3139.5000 -130632.27
3141.0000 -132312.20
3142.5000 -122523.91
3144.0000 -127171.02
3145.5000 -131850.66
3147.0000 -126919.92
3148.5000 -125857.58
3150.0000 -119359.40
3151.5000 9243.6572
3153.0000 -126804.27
3154.5000 -131329.08
3156.0000 -124616.23
3157.5000 -122780.58
3159.0000 -117752.85
3160.5000 -124441.76
3162.0000 -124215.09
3163.5000 -120363.71
3165.0000 -123048.71
3166.5000 -125310.02
3168.0000 -108116.55
3169.5000 -116544.54
3171.0000 -112564.96
3172.5000 -113573.04
3174.0000 -119249.80
3175.5000 -118637.88
3177.0000 -121322.40
3178.5000 -116423.09
3180.0000 -114276.72
3181.5000 -109579.52
3183.0000 55857.977
3184.5000 -185027.16
3186.0000 -124562.00
3187.5000 -121041.52
3189.0000 -103695.55
3190.5000 -110534.42
3192.0000 -105614.17
3193.5000 233100.83
3195.0000 -91330.344
3196.5000 -98528.586
3198.0000 -109417.34
3199.5000 -103151.27
3201.0000 -103021.91
3202.5000 -103646.86
3204.0000 -111461.59
3205.5000 -112430.73
3207.0000 134008.69
3208.5000 -93925.867
3210.0000 -108870.62
3211.5000 -100716.89
3213.0000 -92388.836
3214.5000 -106342.37
3216.0000 -94215.602
3217.5000 -99027.945
3219.0000 -92542.242
3220.5000 -88805.320
3222.0000 -88233.031
3223.5000 -97657.859
3225.0000 -101533.82
3226.5000 -99867.617
3228.0000 -87680.625
3229.5000 -94683.383
3231.0000 -66174.680
3232.5000 -101339.36
3234.0000 -93897.188
3235.5000 -101773.48
3237.0000 -89352.289
3238.5000 -104024.76
3240.0000 -93586.680
3241.5000 -5134.2231
3243.0000 -100459.28
3244.5000 -128439.62
3246.0000 -92840.648
3247.5000 -91894.992
3249.0000 -96782.813
3250.5000 -83689.078
3252.0000 -98582.633
3253.5000 -89425.398
3255.0000 -92290.891
3256.5000 -98566.383
3258.0000 389696.25
3259.5000 -95219.055
3261.0000 -89651.602
3262.5000 -99992.883
3264.0000 155835.34
3265.5000 -72700.117
3267.0000 378491.09
3268.5000 -1852.2064
3270.0000 -58239.324
3271.5000 -45058.746
3273.0000 -71457.977
3274.5000 -62752.176
3276.0000 -65175.645
3277.5000 -69076.719
3279.0000 -55901.750
3280.5000 -55607.055
3282.0000 -53567.289
3283.5000 -56507.508
3285.0000 -54524.023
3286.5000 -49207.980
3288.0000 -49256.656
3289.5000 -44778.738
3291.0000 -49749.336
3292.5000 -45915.027
3294.0000 -43304.621
3295.5000 -43923.875
3297.0000 -37491.395
3298.5000 -36551.648
3300.0000 -31026.066
3301.5000 -28767.660
3303.0000 -29160.479
3304.5000 -26254.406
3306.0000 -26861.184
3307.5000 -29326.967
3309.0000 -24892.779
3310.5000 -27931.348
3312.0000 -29229.881
3313.5000 -18910.088
3315.0000 -23697.551
3316.5000 -21622.381
3318.0000 -13585.473
3319.5000 -14755.994
3321.0000 -15495.571
3322.5000 -14273.382
3324.0000 -20022.631
3325.5000 -23115.910
3327.0000 -24371.529
3328.5000 -23307.541
3330.0000 -22148.033
3331.5000 -21419.807
3333.0000 -23021.764
3334.5000 -23171.563
3336.0000 -25378.482
3337.5000 -33170.434
3339.0000 -16569.580
3340.5000 -21384.783
3342.0000 -19292.332
3343.5000 -28333.775
3345.0000 -19850.043
3346.5000 -19766.539
3348.0000 -18503.086
3349.5000 -18139.162
3351.0000 -15001.663
3352.5000 -14414.549
3354.0000 -12776.558
3355.5000 -12155.898
3357.0000 -7476.1372
3358.5000 -5359.2158
3360.0000 -1974.7223
3361.5000 -998.44183
3363.0000 7621.9736
3364.5000 1176.3206
3366.0000 8768.8408
3367.5000 -4658.6255
3369.0000 5718.7529
3370.5000 7696.5771
3372.0000 16384.459
3373.5000 7183.4263
3375.0000 8713.6934
3376.5000 6208.1357
3378.0000 5892.6177
3379.5000 4950.4712
3381.0000 18690.576
3382.5000 15888.135
3384.0000 15434.439
3385.5000 16626.025
3387.0000 18286.590
3388.5000 19166.096
3390.0000 17506.623
3391.5000 10943.265
3393.0000 17743.295
3394.5000 6701.2427
3396.0000 16918.600
3397.5000 18149.609
3399.0000 17116.908
3400.5000 18056.123
3402.0000 18472.980
3403.5000 19078.920
3405.0000 18148.621
3406.5000 27541.168
3408.0000 6776.6890
3409.5000 22083.842
3411.0000 11489.977
3412.5000 22347.211
3414.0000 20368.463
3415.5000 21483.682
3417.0000 9955.3975
3418.5000 24516.912
3420.0000 11828.930
3421.5000 26636.836
3423.0000 11561.368
3424.5000 25475.658
3426.0000 24105.941
3427.5000 23467.955
3429.0000 23271.338
3430.5000 28893.568
3432.0000 32292.252
3433.5000 40404.410
3435.0000 15084.396
3436.5000 15123.207
3438.0000 30622.324
3439.5000 32601.549
3441.0000 38149.195
3442.5000 40149.012
3444.0000 40743.652
3445.5000 40252.414
3447.0000 57521.145
3448.5000 58292.102
3450.0000 54700.887
3451.5000 71172.797
3453.0000 75382.961
3454.5000 67697.805
3456.0000 73452.047
3457.5000 77356.297
3459.0000 105116.60
3460.5000 93298.664
3462.0000 105523.02
3463.5000 102037.15
3465.0000 121455.57
3466.5000 108546.52
3468.0000 117619.48
3469.5000 137793.41
3471.0000 104043.78
3472.5000 145632.83
3474.0000 125290.36
3475.5000 130083.57
3477.0000 145984.97
3478.5000 98310.898
3480.0000 114912.39
3481.5000 116930.13
3483.0000 120785.39
3484.5000 120161.66
3486.0000 121074.41
3487.5000 100907.12
3489.0000 133433.61
3490.5000 134229.41
3492.0000 135021.64
3493.5000 134749.55
3495.0000 135034.08
3496.5000 111143.34
3498.0000 145705.83
3499.5000 113655.20
3501.0000 110921.29
3502.5000 134789.89
3504.0000 120123.14
3505.5000 116811.30
3507.0000 118393.41
3508.5000 140620.92
3510.0000 122827.73
3511.5000 93356.352
3513.0000 122317.58
3514.5000 136545.63
3516.0000 121494.84
3517.5000 124410.55
3519.0000 102157.00
3520.5000 127186.39
3522.0000 140949.03
3523.5000 125228.53
3525.0000 126715.49
3526.5000 130873.63
3528.0000 143994.89
3529.5000 142722.48
3531.0000 123710.06
3532.5000 120267.46
3534.0000 120219.84
3535.5000 123170.62
3537.0000 123639.85
3538.5000 124954.23
3540.0000 124287.30
3541.5000 122394.28
3543.0000 122778.14
3544.5000 129649.97
3546.0000 134206.30
3547.5000 135738.63
3549.0000 134028.45
3550.5000 130194.55
3552.0000 128641.16
3553.5000 129002.78
3555.0000 128018.15
3556.5000 127228.09
3558.0000 127239.72
3559.5000 126438.84
3561.0000 122618.71
3562.5000 122108.44
3564.0000 125107.01
3565.5000 126401.45
3567.0000 127080.63
3568.5000 128759.15
3570.0000 131429.16
3571.5000 133260.36
3573.0000 134345.34
3574.5000 135411.03
3576.0000 129988.85
3577.5000 131517.42
3579.0000 126988.62
3580.5000 124361.33
3582.0000 121599.09
3583.5000 121513.96
3585.0000 121627.05
3586.5000 120919.13
3588.0000 123767.66
3589.5000 129704.88
3591.0000 136394.05
3592.5000 138663.20
3594.0000 148109.00
3595.5000 132306.50
3597.0000 129164.11
3598.5000 129149.05
3600.0000 131522.64
3601.5000 114019.11
3603.0000 134749.50
3604.5000 126975.76
3606.0000 128566.11
3607.5000 108866.33
3609.0000 132259.09
3610.5000 140693.48
3612.0000 124963.12
3613.5000 123805.33
3615.0000 106770.34
3616.5000 128212.86
3618.0000 133501.88
3619.5000 121224.13
3621.0000 120602.51
3622.5000 102588.11
3624.0000 124825.39
3625.5000 134504.77
3627.0000 120310.82
3628.5000 118962.73
3630.0000 102336.85
3631.5000 122727.47
3633.0000 131905.19
3634.5000 118639.63
3636.0000 117099.81
3637.5000 100535.30
3639.0000 120405.95
3640.5000 129530.84
3642.0000 116918.59
3643.5000 115734.16
3645.0000 99710.219
3646.5000 119484.85
3648.0000 128352.93
3649.5000 115877.16
3651.0000 115200.27
3652.5000 99477.227
3654.0000 118930.02
3655.5000 127514.68
3657.0000 114610.45
3658.5000 113807.12
3660.0000 98283.820
3661.5000 117542.07
3663.0000 111834.68
3664.5000 111184.88
3666.0000 110883.50
3667.5000 110781.80
3669.0000 110283.87
3670.5000 110244.91
3672.0000 109986.05
3673.5000 110058.33
3675.0000 109894.06
3676.5000 109585.93
3678.0000 109582.87
3679.5000 109450.24
3681.0000 109339.40
3682.5000 109153.77
3684.0000 108938.81
3685.5000 108743.92
3687.0000 108555.46
3688.5000 108277.34
3690.0000 107889.07
3691.5000 107371.03
3693.0000 106321.66
3694.5000 105737.58
3696.0000 106084.77
3697.5000 106653.74
3699.0000 107308.66
3700.5000 107903.02
3702.0000 108383.91
3703.5000 108746.24
3705.0000 109140.67
3706.5000 109602.25
3708.0000 110124.38
3709.5000 110831.50
3711.0000 111582.80
3712.5000 112545.74
3714.0000 113740.34
3715.5000 115618.00
3717.0000 119038.23
3718.5000 112039.88
3720.0000 107601.65
3721.5000 104813.70
3723.0000 103196.63
3724.5000 102073.13
3726.0000 101074.04
3727.5000 100227.05
3729.0000 99204.328
3730.5000 98358.016
3732.0000 97301.367
3733.5000 95364.867
3735.0000 92790.070
3736.5000 90416.086
3738.0000 88282.289
3739.5000 86696.828
3741.0000 85753.484
3742.5000 85463.016
3744.0000 85677.836
3745.5000 86347.164
3747.0000 87296.258
3748.5000 88554.750
3750.0000 90100.805
3751.5000 91727.969
3753.0000 93316.844
3754.5000 94747.602
3756.0000 95956.992
3757.5000 97124.586
3759.0000 96193.023
3760.5000 93818.875
3762.0000 95247.938
3763.5000 96358.320
3765.0000 96935.805
3766.5000 96835.289
3768.0000 94862.359
3769.5000 87058.422
3771.0000 67730.484
3772.5000 41779.387
3774.0000 10250.186
3775.5000 -32201.711
3777.0000 -71262.813
3778.5000 -118314.86
3780.0000 -181694.41
3781.5000 -246444.61
3783.0000 -365918.47
3784.5000 -405675.94
3786.0000 -450516.31
3787.5000 -580710.56
3789.0000 -743734.50
3790.5000 -863880.94
3792.0000 -975331.19
3793.5000 -1003227.4
3795.0000 -939254.38
3796.5000 -900698.56
3798.0000 -896895.06
3799.5000 -934490.38
3801.0000 -935929.44
3802.5000 -990512.13
3804.0000 -979285.94
3805.5000 -873906.44
3807.0000 -748474.75
3808.5000 -622851.50
3810.0000 -875065.69
3811.5000 -789702.38
3813.0000 -781633.13
3814.5000 -842842.50
3816.0000 -864561.88
3817.5000 -832850.44
3819.0000 -701234.56
3820.5000 -593712.13
3822.0000 -679689.69
3823.5000 -683122.56
3825.0000 -1241029.5
3826.5000 -850479.31
3828.0000 -829314.25
3829.5000 -938665.06
3831.0000 -1046507.4
3832.5000 -1101998.0
3834.0000 -1042275.4
3835.5000 -1004867.6
3837.0000 -940967.31
3838.5000 -981919.38
3840.0000 -960586.06
3841.5000 -1125884.0
3843.0000 -1203038.9
3844.5000 -1248206.4
3846.0000 -1287667.9
3847.5000 -1245879.4
3849.0000 -1247830.9
3850.5000 -1183542.0
3852.0000 -1020879.1
3853.5000 -1008792.2
3855.0000 -987554.88
3856.5000 -1009443.5
3858.0000 -1043855.6
3859.5000 -1073216.4
3861.0000 -1146429.3
3862.5000 -1173331.0
3864.0000 -1188513.9
3865.5000 -1195213.6
3867.0000 -1202241.4
3868.5000 -1055818.3
3870.0000 -946636.69
3871.5000 -885981.50
3873.0000 -873259.94
3874.5000 -886420.19
3876.0000 -889861.00
3877.5000 -857798.31
3879.0000 -869368.69
3880.5000 -876906.19
3882.0000 -887984.88
3883.5000 -887233.63
3885.0000 -846137.06
3886.5000 -788303.75
3888.0000 -756132.63
3889.5000 -787682.00
3891.0000 -645798.88
3892.5000 -548319.94
3894.0000 -483722.75
3895.5000 -447775.19
3897.0000 -413451.47
3898.5000 -434930.69
3900.0000 -470478.63
3901.5000 -488339.16
3903.0000 -445413.34
3904.5000 -411139.78
3906.0000 -393488.78
3907.5000 -382375.44
3909.0000 -385722.66
3910.5000 -433612.19
3912.0000 -431187.44
3913.5000 -375196.91
3915.0000 -298237.69
3916.5000 -246247.39
3918.0000 -224368.39
3919.5000 -211200.55
3921.0000 -213611.19
3922.5000 -216240.66
3924.0000 -226377.33
3925.5000 -224805.89
3927.0000 -213128.73
3928.5000 -191793.92
3930.0000 -178143.41
3931.5000 -170583.44
3933.0000 -154243.61
3934.5000 -131936.58
3936.0000 -125780.20
3937.5000 -151965.70
3939.0000 -169413.80
3940.5000 -185757.47
3942.0000 -189775.27
3943.5000 -187557.31
3945.0000 -181467.42
3946.5000 -176289.75
3948.0000 -160683.83
3949.5000 -144520.91
3951.0000 -138543.31
3952.5000 -121895.78
3954.0000 -139223.64
3955.5000 -133009.56
3957.0000 -154131.70
3958.5000 -193582.67
3960.0000 -185496.75
3961.5000 -191737.19
3963.0000 -184459.48
3964.5000 -154661.86
3966.0000 -141439.52
3967.5000 -126090.62
3969.0000 -105487.32
3970.5000 -100728.16
3972.0000 -106180.16
3973.5000 -115947.09
3975.0000 -130716.76
3976.5000 -154774.78
3978.0000 -156284.48
3979.5000 -147903.83
3981.0000 -140513.89
3982.5000 -136751.47
3984.0000 -129190.99
3985.5000 -105289.39
3987.0000 -99160.031
3988.5000 -97580.000
3990.0000 -92187.203
3991.5000 -101552.13
3993.0000 -107536.09
3994.5000 -122369.95
3996.0000 -129924.41
3997.5000 -138689.42
3999.0000 -120226.57
4000.5000 -110761.57
4002.0000 -101069.93
4003.5000 -92082.078
4005.0000 -83447.031
4006.5000 -93736.500
4008.0000 -105422.27
4009.5000 -117689.66
4011.0000 -114244.62
4012.5000 -124844.20
4014.0000 -127767.18
4015.5000 -135190.31
4017.0000 -130505.30
4018.5000 -114392.48
4020.0000 -103537.61
4021.5000 -85765.102
4023.0000 -78537.945
4024.5000 -86718.742
4026.0000 -96835.023
4027.5000 -105871.94
4029.0000 -117642.90
4030.5000 -116458.70
4032.0000 -125017.80
4033.5000 -118482.72
4035.0000 -106758.10
4036.5000 -96940.977
4038.0000 -79904.508
4039.5000 -71841.648
4041.0000 -79929.422
4042.5000 -90632.477
4044.0000 -98360.086
4045.5000 -104994.22
4047.0000 -109670.82
4048.5000 -116302.52
4050.0000 -110040.36
4051.5000 -90287.031
4053.0000 -80232.875
4054.5000 -67162.844
4056.0000 -53351.859
4057.5000 -47740.328
4059.0000 -59193.742
4060.5000 -76763.836
4062.0000 -82495.047
4063.5000 -101837.59
4065.0000 -103033.52
4066.5000 -97147.570
4068.0000 -110950.55
4069.5000 -91961.836
4071.0000 -74524.883
4072.5000 -60757.195
4074.0000 -51830.848
4075.5000 -49909.051
4077.0000 -60135.172
4078.5000 -71405.766
4080.0000 -78132.125
4081.5000 -87572.219
4083.0000 -89065.844
4084.5000 -86720.398
4086.0000 -85254.109
4087.5000 -63650.738
4089.0000 -54117.027
4090.5000 -44207.262
4092.0000 -41364.313
4093.5000 -38434.016
4095.0000 -47929.000
4096.5000 -55061.598
4098.0000 -59913.004
4099.5000 -61389.598
4101.0000 -75417.023
4102.5000 -72107.500
4104.0000 -74077.789
4105.5000 -66739.727
4107.0000 -41754.273
4108.5000 -63975.191
4110.0000 -69114.445
4111.5000 -60092.422
4113.0000 -57297.008
4114.5000 -77804.703
4116.0000 -76115.422
4117.5000 -68996.563
4119.0000 -75187.375
4120.5000 -65058.641
4122.0000 -51708.852
4123.5000 -42457.469
4125.0000 -34483.121
4126.5000 -32654.117
4128.0000 -38739.855
4129.5000 -44573.777
4131.0000 -57960.715
4132.5000 -55190.160
4134.0000 -59489.258
4135.5000 -66409.570
4137.0000 -61753.754
4138.5000 -61294.977
4140.0000 -45023.285
4141.5000 -31365.250
4143.0000 -20951.094
4144.5000 -11565.341
4146.0000 -27363.303
4147.5000 -25131.809
4149.0000 -43329.590
4150.5000 -56294.207
4152.0000 -53110.105
4153.5000 -57186.328
4155.0000 -50233.785
4156.5000 -38974.879
4158.0000 -21886.768
4159.5000 -7752.8745
4161.0000 -4089.8867
4162.5000 -4464.9761
4164.0000 -12075.876
4165.5000 -35638.531
4167.0000 -38346.684
4168.5000 -35829.340
4170.0000 -37235.176
4171.5000 -36773.070
4173.0000 -40648.914
4174.5000 -47614.555
4176.0000 -35195.699
4177.5000 -19922.178
4179.0000 -16678.420
4180.5000 -20046.412
4182.0000 -18076.938
4183.5000 -36972.336
4185.0000 -48411.277
4186.5000 -51594.188
4188.0000 -57685.594
4189.5000 -55197.809
4191.0000 -46623.352
4192.5000 -46040.227
4194.0000 -53778.988
4195.5000 -35768.430
4197.0000 -27843.613
4198.5000 -55181.809
4200.0000 -41343.453
4201.5000 -33478.430
4203.0000 -37986.461
4204.5000 -58455.594
4206.0000 -88081.883
4207.5000 -103679.41
4209.0000 -102199.53
4210.5000 -101886.29
4212.0000 -100386.66
4213.5000 -113173.20
4215.0000 -100463.93
4216.5000 -69322.086
4218.0000 -54479.348
4219.5000 -60940.789
4221.0000 -83803.820
4222.5000 -105456.40
4224.0000 -114946.07
4225.5000 -111289.78
4227.0000 -107683.99
4228.5000 -102153.31
4230.0000 -101509.31
4231.5000 -105430.57
4233.0000 -117094.95
4234.5000 -126187.49
4236.0000 -138623.44
4237.5000 -136683.39
4239.0000 -130236.55
4240.5000 -131356.39
4242.0000 -129771.85
4243.5000 -126930.14
4245.0000 -126222.21
4246.5000 -119898.47
4248.0000 -129492.66
4249.5000 -134995.42
4251.0000 -152278.88
4252.5000 -149812.81
4254.0000 -147928.14
4255.5000 -142097.64
4257.0000 -139281.52
4258.5000 -135636.00
4260.0000 -134698.91
4261.5000 -130231.83
4263.0000 -126477.28
4264.5000 -126982.08
4266.0000 -135467.72
4267.5000 -139628.95
4269.0000 -149681.17
4270.5000 -149811.14
4272.0000 -151562.78
4273.5000 -146439.50
4275.0000 -148487.63
4276.5000 -141997.66
4278.0000 -138449.36
4279.5000 -132744.45
4281.0000 -128478.12
4282.5000 -128643.03
4284.0000 -133827.02
4285.5000 -142806.42
4287.0000 -147774.72
4288.5000 -148560.09
4290.0000 -143491.28
4291.5000 -140085.13
4293.0000 -138529.59
4294.5000 -133888.36
4296.0000 -133095.84
4297.5000 -121800.88
4299.0000 -122806.57
4300.5000 -120261.61
4302.0000 -131515.25
4303.5000 -131819.45
4305.0000 -128818.48
4306.5000 -123275.49
4308.0000 -118940.27
4309.5000 -117749.27
4311.0000 -118261.44
4312.5000 -118456.06
4314.0000 -120088.56
4315.5000 -124235.05
4317.0000 -126093.33
4318.5000 -117642.16
4320.0000 -130016.20
4321.5000 -123901.65
4323.0000 -118250.05
4324.5000 -107923.14
4326.0000 -109215.69
4327.5000 -106495.20
4329.0000 -103301.08
4330.5000 -103349.19
4332.0000 -103337.09
4333.5000 -107588.97
4335.0000 -105968.21
4336.5000 -118529.95
4338.0000 -113586.13
4339.5000 -112336.68
4341.0000 -109428.92
4342.5000 -111742.30
4344.0000 -111655.66
4345.5000 -103809.27
4347.0000 -101298.37
4348.5000 -93868.664
4350.0000 -92584.547
4351.5000 -92718.695
4353.0000 -90521.969
4354.5000 -109190.00
4356.0000 -99386.211
4357.5000 -100103.95
4359.0000 -99519.492
4360.5000 -96176.836
4362.0000 -91614.391
4363.5000 -88291.094
4365.0000 -88008.031
4366.5000 -82608.328
4368.0000 -82320.805
4369.5000 -79980.094
4371.0000 -91924.813
4372.5000 -96191.945
4374.0000 -91234.375
4375.5000 -94119.719
4377.0000 -90116.367
4378.5000 -95249.031
4380.0000 -99825.734
4381.5000 -100473.41
4383.0000 -84311.422
4384.5000 -77905.859
4386.0000 -75425.313
4387.5000 -75695.563
4389.0000 -90616.258
4390.5000 -83426.523
4392.0000 -86538.695
4393.5000 -84214.805
4395.0000 -85124.039
4396.5000 -81841.469
4398.0000 -80229.656
4399.5000 -76940.242
4401.0000 -72945.484
4402.5000 -72933.813
4404.0000 -71405.648
4405.5000 -88868.070
4407.0000 -84736.711
4408.5000 -80209.336
4410.0000 -85847.516
4411.5000 -82403.297
4413.0000 -83680.438
4414.5000 -78716.984
4416.0000 -77958.844
4417.5000 -72166.086
4419.0000 -70584.516
4420.5000 -72432.367
4422.0000 -85355.914
4423.5000 -79078.930
4425.0000 -81321.594
4426.5000 -85580.188
4428.0000 -79816.383
4429.5000 -83165.500
4431.0000 -79261.555
4432.5000 -80073.398
4434.0000 -73854.727
4435.5000 -70746.375
4437.0000 -68435.094
4438.5000 -74774.508
4440.0000 -89576.438
4441.5000 -78591.234
4443.0000 -77012.266
4444.5000 -83054.750
4446.0000 -80264.039
4447.5000 -80376.414
4449.0000 -77275.633
4450.5000 -77181.758
4452.0000 -71693.148
4453.5000 -70848.945
4455.0000 -68756.242
4456.5000 -76188.289
4458.0000 -83910.852
4459.5000 -76897.023
4461.0000 -82903.055
4462.5000 -81115.836
4464.0000 -82573.078
4465.5000 -77277.484
4467.0000 -76056.344
4468.5000 -72594.320
4470.0000 -71384.781
4471.5000 -70490.422
4473.0000 -70198.914
4474.5000 -74519.773
4476.0000 -74853.047
4477.5000 -90111.977
4479.0000 -80582.906
4480.5000 -76133.227
4482.0000 -80477.281
4483.5000 -76165.500
4485.0000 -75019.297
4486.5000 -68934.000
4488.0000 -70868.820
4489.5000 -67795.648
4491.0000 -71953.039
4492.5000 -73003.602
4494.0000 -80199.000
4495.5000 -84103.203
4497.0000 -75276.984
4498.5000 -80022.883
4500.0000 -78042.156
4501.5000 -77296.461
4503.0000 -70234.641
4504.5000 -68360.055
4506.0000 -68740.625
4507.5000 -70119.375
4509.0000 -73492.695
4510.5000 -75789.531
4512.0000 -79438.828
4513.5000 -77994.750
4515.0000 -79368.891
4516.5000 -77650.789
4518.0000 -76563.539
4519.5000 -73800.039
4521.0000 -69724.930
4522.5000 -67691.867
4524.0000 -65138.141
4525.5000 -76234.148
4527.0000 -73261.156
4528.5000 -75080.625
4530.0000 -78145.492
4531.5000 -77824.414
4533.0000 -78534.805
4534.5000 -75588.609
4536.0000 -75538.336
4537.5000 -71093.773
4539.0000 -69284.672
4540.5000 -66158.016
4542.0000 -68328.625
4543.5000 -75842.086
4545.0000 -72117.008
4546.5000 -78473.352
4548.0000 -76030.328
4549.5000 -79152.266
4551.0000 -77144.570
4552.5000 -76174.945
4554.0000 -74429.359
4555.5000 -69521.469
4557.0000 -68505.961
4558.5000 -63679.973
4560.0000 -77076.297
4561.5000 -71863.836
4563.0000 -70031.352
4564.5000 -77054.609
4566.0000 -76740.680
4567.5000 -76831.352
4569.0000 -75694.359
4570.5000 -74794.813
4572.0000 -70138.281
4573.5000 -69215.969
4575.0000 -64299.770
4576.5000 -64573.234
4578.0000 -76393.195
4579.5000 -76417.625
4581.0000 -69227.438
4582.5000 -78727.539
4584.0000 -78604.203
4585.5000 -81762.219
4587.0000 -82816.172
4588.5000 -82924.078
4590.0000 -85080.172
4591.5000 -77884.805
4593.0000 -72975.281
4594.5000 -90837.234
4596.0000 -116776.44
4597.5000 -130482.66
4599.0000 -132692.09
4600.5000 -131450.81
4602.0000 -126014.02
4603.5000 -109574.10
4605.0000 -86403.172
4606.5000 -86062.703
4608.0000 -78346.586
4609.5000 -77029.102
4611.0000 -95239.461
4612.5000 -89409.250
4614.0000 -85713.930
4615.5000 -88116.867
4617.0000 -96810.211
4618.5000 -94394.359
4620.0000 -79482.633
4621.5000 -85890.664
4623.0000 -89315.523
4624.5000 -88379.648
4626.0000 -86331.438
4627.5000 -94769.953
4629.0000 -97910.430
4630.5000 -94538.086
4632.0000 -86376.438
4633.5000 -89404.281
4635.0000 -85826.953
4636.5000 -83773.398
4638.0000 -108940.16
4639.5000 -115230.23
4641.0000 -117679.05
4642.5000 -107642.85
4644.0000 -93446.359
4645.5000 -97198.984
4647.0000 -101039.95
4648.5000 -124073.86
4650.0000 -125495.46
4651.5000 -117735.52
4653.0000 -105291.36
4654.5000 -100622.78
4656.0000 -96905.445
4657.5000 -87807.781
4659.0000 -87562.094
4660.5000 -72925.414
4662.0000 -72781.188
4663.5000 -68512.039
4665.0000 -70416.969
4666.5000 -79007.547
4668.0000 -76295.578
4669.5000 -79406.867
4671.0000 -75085.797
4672.5000 -76406.859
4674.0000 -76001.164
4675.5000 -72337.422
4677.0000 -70089.188
4678.5000 -67052.016
4680.0000 -65788.594
4681.5000 -66820.250
4683.0000 -70717.578
4684.5000 -74444.414
4686.0000 -75977.133
4687.5000 -75725.586
4689.0000 -75573.203
4690.5000 -75354.117
4692.0000 -73228.352
4693.5000 -70297.359
4695.0000 -66692.477
4696.5000 -63348.750
4698.0000 -62628.863
4699.5000 -77206.797
4701.0000 -71967.477
4702.5000 -73872.906
4704.0000 -74617.156
4705.5000 -73540.844
4707.0000 -77853.148
4708.5000 -71053.484
4710.0000 -73256.500
4711.5000 -68852.258
4713.0000 -66477.938
4714.5000 -63971.125
4716.0000 -61206.898
4717.5000 -79575.391
4719.0000 -71577.109
4720.5000 -71666.930
4722.0000 -74925.211
4723.5000 -73623.766
4725.0000 -75491.227
4726.5000 -69752.742
4728.0000 -71813.500
4729.5000 -66433.891
4731.0000 -65753.367
4732.5000 -61970.164
4734.0000 -71223.875
4735.5000 -74818.844
4737.0000 -70527.750
4738.5000 -76558.250
4740.0000 -70903.516
4741.5000 -77069.453
4743.0000 -72227.297
4744.5000 -70814.445
4746.0000 -70645.547
4747.5000 -70738.438
4749.0000 -71261.773
4750.5000 -78214.477
4752.0000 -91020.148
4753.5000 -89455.547
4755.0000 -94953.813
4756.5000 -98877.656
4758.0000 -99839.313
4759.5000 -95479.297
4761.0000 -97938.992
4762.5000 -104367.13
4764.0000 -106264.52
4765.5000 -101190.80
4767.0000 -104625.64
4768.5000 -129637.56
4770.0000 -146766.00
4771.5000 -140916.77
4773.0000 -127047.52
4774.5000 -125233.80
4776.0000 -132712.77
4777.5000 -141782.58
4779.0000 -152344.98
4780.5000 -166898.52
4782.0000 -168136.69
4783.5000 -145976.80
4785.0000 -150909.91
4786.5000 -165419.58
4788.0000 -147207.47
4789.5000 -130107.92
4791.0000 -129391.78
4792.5000 -136945.73
4794.0000 -145565.28
4795.5000 -160105.48
4797.0000 -149703.25
4798.5000 -144525.41
4800.0000 -147127.84
4801.5000 -156733.31
4803.0000 -146525.55
4804.5000 -139865.73
4806.0000 -154244.41
4807.5000 -163132.14
4809.0000 -146632.22
4810.5000 -143969.89
4812.0000 -156613.03
4813.5000 -154839.63
4815.0000 -152800.81
4816.5000 -152828.56
4818.0000 -161030.94
4819.5000 -157205.33
4821.0000 -154881.05
4822.5000 -148025.31
4824.0000 -146746.69
4825.5000 -145052.42
4827.0000 -146050.61
4828.5000 -152604.17
4830.0000 -149599.94
4831.5000 -153939.84
4833.0000 -158770.34
4834.5000 -160039.89
4836.0000 -147520.59
4837.5000 -138783.05
4839.0000 -150171.92
4840.5000 -167935.83
4842.0000 -162467.69
4843.5000 -149211.16
4845.0000 -143360.98
4846.5000 -142257.36
4848.0000 -149622.34
4849.5000 -160878.11
4851.0000 -165155.72
4852.5000 -157833.89
4854.0000 -136828.50
4855.5000 -121213.41
4857.0000 -149396.33
4858.5000 -166075.98
4860.0000 -128530.64
4861.5000 -111006.05
4863.0000 -122318.11
4864.5000 -140791.30
4866.0000 -143046.69
4867.5000 -140798.86
4869.0000 -158492.22
4870.5000 -156149.88
4872.0000 -130313.58
4873.5000 -115909.92
4875.0000 -131030.33
4876.5000 -152807.22
4878.0000 -159457.09
4879.5000 -137838.61
4881.0000 -125004.67
4882.5000 -116845.10
4884.0000 -129055.97
4885.5000 -127112.68
4887.0000 -131503.73
4888.5000 -122293.27
4890.0000 -124585.20
4891.5000 -130489.10
4893.0000 -146142.33
4894.5000 -152329.86
4896.0000 -133251.05
4897.5000 -111524.02
4899.0000 -91365.328
4900.5000 -101189.34
4902.0000 -105021.37
4903.5000 -105832.59
4905.0000 -93485.992
4906.5000 -86811.914
4908.0000 -89210.797
4909.5000 -101040.09
4911.0000 -112355.07
4912.5000 -109465.27
4914.0000 -112616.48
4915.5000 -110118.73
4917.0000 -102138.16
4918.5000 -96407.594
4920.0000 -79033.961
4921.5000 -73223.961
4923.0000 -65989.594
4924.5000 -78249.539
4926.0000 -106973.31
4927.5000 -125103.86
4929.0000 -122855.96
4930.5000 -108252.05
4932.0000 -101541.84
4933.5000 -99130.281
4935.0000 -91405.453
4936.5000 -85093.898
4938.0000 -85520.453
4939.5000 -81859.531
4941.0000 -88179.492
4942.5000 -87548.508
4944.0000 -88723.398
4945.5000 -87362.828
4947.0000 -84091.852
4948.5000 -80142.273
4950.0000 -73103.156
4951.5000 -69064.477
4953.0000 -63007.648
4954.5000 -72947.273
4956.0000 -71485.945
4957.5000 -69718.086
4959.0000 -84125.336
4960.5000 -90882.883
4962.0000 -88663.078
4963.5000 -84120.586
4965.0000 -80194.711
4966.5000 -84057.461
4968.0000 -75712.719
4969.5000 -74516.195
4971.0000 -74365.148
4972.5000 -70362.680
4974.0000 -75589.766
4975.5000 -67751.711
4977.0000 -71705.398
4978.5000 -75205.195
4980.0000 -74010.594
4981.5000 -79978.352
4983.0000 -89724.695
4984.5000 -97697.766
4986.0000 -95472.664
4987.5000 -95914.984
4989.0000 -87340.297
4990.5000 -82209.211
4992.0000 -73110.742
4993.5000 -66904.078
4995.0000 -77766.688
4996.5000 -76423.789
4998.0000 -84491.328
4999.5000 -94786.000
5001.0000 -98120.313
5002.5000 -104303.50
5004.0000 -103030.45
5005.5000 -107769.57
5007.0000 -103461.14
5008.5000 -107624.35
5010.0000 -97689.805
5011.5000 -103378.56
5013.0000 -99806.766
5014.5000 -100045.75
5016.0000 -106092.70
5017.5000 -103083.91
5019.0000 -111865.20
5020.5000 -114427.48
5022.0000 -116585.54
5023.5000 -116721.58
5025.0000 -117708.97
5026.5000 -114465.19
5028.0000 -112516.63
5029.5000 -111651.97
5031.0000 -115045.30
5032.5000 -118390.43
5034.0000 -123181.60
5035.5000 -129597.96
5037.0000 -135307.05
5038.5000 -137626.14
5040.0000 -139524.88
5041.5000 -143718.53
5043.0000 -142082.95
5044.5000 -140919.73
5046.0000 -136466.84
5047.5000 -133763.81
5049.0000 -137092.13
5050.5000 -143344.66
5052.0000 -153421.11
5053.5000 -155067.70
5055.0000 -158642.13
5056.5000 -159710.61
5058.0000 -163216.72
5059.5000 -167209.33
5061.0000 -169191.00
5062.5000 -165077.27
5064.0000 -159909.63
5065.5000 -157832.66
5067.0000 -159439.70
5068.5000 -161664.17
5070.0000 -164665.95
5071.5000 -166155.14
5073.0000 -163856.44
5074.5000 -157694.20
5076.0000 -151316.47
5077.5000 -145034.31
5079.0000 -139559.27
5080.5000 -129939.66
5082.0000 -128145.59
5083.5000 -143420.13
5085.0000 -141903.19
5086.5000 -144836.20
5088.0000 -139920.06
5089.5000 -145377.56
5091.0000 -154822.38
5092.5000 -157958.77
5094.0000 -175520.94
5095.5000 -163920.14
5097.0000 -152690.23
5098.5000 -143987.38
5100.0000 -132670.14
5101.5000 -129503.41
5103.0000 -135067.00
5104.5000 -145376.64
5106.0000 -160528.08
5107.5000 -168048.25
5109.0000 -164087.31
5110.5000 -156350.66
5112.0000 -144751.08
5113.5000 -137849.39
5115.0000 -132580.11
5116.5000 -137806.64
5118.0000 -144133.13
5119.5000 -159341.05
5121.0000 -176676.22
5122.5000 -167324.44
5124.0000 -152408.25
5125.5000 -140749.48
5127.0000 -143162.22
5128.5000 -149043.47
5130.0000 -167831.03
5131.5000 -154562.06
5133.0000 -139866.92
5134.5000 -141246.13
5136.0000 -147991.06
5137.5000 -155840.77
5139.0000 -160445.02
5140.5000 -173009.95
5142.0000 -176055.42
5143.5000 -162920.98
5145.0000 -143247.47
5146.5000 -132273.69
5148.0000 -137734.17
5149.5000 -148690.83
5151.0000 -165359.02
5152.5000 -145346.52
5154.0000 -132919.03
5155.5000 -129979.57
5157.0000 -130762.66
5158.5000 -140393.14
5160.0000 -153164.45
5161.5000 -164087.06
5163.0000 -168225.27
5164.5000 -155740.22
5166.0000 -138043.02
5167.5000 -121859.55
5169.0000 -121644.23
5170.5000 -139038.81
5172.0000 -167275.13
5173.5000 -169004.41
5175.0000 -172506.11
5176.5000 -157873.63
5178.0000 -141186.08
5179.5000 -131476.02
5181.0000 -134456.88
5182.5000 -140389.38
5184.0000 -138127.03
5185.5000 -135572.42
5187.0000 -118753.70
5188.5000 -119676.02
5190.0000 -133792.50
5191.5000 -145152.47
5193.0000 -153692.11
5194.5000 -147464.38
5196.0000 -136780.63
5197.5000 -127016.64
5199.0000 -124185.76
5200.5000 -123973.55
5202.0000 -120111.16
5203.5000 -109788.05
5205.0000 -108895.76
5206.5000 -116730.62
5208.0000 -116606.73
5209.5000 -119937.64
5211.0000 -118105.33
5212.5000 -118083.45
5214.0000 -115225.77
5215.5000 -113364.29
5217.0000 -109365.89
5218.5000 -103722.91
5220.0000 -109716.98
5221.5000 -97744.086
5223.0000 -94744.594
5224.5000 -104962.63
5226.0000 -103834.98
5227.5000 -106379.64
5229.0000 -105616.44
5230.5000 -106704.91
5232.0000 -103746.97
5233.5000 -101065.87
5235.0000 -97929.219
5236.5000 -92044.492
5238.0000 -106163.70
5239.5000 -90499.836
5241.0000 -92567.688
5242.5000 -109006.55
5244.0000 -108645.89
5245.5000 -111784.96
5247.0000 -112062.11
5248.5000 -107429.34
5250.0000 -95449.227
5251.5000 -84593.961
5253.0000 -71926.203
5254.5000 -66748.289
5256.0000 -65230.590
5257.5000 -67705.156
5259.0000 -68947.898
5260.5000 -69465.164
5262.0000 -71815.109
5263.5000 -74922.477
5265.0000 -75242.172
5266.5000 -73583.523
5268.0000 -71506.422
5269.5000 -68858.406
5271.0000 -65605.336
5272.5000 -62576.063
5274.0000 -62870.598
5275.5000 -64201.801
5277.0000 -70162.008
5278.5000 -73052.047
5280.0000 -75935.477
5281.5000 -76818.516
5283.0000 -78153.000
5284.5000 -76563.906
5286.0000 -72605.367
5287.5000 -70670.945
5289.0000 -66203.883
5290.5000 -64929.672
5292.0000 -62609.559
5293.5000 -66634.438
5295.0000 -69863.516
5296.5000 -72439.867
5298.0000 -73743.477
5299.5000 -74025.063
5301.0000 -73738.688
5302.5000 -71898.344
5304.0000 -69541.320
5305.5000 -64537.465
5307.0000 -61527.137
5308.5000 -60816.273
5310.0000 -61695.805
5311.5000 -64937.355
5313.0000 -71418.594
5314.5000 -75458.930
5316.0000 -68697.070
5317.5000 -76807.461
5319.0000 -71537.172
5320.5000 -71398.859
5322.0000 -69930.688
5323.5000 -65418.820
5325.0000 -63690.383
5326.5000 -58472.266
5328.0000 -60332.484
5329.5000 -61424.891
5331.0000 -74230.414
5332.5000 -69440.688
5334.0000 -67014.266
5335.5000 -74452.094
5337.0000 -69825.383
5338.5000 -70989.813
5340.0000 -65890.625
5341.5000 -64539.121
5343.0000 -60054.223
5344.5000 -58202.867
5346.0000 -61912.887
5347.5000 -63037.016
5349.0000 -71228.367
5350.5000 -65492.113
5352.0000 -63116.293
5353.5000 -68543.594
5355.0000 -65768.898
5356.5000 -64880.145
5358.0000 -59138.016
5359.5000 -59737.020
5361.0000 -54293.688
5362.5000 -56098.410
5364.0000 -58024.410
5365.5000 -62360.566
5367.0000 -64442.684
5368.5000 -64095.000
5370.0000 -63936.781
5371.5000 -62801.199
5373.0000 -62281.828
5374.5000 -60312.141
5376.0000 -57195.152
5377.5000 -54231.297
5379.0000 -52363.992
5380.5000 -55340.129
5382.0000 -58963.754
5383.5000 -72885.797
5385.0000 -66657.172
5386.5000 -65680.281
5388.0000 -67761.688
5389.5000 -67119.594
5391.0000 -65471.094
5392.5000 -60215.703
5394.0000 -55424.121
5395.5000 -50571.883
5397.0000 -52420.699
5398.5000 -55400.203
5400.0000 -65789.281
5401.5000 -59936.625
5403.0000 -63089.762
5404.5000 -64400.195
5406.0000 -60943.793
5407.5000 -50008.523
5409.0000 -55669.410
5410.5000 -55062.363
5412.0000 -55708.152
5413.5000 -52208.770
5415.0000 -53566.051
5416.5000 -54639.543
5418.0000 -57773.832
5419.5000 -54089.813
5421.0000 -58576.789
5422.5000 -64318.238
5424.0000 -66574.344
5425.5000 -60562.680
5427.0000 -55809.484
5428.5000 -49393.793
5430.0000 -47119.113
5431.5000 -49532.336
5433.0000 -53123.270
5434.5000 -57812.660
5436.0000 -58561.855
5437.5000 -61372.289
5439.0000 -54885.902
5440.5000 -55042.113
5442.0000 -50912.668
5443.5000 -60034.008
5445.0000 -62644.715
5446.5000 -54851.336
5448.0000 -50347.695
5449.5000 -49344.637
5451.0000 -50592.734
5452.5000 -51760.594
5454.0000 -64692.691
5455.5000 -69573.078
5457.0000 -65315.184
5458.5000 -60281.094
5460.0000 -55698.898
5461.5000 -48930.980
5463.0000 -61541.695
5464.5000 -53648.117
5466.0000 -48344.984
5467.5000 -59303.871
5469.0000 -51433.180
5470.5000 -45961.500
5472.0000 -60209.531
5473.5000 -73022.977
5475.0000 -64696.063
5476.5000 -57703.379
5478.0000 -61883.262
5479.5000 -56664.930
5481.0000 -53418.934
5482.5000 -53846.055
5484.0000 -49159.516
5485.5000 -52991.801
5487.0000 -53303.734
5488.5000 -60691.496
5490.0000 -66339.172
5491.5000 -58159.703
5493.0000 -60337.813
5494.5000 -65587.016
5496.0000 -60013.652
5497.5000 -56894.895
5499.0000 -60463.102
5500.5000 -51914.020
5502.0000 -44876.598
5503.5000 -60463.527
5505.0000 -55045.813
5506.5000 -51234.129
5508.0000 -62869.055
5509.5000 -60386.387
5511.0000 -57047.543
5512.5000 -62394.652
5514.0000 -58104.715
5515.5000 -53953.742
5517.0000 -54159.652
5518.5000 -49000.656
5520.0000 -47400.570
5521.5000 -54717.191
5523.0000 -62177.703
5524.5000 -57042.688
5526.0000 -56338.309
5527.5000 -64814.461
5529.0000 -62046.840
5530.5000 -52318.535
5532.0000 -56273.258
5533.5000 -58498.910
5535.0000 -48239.992
5536.5000 -47964.461
5538.0000 -47627.988
5539.5000 -51154.203
5541.0000 -71508.406
5542.5000 -58074.984
5544.0000 -67852.758
5545.5000 -88912.375
5547.0000 -81499.727
5548.5000 -79110.492
5550.0000 -83837.984
5551.5000 -74967.508
5553.0000 -61536.504
5554.5000 -56238.445
5556.0000 -52800.801
5557.5000 -54784.125
5559.0000 -59814.863
5560.5000 -63510.695
5562.0000 -65846.227
5563.5000 -70287.164
5565.0000 -70120.063
5566.5000 -71084.680
5568.0000 -70215.992
5569.5000 -67517.336
5571.0000 -69673.742
5572.5000 -68408.219
5574.0000 -66796.102
5575.5000 -69415.758
5577.0000 -78772.680
5578.5000 -84196.156
5580.0000 -86750.961
5581.5000 -91168.375
5583.0000 -89782.000
5584.5000 -83999.328
5586.0000 -78733.727
5587.5000 -78634.969
5589.0000 -77566.617
5590.5000 -74398.828
5592.0000 -74850.789
5593.5000 -84423.992
5595.0000 -95112.523
5596.5000 -96645.539
5598.0000 -90451.930
5599.5000 -77088.414
5601.0000 -66094.227
5602.5000 -65369.191
5604.0000 -65462.648
5605.5000 -72981.313
5607.0000 -69028.523
5608.5000 -54424.926
5610.0000 -55846.414
5611.5000 -60814.723
5613.0000 -65622.063
5614.5000 -59201.555
5616.0000 -58630.098
5617.5000 -61415.730
5619.0000 -58338.137
5620.5000 -52528.105
5622.0000 -53496.922
5623.5000 -51523.336
5625.0000 -44574.320
5626.5000 -45511.211
5628.0000 -69111.234
5629.5000 -63989.160
5631.0000 -47975.027
5632.5000 -63945.023
5634.0000 -72531.344
5635.5000 -52842.047
5637.0000 -50301.563
5638.5000 -69090.453
5640.0000 -62000.223
5641.5000 -42513.004
5643.0000 -54670.621
5644.5000 -56412.129
5646.0000 -47045.520
5647.5000 -56549.715
5649.0000 -63860.516
5650.5000 -60681.996
5652.0000 -59034.715
5653.5000 -69499.516
5655.0000 -63690.945
5656.5000 -47142.027
5658.0000 -46367.324
5659.5000 -50663.965
5661.0000 -53888.063
5662.5000 -52742.832
5664.0000 -49452.621
5665.5000 -61999.605
5667.0000 -68372.336
5668.5000 -51822.828
5670.0000 -51293.098
5671.5000 -67287.500
5673.0000 -54849.984
5674.5000 -45543.227
5676.0000 -63693.625
5677.5000 -65964.648
5679.0000 -50364.250
5680.5000 -52254.383
5682.0000 -98667.117
5683.5000 -114430.38
5685.0000 -81277.930
5686.5000 -56722.719
5688.0000 -66785.336
5689.5000 -78982.352
5691.0000 -56572.234
5692.5000 -40065.988
5694.0000 -57365.328
5695.5000 -56996.809
5697.0000 -45302.738
5698.5000 -56814.309
5700.0000 -69142.266
5701.5000 -57785.273
5703.0000 -49868.016
5704.5000 -65603.789
5706.0000 -69688.805
5707.5000 -48115.551
5709.0000 -49398.160
5710.5000 -59718.824
5712.0000 -52010.012
5713.5000 -42339.148
5715.0000 -51923.602
5716.5000 -60717.160
5718.0000 -43197.727
5719.5000 -59491.461
5721.0000 -88531.961
5722.5000 -86952.648
5724.0000 -73063.078
5725.5000 -67663.844
5727.0000 -64271.254
5728.5000 -53465.605
5730.0000 -44757.387
5731.5000 -52546.309
5733.0000 -56496.527
5734.5000 -50715.008
5736.0000 -58245.984
5737.5000 -65690.367
5739.0000 -57236.066
5740.5000 -45782.004
5742.0000 -55190.746
5743.5000 -62286.289
5745.0000 -49407.391
5746.5000 -43289.527
5748.0000 -63946.758
5749.5000 -71625.844
5751.0000 -49808.555
5752.5000 -49346.578
5754.0000 -77061.617
5755.5000 -78724.125
5757.0000 -57895.539
5758.5000 -50128.305
5760.0000 -66074.172
5761.5000 -76790.109
5763.0000 -54184.887
5764.5000 -40203.914
5766.0000 -50881.172
5767.5000 -64782.164
5769.0000 -57711.539
5770.5000 -50520.980
5772.0000 -61829.570
5773.5000 -67084.734
5775.0000 -54497.367
5776.5000 -49918.852
5778.0000 -61909.625
5779.5000 -59674.148
5781.0000 -46053.688
5782.5000 -53284.438
5784.0000 -62154.211
5785.5000 -55124.852
5787.0000 -49818.016
5788.5000 -56752.660
5790.0000 -66979.773
5791.5000 -59728.664
5793.0000 -53154.398
5794.5000 -60744.559
5796.0000 -60626.453
5797.5000 -51317.867
5799.0000 -41593.164
5800.5000 -53592.234
5802.0000 -68956.016
5803.5000 -54579.133
5805.0000 -46564.293
5806.5000 -76615.703
5808.0000 -92835.000
5809.5000 -77476.297
5811.0000 -78106.359
5812.5000 -96209.133
5814.0000 -94540.492
5815.5000 -64869.047
5817.0000 -54412.574
5818.5000 -82980.609
5820.0000 -90393.648
5821.5000 -67612.773
5823.0000 -87910.070
5824.5000 -116472.46
5826.0000 -108738.54
5827.5000 -75554.211
5829.0000 -69288.945
5830.5000 -78002.094
5832.0000 -72431.047
5833.5000 -52496.762
5835.0000 -70094.383
5836.5000 -95942.625
5838.0000 -90724.867
5839.5000 -73575.008
5841.0000 -116982.03
5842.5000 -169950.50
5844.0000 -161315.55
5845.5000 -146772.70
5847.0000 -148010.48
5848.5000 -138594.98
5850.0000 -128203.59
5851.5000 -128950.37
5853.0000 -122380.62
5854.5000 -90330.539
5856.0000 -82803.320
5857.5000 -90726.531
5859.0000 -97770.461
5860.5000 -87294.906
5862.0000 -100882.55
5863.5000 -109347.29
5865.0000 -104107.56
5866.5000 -91686.805
5868.0000 -87557.648
5869.5000 -87274.852
5871.0000 -75544.695
5872.5000 -73852.711
5874.0000 -92217.242
5875.5000 -132780.30
5877.0000 -196002.98
5878.5000 -233054.70
5880.0000 -219328.25
5881.5000 -285788.41
5883.0000 -227278.19
5884.5000 -230876.86
5886.0000 -193045.92
5887.5000 -122429.25
5889.0000 -205601.41
5890.5000 -183821.89
5892.0000 -235370.03
5893.5000 -195698.00
5895.0000 -195919.77
5896.5000 -215449.17
5898.0000 -186393.14
5899.5000 -228202.27
5901.0000 -165734.27
5902.5000 -214068.16
5904.0000 -223254.13
5905.5000 -190314.83
5907.0000 -268319.56
5908.5000 -242974.72
5910.0000 -236546.95
5911.5000 -193924.42
5913.0000 -183856.88
5914.5000 -134354.00
5916.0000 -166837.34
5917.5000 -139456.80
5919.0000 -159794.50
5920.5000 -131045.02
5922.0000 -188925.44
5923.5000 -163576.50
5925.0000 -171877.27
5926.5000 -166358.17
5928.0000 -172212.16
5929.5000 -156593.69
5931.0000 -142277.17
5932.5000 -126835.24
5934.0000 -135094.44
5935.5000 -173962.22
5937.0000 -129130.41
5938.5000 -164097.28
5940.0000 -175396.31
5941.5000 -142202.00
5943.0000 -109082.38
5944.5000 -105300.31
5946.0000 -152650.59
5947.5000 -193230.52
5949.0000 -162621.61
5950.5000 -118709.28
5952.0000 -81289.438
5953.5000 -132866.31
5955.0000 -95305.922
5956.5000 -139312.02
5958.0000 -84641.703
5959.5000 -91895.523
5961.0000 -62732.113
5962.5000 -61349.957
5964.0000 -51463.016
5965.5000 -41293.051
5967.0000 -37154.359
5968.5000 -34680.430
5970.0000 -57703.551
5971.5000 -44299.465
5973.0000 -41450.348
5974.5000 -44050.219
5976.0000 -59864.609
5977.5000 -34842.633
5979.0000 -54628.727
5980.5000 -44741.117
5982.0000 -68769.492
5983.5000 -70668.938
5985.0000 -47716.828
5986.5000 -46213.586
5988.0000 -34441.875
5989.5000 -23862.957
5991.0000 -28982.107
5992.5000 -44079.445
5994.0000 -32320.041
5995.5000 -42511.055
5997.0000 -47541.238
5998.5000 -48058.820
6000.0000 -56198.340