0.0000000 0.0000000
0.10000000 82.946556
0.20000000 82.689354
0.30000001 82.391502
0.40000001 82.049271
0.50000000 81.671387
0.60000002 81.272575
0.69999999 80.871956
0.80000001 80.488815
0.89999998 80.140114
1.0000000 79.840286
1.1000000 79.600906
1.2000000 79.429268
1.3000000 79.359863
1.4000000 79.394119
1.5000000 79.486542
1.6000000 79.588493
1.7000000 79.659004
1.8000000 79.669861
1.9000000 79.607430
2.0000000 79.472313
2.0999999 79.277893
2.2000000 79.047081
2.3000000 78.808449
2.4000001 78.592026
2.5000000 78.427071
2.5999999 78.333008
2.7000000 78.311348
2.8000000 78.349953
2.9000001 78.428871
3.0000000 78.524948
3.0999999 78.615723
3.2000000 78.682762
3.3000000 78.713860
3.4000001 78.704491
3.5000000 78.658234
3.5999999 78.583031
3.7000000 78.489502
3.8000000 78.389709
3.9000001 78.294884
4.0000000 78.213417
4.0999999 78.149780
4.1999998 78.104591
4.3000002 78.075180
4.4000001 78.056709
4.5000000 78.043571
4.5999999 78.030563
4.6999998 78.013367
4.8000002 77.988991
4.9000001 77.955750
5.0000000 77.913391
6.5000000 77.105118
8.0000000 76.111893
9.5000000 74.998306
11.000000 73.889259
12.500000 72.841248
14.000000 71.816734
15.500000 70.855240
17.000000 69.856934
18.500000 68.880043
20.000000 67.899178
21.500000 66.939743
23.000000 65.942055
24.500000 64.843452
26.000000 63.677681
27.500000 62.317871
29.000000 60.848339
30.500000 59.441700
32.000000 57.511379
33.500000 55.531548
35.000000 53.820694
36.500000 52.655006
38.000000 51.508839
39.500000 50.561668
41.000000 50.134151
42.500000 48.388786
44.000000 47.185711
45.500000 45.932220
47.000000 44.662254
48.500000 43.524765
50.000000 42.660389
51.500000 41.584442
53.000000 40.483566
54.500000 39.394310
56.000000 39.046474
57.500000 38.252327
59.000000 37.301540
60.500000 36.251514
62.000000 35.834652
63.500000 35.278992
65.000000 33.436256
66.500000 32.978306
68.000000 32.135334
69.500000 31.363333
71.000000 31.220209
72.500000 30.092051
74.000000 29.703463
75.500000 29.316000
77.000000 28.881014
78.500000 28.123032
80.000000 27.443026
81.500000 26.810381
83.000000 25.947531
84.500000 24.994532
86.000000 23.979738
87.500000 21.599041
89.000000 20.150997
90.500000 19.326889
92.000000 18.814426
93.500000 18.512941
95.000000 18.130680
96.500000 17.860855
98.000000 17.727488
99.500000 17.701658
101.00000 17.702137
102.50000 17.613274
104.00000 17.625774
105.50000 17.772402
107.00000 18.038136
108.50000 18.369587
110.00000 18.475891
111.50000 18.412008
113.00000 18.368490
114.50000 18.461792
116.00000 18.604801
117.50000 18.775925
119.00000 19.423590
120.50000 20.626211
122.00000 21.412252
123.50000 22.481518
125.00000 23.083052
126.50000 23.477104
128.00000 23.585619
129.50000 23.739386
131.00000 23.702648
132.50000 23.775677
134.00000 23.675711
135.50000 23.717247
137.00000 23.754559
138.50000 23.883305
140.00000 23.973095
141.50000 24.106079
143.00000 24.215403
144.50000 24.415545
146.00000 24.573732
147.50000 24.658951
149.00000 24.514091
150.50000 24.189106
152.00000 23.706926
153.50000 22.854118
155.00000 22.134617
156.50000 21.710056
158.00000 21.405088
159.50000 21.257557
161.00000 21.094515
162.50000 20.941219
164.00000 20.633690
165.50000 20.325710
167.00000 20.129520
168.50000 19.991024
170.00000 20.263550
171.50000 21.157234
173.00000 22.145119
174.50000 23.153893
176.00000 24.094812
177.50000 25.403648
179.00000 25.816519
180.50000 26.117748
182.00000 26.479645
183.50000 26.827799
185.00000 27.176203
186.50000 27.522108
188.00000 27.858017
189.50000 28.143131
191.00000 28.385139
192.50000 28.661362
194.00000 29.020226
195.50000 29.478554
197.00000 29.835409
198.50000 30.242111
200.00000 30.578329
201.50000 30.854618
203.00000 31.107185
204.50000 31.371103
206.00000 31.625299
207.50000 31.914562
209.00000 32.343769
210.50000 32.662716
212.00000 32.981026
213.50000 33.224930
215.00000 33.483047
216.50000 33.666622
218.00000 33.854263
219.50000 34.078884
221.00000 34.302284
222.50000 34.491745
224.00000 34.670345
225.50000 34.844906
227.00000 35.048817
228.50000 35.253750
230.00000 35.419044
231.50000 35.627392
233.00000 35.814358
234.50000 36.044472
236.00000 36.277416
237.50000 36.513897
239.00000 36.751621
240.50000 36.983513
242.00000 37.249283
243.50000 37.474361
245.00000 37.664230
246.50000 37.807159
248.00000 37.944813
249.50000 38.076069
251.00000 38.195030
252.50000 38.331223
254.00000 38.457077
255.50000 38.571583
257.00000 38.637669
258.50000 38.666958
260.00000 38.680950
261.50000 38.696781
263.00000 38.709396
264.50000 38.710014
266.00000 38.701611
267.50000 38.658962
269.00000 38.563499
270.50000 38.414883
272.00000 38.219063
273.50000 38.006615
275.00000 37.681946
276.50000 37.345608
278.00000 36.980682
279.50000 36.786316
281.00000 36.585804
282.50000 36.353325
284.00000 36.168957
285.50000 35.937714
287.00000 35.779144
288.50000 35.638577
290.00000 35.484509
291.50000 35.283707
293.00000 35.055565
294.50000 34.794861
296.00000 34.513252
297.50000 34.235783
299.00000 33.919010
300.50000 33.575508
302.00000 33.234314
303.50000 32.835205
305.00000 32.512615
306.50000 32.189350
308.00000 31.911865
309.50000 31.696266
311.00000 31.493881
312.50000 31.352905
314.00000 31.217207
315.50000 31.117250
317.00000 31.017818
318.50000 30.936871
320.00000 30.863276
321.50000 30.768673
323.00000 30.689045
324.50000 30.594679
326.00000 30.493286
327.50000 30.360540
329.00000 30.222546
330.50000 30.068216
332.00000 29.940289
333.50000 29.815662
335.00000 29.667809
336.50000 29.556442
338.00000 29.418789
339.50000 29.304655
341.00000 29.164404
342.50000 29.034279
344.00000 28.898279
345.50000 28.768282
347.00000 28.633247
348.50000 28.528961
350.00000 28.410786
351.50000 28.338217
353.00000 28.255875
354.50000 28.168964
356.00000 28.091974
357.50000 28.020189
359.00000 27.961645
360.50000 27.868271
362.00000 27.830355
363.50000 27.758635
365.00000 27.653053
366.50000 27.582922
368.00000 27.503866
369.50000 27.424175
371.00000 27.318869
372.50000 27.279579
374.00000 27.238979
375.50000 27.193371
377.00000 27.168232
378.50000 27.132776
380.00000 27.114668
381.50000 27.079861
383.00000 27.078299
384.50000 27.057224
386.00000 27.047470
387.50000 27.046062
389.00000 27.054192
390.50000 27.063126
392.00000 27.018661
393.50000 27.028748
395.00000 27.003290
396.50000 26.999685
398.00000 26.984438
399.50000 26.957415
401.00000 26.967882
402.50000 26.932932
404.00000 26.927618
405.50000 26.944145
407.00000 26.929737
408.50000 26.924366
410.00000 26.863544
411.50000 26.863169
413.00000 26.866777
414.50000 26.863468
416.00000 26.845713
417.50000 26.845558
419.00000 26.822987
420.50000 26.789768
422.00000 26.792208
423.50000 26.770405
425.00000 26.768417
426.50000 26.750483
428.00000 26.741360
429.50000 26.709879
431.00000 26.676640
432.50000 26.642912
434.00000 26.593634
435.50000 26.490620
437.00000 26.492428
438.50000 26.481924
440.00000 26.468515
441.50000 26.476847
443.00000 26.472504
444.50000 26.441820
446.00000 26.402828
447.50000 26.389482
449.00000 26.377495
450.50000 26.346577
452.00000 26.314619
453.50000 26.281395
455.00000 26.264849
456.50000 26.237286
458.00000 26.226185
459.50000 26.205544
461.00000 26.186340
462.50000 26.181305
464.00000 26.202591
465.50000 26.182108
467.00000 26.178873
468.50000 26.188744
470.00000 26.155064
471.50000 26.143721
473.00000 26.127901
474.50000 26.050089
476.00000 25.822906
477.50000 25.816343
479.00000 25.847082
480.50000 25.877838
482.00000 25.924500
483.50000 25.789581
485.00000 25.729752
486.50000 25.683542
488.00000 25.722404
489.50000 25.800079
491.00000 25.884607
492.50000 25.954472
494.00000 25.903978
495.50000 25.839651
497.00000 25.886389
498.50000 25.958765
500.00000 26.017992
501.50000 26.076183
503.00000 26.120150
504.50000 26.099155
506.00000 26.122496
507.50000 26.177572
509.00000 26.235933
510.50000 26.291176
512.00000 26.335234
513.50000 26.369280
515.00000 26.405178
516.50000 26.441698
518.00000 26.491676
519.50000 26.544252
521.00000 26.615843
522.50000 26.657999
524.00000 26.684826
525.50000 26.698683
527.00000 26.717754
528.50000 26.738197
530.00000 26.768637
531.50000 26.817278
533.00000 26.874369
534.50000 27.027063
536.00000 27.122932
537.50000 27.254223
539.00000 27.405117
540.50000 27.560610
542.00000 27.768597
543.50000 27.969521
545.00000 28.220957
546.50000 28.468922
548.00000 28.706192
549.50000 28.942038
551.00000 29.104561
552.50000 29.218117
554.00000 29.322531
555.50000 29.408859
557.00000 29.378523
558.50000 29.263102
560.00000 29.161390
561.50000 28.998341
563.00000 28.913263
564.50000 28.818615
566.00000 28.727373
567.50000 28.650745
569.00000 28.582991
570.50000 28.511757
572.00000 28.418495
573.50000 28.328505
575.00000 28.249920
576.50000 28.192789
578.00000 28.136761
579.50000 28.101120
581.00000 28.067303
582.50000 28.031586
584.00000 27.973352
585.50000 27.918175
587.00000 27.865803
588.50000 27.784101
590.00000 27.710083
591.50000 27.592003
593.00000 27.465902
594.50000 27.336323
596.00000 27.238914
597.50000 27.140030
599.00000 27.050554
600.50000 26.980953
602.00000 26.928030
603.50000 26.886465
605.00000 26.835741
606.50000 26.806944
608.00000 26.780745
609.50000 26.756536
611.00000 26.702383
612.50000 26.664509
614.00000 26.614609
615.50000 26.581779
617.00000 26.565748
618.50000 26.575642
620.00000 26.593645
621.50000 26.604067
623.00000 26.580036
624.50000 26.464251
626.00000 26.361538
627.50000 26.247595
629.00000 26.191059
630.50000 26.147978
632.00000 26.163488
633.50000 26.209026
635.00000 26.256487
636.50000 26.269272
638.00000 26.237524
639.50000 26.209023
641.00000 26.192984
642.50000 26.221441
644.00000 26.280001
645.50000 26.353107
647.00000 26.414207
648.50000 26.424782
650.00000 26.415751
651.50000 26.426613
653.00000 26.483482
654.50000 26.562889
656.00000 26.642591
657.50000 26.675713
659.00000 26.656895
660.50000 26.633860
662.00000 26.643644
663.50000 26.696455
665.00000 26.774694
666.50000 26.834213
668.00000 26.861895
669.50000 26.856529
671.00000 26.851074
672.50000 26.872364
674.00000 26.938864
675.50000 27.003895
677.00000 27.042110
678.50000 27.038486
680.00000 27.020475
681.50000 27.024582
683.00000 27.059368
684.50000 27.100819
686.00000 27.139404
687.50000 27.165237
689.00000 27.173151
690.50000 27.169464
692.00000 27.169788
693.50000 27.184202
695.00000 27.213867
696.50000 27.246862
698.00000 27.270460
699.50000 27.273497
701.00000 27.260147
702.50000 27.239893
704.00000 27.239573
705.50000 27.254185
707.00000 27.271606
708.50000 27.294136
710.00000 27.319294
711.50000 27.340956
713.00000 27.355907
714.50000 27.386095
716.00000 27.415106
717.50000 27.422665
719.00000 27.404034
720.50000 27.382416
722.00000 27.372711
723.50000 27.382782
725.00000 27.413040
726.50000 27.439606
728.00000 27.457699
729.50000 27.475466
731.00000 27.462517
732.50000 27.447004
734.00000 27.443502
735.50000 27.435482
737.00000 27.439594
738.50000 27.439556
740.00000 27.430782
741.50000 27.433592
743.00000 27.446491
744.50000 27.459631
746.00000 27.459673
747.50000 27.452719
749.00000 27.450327
750.50000 27.469267
752.00000 27.483292
753.50000 27.482054
755.00000 27.464663
756.50000 27.457624
758.00000 27.458712
759.50000 27.462639
761.00000 27.453806
762.50000 27.441086
764.00000 27.435110
765.50000 27.435127
767.00000 27.430056
768.50000 27.420033
770.00000 27.416098
771.50000 27.420645
773.00000 27.419147
774.50000 27.399267
776.00000 27.365801
777.50000 27.352242
779.00000 27.355848
780.50000 27.361326
782.00000 27.347954
783.50000 27.280771
785.00000 27.224386
786.50000 27.203724
788.00000 27.219433
789.50000 27.235462
791.00000 27.234549
792.50000 27.209339
794.00000 27.167013
795.50000 27.122326
797.00000 27.080402
798.50000 27.054985
800.00000 27.035641
801.50000 27.028492
803.00000 27.016895
804.50000 26.992828
806.00000 26.959585
807.50000 26.937241
809.00000 26.931231
810.50000 26.931843
812.00000 26.919395
813.50000 26.881901
815.00000 26.835899
816.50000 26.799557
818.00000 26.784266
819.50000 26.777739
821.00000 26.762556
822.50000 26.724138
824.00000 26.673712
825.50000 26.633886
827.00000 26.610807
828.50000 26.593811
830.00000 26.566927
831.50000 26.516819
833.00000 26.444397
834.50000 26.388220
836.00000 26.358500
837.50000 26.338791
839.00000 26.318390
840.50000 26.267666
842.00000 26.107225
843.50000 26.070765
845.00000 26.061962
846.50000 26.042770
848.00000 26.005985
849.50000 25.908321
851.00000 25.785110
852.50000 25.712263
854.00000 25.689198
855.50000 25.662415
857.00000 25.617435
858.50000 25.507853
860.00000 25.411634
861.50000 25.330435
863.00000 25.243036
864.50000 25.185854
866.00000 25.145975
867.50000 25.068649
869.00000 24.956232
870.50000 24.794041
872.00000 24.609179
873.50000 24.458391
875.00000 24.324888
876.50000 24.189753
878.00000 23.580063
879.50000 21.899855
881.00000 20.705999
882.50000 19.886984
884.00000 19.463495
885.50000 19.129862
887.00000 18.817778
888.50000 18.557487
890.00000 18.353661
891.50000 18.155949
893.00000 18.130621
894.50000 17.536135
896.00000 17.479078
897.50000 17.575150
899.00000 17.260193
900.50000 16.882448
902.00000 16.317636
903.50000 16.842272
905.00000 16.094740
906.50000 16.090458
908.00000 16.202259
909.50000 14.508641
911.00000 14.204847
912.50000 13.519624
914.00000 13.223253
915.50000 12.596669
917.00000 12.668662
918.50000 12.745890
920.00000 13.325810
921.50000 12.508014
923.00000 11.956503
924.50000 11.861784
926.00000 11.201804
927.50000 10.464623
929.00000 10.751099
930.50000 10.496449
932.00000 12.836757
933.50000 11.954917
935.00000 11.457372
936.50000 12.248981
938.00000 12.042442
939.50000 11.746421
941.00000 11.292536
942.50000 11.776523
944.00000 10.794789
945.50000 10.287613
947.00000 10.853576
948.50000 10.634982
950.00000 10.748847
951.50000 11.825333
953.00000 11.018762
954.50000 10.671841
956.00000 11.758035
957.50000 11.654179
959.00000 10.208338
960.50000 9.6345472
962.00000 12.636739
963.50000 10.247737
965.00000 10.785132
966.50000 9.5485811
968.00000 9.7126122
969.50000 13.784709
971.00000 11.924342
972.50000 12.569077
974.00000 9.4330168
975.50000 11.669759
977.00000 10.748658
978.50000 12.584842
980.00000 12.383309
981.50000 13.624038
983.00000 13.138895
984.50000 12.567064
986.00000 13.424877
987.50000 13.559275
989.00000 14.399359
990.50000 13.610358
992.00000 12.945133
993.50000 13.226405
995.00000 11.959447
996.50000 12.176669
998.00000 12.036922
999.50000 12.542829
1001.0000 12.482580
1002.5000 12.279785
1004.0000 11.538344
1005.5000 11.413663
1007.0000 12.536670
1008.5000 13.327955
1010.0000 12.839947
1011.5000 12.295121
1013.0000 11.765017
1014.5000 11.431463
1016.0000 11.349949
1017.5000 11.661246
1019.0000 11.085780
1020.5000 11.072442
1022.0000 11.417401
1023.5000 11.673028
1025.0000 11.676511
1026.5000 11.963989
1028.0000 22.411592
1029.5000 38.466591
1031.0000 42.303814
1032.5000 44.916817
1034.0000 45.871288
1035.5000 46.038872
1037.0000 46.079433
1038.5000 46.045868
1040.0000 45.956779
1041.5000 45.891251
1043.0000 45.823586
1044.5000 45.790188
1046.0000 45.715355
1047.5000 45.621906
1049.0000 45.505821
1050.5000 45.397865
1052.0000 45.305168
1053.5000 45.247578
1055.0000 45.193176
1056.5000 45.111969
1058.0000 45.049374
1059.5000 45.031181
1061.0000 44.982319
1062.5000 44.979000
1064.0000 44.983379
1065.5000 44.986496
1067.0000 44.978180
1068.5000 44.965031
1070.0000 44.969707
1071.5000 44.983635
1073.0000 45.006168
1074.5000 45.025978
1076.0000 45.033318
1077.5000 45.034798
1079.0000 45.044529
1080.5000 45.064861
1082.0000 45.093571
1083.5000 45.115818
1085.0000 45.127693
1086.5000 45.134861
1088.0000 45.143955
1089.5000 45.161469
1091.0000 45.188862
1092.5000 45.192078
1094.0000 45.204884
1095.5000 45.213619
1097.0000 45.208820
1098.5000 45.221432
1100.0000 45.230957
1101.5000 45.254601
1103.0000 45.256962
1104.5000 45.260780
1106.0000 45.262772
1107.5000 45.277100
1109.0000 45.293152
1110.5000 45.312565
1112.0000 45.322193
1113.5000 45.314987
1115.0000 45.309143
1116.5000 45.305187
1118.0000 45.307629
1119.5000 45.310715
1121.0000 45.305954
1122.5000 45.290150
1124.0000 45.284489
1125.5000 45.288452
1127.0000 45.294418
1128.5000 45.289478
1130.0000 45.282234
1131.5000 45.289688
1133.0000 45.291775
1134.5000 45.287872
1136.0000 45.285358
1137.5000 45.281895
1139.0000 45.296940
1140.5000 45.301941
1142.0000 45.311352
1143.5000 45.309162
1145.0000 45.306217
1146.5000 45.298885
1148.0000 45.267906
1149.5000 45.249413
1151.0000 45.263573
1152.5000 45.327324
1154.0000 45.405670
1155.5000 45.437611
1157.0000 45.438496
1158.5000 45.376457
1160.0000 45.199509
1161.5000 44.804310
1163.0000 44.291946
1164.5000 43.145348
1166.0000 40.156151
1167.5000 37.534996
1169.0000 38.318375
1170.5000 1.0719186
1172.0000 3.5109866
1173.5000 11.689116
1175.0000 11.090063
1176.5000 7.9176407
1178.0000 6.2898703
1179.5000 5.5934286
1181.0000 5.2666011
1182.5000 5.0993762
1184.0000 5.0061035
1185.5000 4.9465518
1187.0000 4.8991461
1188.5000 4.8589563
1190.0000 4.8434243
1191.5000 4.8304772
1193.0000 4.8207841
1194.5000 5.4803395
1196.0000 8.3719225
1197.5000 9.7486057
1199.0000 8.5403996
1200.5000 6.3595767
1202.0000 5.4167495
1203.5000 5.0435538
1205.0000 4.9495301
1206.5000 5.0444765
1208.0000 5.1598248
1209.5000 5.1866245
1211.0000 5.1186066
1212.5000 5.0781059
1214.0000 8.2602806
1215.5000 9.9839783
1217.0000 11.240746
1218.5000 11.960076
1220.0000 10.825793
1221.5000 10.055979
1223.0000 10.276779
1224.5000 9.7169142
1226.0000 10.402846
1227.5000 10.746274
1229.0000 10.858196
1230.5000 10.066906
1232.0000 9.8194580
1233.5000 11.507261
1235.0000 12.064240
1236.5000 11.383557
1238.0000 11.783754
1239.5000 9.9245777
1241.0000 10.047463
1242.5000 9.9230242
1244.0000 13.285047
1245.5000 11.839304
1247.0000 10.721266
1248.5000 10.169959
1250.0000 11.685283
1251.5000 11.682224
1253.0000 10.679161
1254.5000 11.078839
1256.0000 9.7881145
1257.5000 7.6821442
1259.0000 7.3216815
1260.5000 7.0346174
1262.0000 6.6909227
1263.5000 6.2819266
1265.0000 10.004226
1266.5000 9.7347031
1268.0000 8.6030283
1269.5000 9.1905251
1271.0000 9.2461367
1272.5000 7.1668062
1274.0000 9.0031328
1275.5000 8.4256554
1277.0000 6.6594620
1278.5000 5.8537722
1280.0000 5.8072906
1281.5000 5.9905295
1283.0000 5.8485775
1284.5000 5.9994354
1286.0000 6.0121298
1287.5000 5.5401874
1289.0000 10.127188
1290.5000 9.1986952
1292.0000 10.769795
1293.5000 11.167843
1295.0000 11.308503
1296.5000 11.394392
1298.0000 11.695131
1299.5000 13.314191
1301.0000 14.164934
1302.5000 14.715933
1304.0000 14.672043
1305.5000 14.876174
1307.0000 15.455508
1308.5000 13.589021
1310.0000 13.058520
1311.5000 12.830358
1313.0000 14.129274
1314.5000 14.196933
1316.0000 14.605167
1317.5000 13.684743
1319.0000 11.797868
1320.5000 10.587830
1322.0000 11.081281
1323.5000 11.528937
1325.0000 11.593759
1326.5000 11.582850
1328.0000 11.864362
1329.5000 11.199786
1331.0000 11.712484
1332.5000 12.217251
1334.0000 11.151100
1335.5000 10.278629
1337.0000 10.359176
1338.5000 10.380954
1340.0000 15.552108
1341.5000 33.113747
1343.0000 31.733452
1344.5000 16.550631
1346.0000 19.846844
1347.5000 25.533598
1349.0000 31.761234
1350.5000 37.223057
1352.0000 41.164261
1353.5000 43.728325
1355.0000 44.218330
1356.5000 44.296547
1358.0000 43.993942
1359.5000 44.151176
1361.0000 44.226994
1362.5000 44.410065
1364.0000 44.598900
1365.5000 44.568256
1367.0000 44.371155
1368.5000 43.933502
1370.0000 43.426025
1371.5000 42.172058
1373.0000 40.322075
1374.5000 33.121803
1376.0000 33.813560
1377.5000 26.592409
1379.0000 25.990732
1380.5000 35.207809
1382.0000 35.257355
1383.5000 35.438564
1385.0000 34.609047
1386.5000 27.464367
1388.0000 27.726177
1389.5000 34.466019
1391.0000 34.316715
1392.5000 27.923008
1394.0000 27.845402
1395.5000 27.797110
1397.0000 27.739714
1398.5000 33.936615
1400.0000 33.871281
1401.5000 27.696156
1403.0000 27.725864
1404.5000 27.739166
1406.0000 33.423904
1407.5000 33.196156
1409.0000 33.078640
1410.5000 32.919987
1412.0000 27.908510
1413.5000 27.905001
1415.0000 27.858433
1416.5000 27.878523
1418.0000 27.945108
1419.5000 27.966885
1421.0000 27.954704
1422.5000 27.965635
1424.0000 31.866941
1425.5000 31.794287
1427.0000 27.925783
1428.5000 27.834402
1430.0000 27.854221
1431.5000 27.844925
1433.0000 27.834064
1434.5000 27.794556
1436.0000 31.264671
1437.5000 27.741882
1439.0000 27.641256
1440.5000 27.590818
1442.0000 27.531677
1443.5000 27.475050
1445.0000 30.841963
1446.5000 30.832260
1448.0000 30.796232
1449.5000 30.728800
1451.0000 30.594652
1452.5000 27.254578
1454.0000 27.243849
1455.5000 30.474890
1457.0000 27.425600
1458.5000 30.709379
1460.0000 27.672611
1461.5000 30.812492
1463.0000 30.779240
1464.5000 30.796412
1466.0000 27.646166
1467.5000 27.642866
1469.0000 27.675341
1470.5000 30.702703
1472.0000 27.767065
1473.5000 27.838638
1475.0000 30.800377
1476.5000 30.761551
1478.0000 27.872509
1479.5000 30.686707
1481.0000 27.843824
1482.5000 30.657566
1484.0000 30.645367
1485.5000 27.938961
1487.0000 30.672186
1488.5000 28.008642
1490.0000 30.679947
1491.5000 27.939255
1493.0000 30.636530
1494.5000 27.900551
1496.0000 30.619289
1497.5000 27.963718
1499.0000 30.612165
1500.5000 27.995285
1502.0000 30.656771
1503.5000 28.030893
1505.0000 30.544100
1506.5000 30.533707
1508.0000 28.059803
1509.5000 30.503164
1511.0000 28.139832
1512.5000 30.528816
1514.0000 30.533449
1515.5000 28.153761
1517.0000 28.166494
1518.5000 30.460588
1520.0000 28.154682
1521.5000 28.179523
1523.0000 30.388292
1524.5000 28.218740
1526.0000 30.424952
1527.5000 30.417719
1529.0000 28.168982
1530.5000 30.417694
1532.0000 30.404686
1533.5000 28.197428
1535.0000 28.195333
1536.5000 30.358465
1538.0000 28.233290
1539.5000 28.207285
1541.0000 30.411669
1542.5000 28.124435
1544.0000 30.397869
1545.5000 30.389488
1547.0000 28.143791
1548.5000 30.420738
1550.0000 30.419550
1551.5000 28.120506
1553.0000 30.417580
1554.5000 30.405922
1556.0000 28.106726
1557.5000 30.347815
1559.0000 30.356516
1560.5000 28.159313
1562.0000 28.159248
1563.5000 30.343716
1565.0000 28.178823
1566.5000 28.190210
1568.0000 30.315737
1569.5000 28.146006
1571.0000 28.180035
1572.5000 30.290758
1574.0000 28.237249
1575.5000 28.252998
1577.0000 30.242783
1578.5000 28.229815
1580.0000 28.189556
1581.5000 30.230423
1583.0000 28.192173
1584.5000 28.218050
1586.0000 30.281048
1587.5000 30.278069
1589.0000 28.183966
1590.5000 30.289698
1592.0000 30.256546
1593.5000 28.152107
1595.0000 30.242304
1596.5000 30.239277
1598.0000 28.175177
1599.5000 30.253736
1601.0000 30.261457
1602.5000 28.195990
1604.0000 30.237062
1605.5000 30.230570
1607.0000 28.135664
1608.5000 30.260288
1610.0000 30.256834
1611.5000 28.155338
1613.0000 30.240753
1614.5000 30.234789
1616.0000 28.191284
1617.5000 30.213684
1619.0000 30.181223
1620.5000 28.173595
1622.0000 28.188337
1623.5000 30.180700
1625.0000 28.219584
1626.5000 28.247377
1628.0000 30.159443
1629.5000 30.134239
1631.0000 28.200306
1632.5000 30.113993
1634.0000 28.230665
1635.5000 28.237743
1637.0000 30.104839
1638.5000 30.115688
1640.0000 28.245668
1641.5000 30.117212
1643.0000 30.086945
1644.5000 28.224190
1646.0000 30.080015
1647.5000 30.064032
1649.0000 28.271093
1650.5000 28.282135
1652.0000 30.050051
1653.5000 28.279827
1655.0000 30.002245
1656.5000 28.272118
1658.0000 30.025852
1659.5000 28.259361
1661.0000 30.017405
1662.5000 28.277031
1664.0000 30.012745
1665.5000 30.032349
1667.0000 28.296019
1668.5000 28.280474
1670.0000 29.952299
1671.5000 28.260347
1673.0000 28.266418
1674.5000 29.992174
1676.0000 29.983368
1677.5000 29.949255
1679.0000 29.912279
1680.5000 28.274563
1682.0000 28.278641
1683.5000 29.844845
1685.0000 28.313276
1686.5000 28.335083
1688.0000 28.389912
1689.5000 29.786028
1691.0000 28.397276
1692.5000 28.436186
1694.0000 28.403347
1695.5000 29.705425
1697.0000 28.445562
1698.5000 28.490559
1700.0000 28.534269
1701.5000 28.560892
1703.0000 29.562328
1704.5000 29.493933
1706.0000 28.604553
1707.5000 28.627501
1709.0000 28.659609
1710.5000 28.709560
1712.0000 28.747641
1713.5000 28.785585
1715.0000 28.822348
1716.5000 28.815020
1718.0000 28.812277
1719.5000 28.825407
1721.0000 28.841208
1722.5000 28.865517
1724.0000 28.901510
1725.5000 28.917921
1727.0000 28.936375
1728.5000 28.947357
1730.0000 28.915543
1731.5000 28.901974
1733.0000 28.929258
1734.5000 28.964266
1736.0000 28.957438
1737.5000 28.974159
1739.0000 29.004854
1740.5000 29.009624
1742.0000 29.003847
1743.5000 28.972448
1745.0000 28.974680
1746.5000 28.805655
1748.0000 29.014450
1749.5000 28.765648
1751.0000 28.745308
1752.5000 28.733570
1754.0000 28.721876
1755.5000 28.705612
1757.0000 28.681709
1758.5000 29.009354
1760.0000 29.006371
1761.5000 29.024874
1763.0000 29.062813
1764.5000 29.072117
1766.0000 29.056808
1767.5000 28.985714
1769.0000 28.949726
1770.5000 28.944796
1772.0000 28.961245
1773.5000 28.970312
1775.0000 28.978199
1776.5000 28.633602
1778.0000 28.622065
1779.5000 28.953768
1781.0000 28.942835
1782.5000 28.913961
1784.0000 28.928101
1785.5000 28.921747
1787.0000 28.962622
1788.5000 28.963203
1790.0000 28.540422
1791.5000 28.971554
1793.0000 28.942518
1794.5000 28.920544
1796.0000 28.913340
1797.5000 28.492123
1799.0000 28.917591
1800.5000 28.504250
1802.0000 28.914377
1803.5000 28.925102
1805.0000 28.901356
1806.5000 28.866903
1808.0000 28.857906
1809.5000 28.865267
1811.0000 28.897932
1812.5000 28.396225
1814.0000 28.923752
1815.5000 28.926008
1817.0000 28.970123
1818.5000 28.947641
1820.0000 28.278101
1821.5000 28.957428
1823.0000 28.928864
1824.5000 28.970243
1826.0000 29.005682
1827.5000 28.991104
1829.0000 29.009499
1830.5000 28.182106
1832.0000 28.977057
1833.5000 28.967337
1835.0000 28.156158
1836.5000 28.914371
1838.0000 28.907164
1839.5000 28.873840
1841.0000 28.185038
1842.5000 28.181755
1844.0000 28.880264
1845.5000 28.857336
1847.0000 28.855742
1848.5000 28.854090
1850.0000 28.155540
1851.5000 28.138367
1853.0000 28.135088
1854.5000 28.815706
1856.0000 28.805300
1857.5000 28.148598
1859.0000 28.767597
1860.5000 28.142076
1862.0000 28.774136
1863.5000 28.766064
1865.0000 28.136595
1866.5000 28.718229
1868.0000 28.141891
1869.5000 28.725922
1871.0000 28.089226
1872.5000 28.059883
1874.0000 28.743465
1875.5000 28.765102
1877.0000 28.016891
1878.5000 28.013815
1880.0000 28.783468
1881.5000 27.958214
1883.0000 28.764238
1884.5000 27.913845
1886.0000 28.777119
1887.5000 27.906651
1889.0000 28.763483
1890.5000 28.733013
1892.0000 27.894588
1893.5000 27.900251
1895.0000 28.709463
1896.5000 27.893465
1898.0000 27.913265
1899.5000 27.876760
1901.0000 27.889517
1902.5000 28.630775
1904.0000 27.982250
1905.5000 27.959019
1907.0000 27.938406
1908.5000 27.910767
1910.0000 27.896654
1911.5000 28.511261
1913.0000 27.923012
1914.5000 27.911079
1916.0000 27.908899
1917.5000 28.483658
1919.0000 28.450581
1920.5000 27.902510
1922.0000 27.922556
1923.5000 27.924259
1925.0000 27.914305
1926.5000 27.925398
1928.0000 27.911781
1929.5000 27.925495
1931.0000 27.907207
1932.5000 27.898401
1934.0000 28.307045
1935.5000 28.315285
1937.0000 28.344170
1938.5000 28.328554
1940.0000 28.326975
1941.5000 27.871775
1943.0000 27.864353
1944.5000 27.854221
1946.0000 27.860458
1947.5000 27.862875
1949.0000 28.226061
1950.5000 28.188295
1952.0000 27.934427
1953.5000 27.921431
1955.0000 27.942699
1956.5000 27.920830
1958.0000 27.906055
1959.5000 27.917168
1961.0000 27.924652
1962.5000 28.022472
1964.0000 28.022875
1965.5000 28.025860
1967.0000 27.999474
1968.5000 27.992521
1970.0000 27.930826
1971.5000 27.932261
1973.0000 27.986753
1974.5000 27.948975
1976.0000 27.965118
1977.5000 27.949230
1979.0000 27.946495
1980.5000 27.930399
1982.0000 27.910524
1983.5000 27.872831
1985.0000 27.993349
1986.5000 28.011303
1988.0000 28.016504
1989.5000 28.002697
1991.0000 27.795971
1992.5000 27.774149
1994.0000 27.795176
1995.5000 27.942293
1997.0000 27.941645
1998.5000 27.936136
2000.0000 27.809244
2001.5000 27.874313
2003.0000 27.885313
2004.5000 27.864075
2006.0000 27.849901
2007.5000 27.795973
2009.0000 27.796677
2010.5000 27.787031
2012.0000 27.767822
2013.5000 27.810720
2015.0000 27.805595
2016.5000 27.747086
2018.0000 27.786903
2019.5000 27.745455
2021.0000 27.748936
2022.5000 27.768238
2024.0000 27.696714
2025.5000 27.790012
2027.0000 27.661610
2028.5000 27.774868
2030.0000 27.759203
2031.5000 27.767281
2033.0000 27.752579
2034.5000 27.609888
2036.0000 27.616741
2037.5000 27.744999
2039.0000 27.726473
2040.5000 27.670036
2042.0000 27.639685
2043.5000 27.619598
2045.0000 27.590288
2046.5000 27.649612
2048.0000 27.591393
2049.5000 27.608662
2051.0000 27.605213
2052.5000 27.608377
2054.0000 27.585268
2055.5000 27.555059
2057.0000 27.526056
2058.5000 27.502232
2060.0000 27.453642
2061.5000 27.698263
2063.0000 27.413864
2064.5000 27.748764
2066.0000 27.339220
2067.5000 27.812014
2069.0000 27.793261
2070.5000 27.270489
2072.0000 27.793190
2073.5000 27.280535
2075.0000 27.739763
2076.5000 27.321198
2078.0000 27.316391
2079.5000 27.707315
2081.0000 27.307184
2082.5000 27.677959
2084.0000 27.644272
2085.5000 27.649296
2087.0000 27.658184
2088.5000 27.356268
2090.0000 27.596331
2091.5000 27.363752
2093.0000 27.527813
2094.5000 27.381023
2096.0000 27.472294
2097.5000 27.439562
2099.0000 27.412966
2100.5000 27.454609
2102.0000 27.481991
2103.5000 27.369476
2105.0000 27.359968
2106.5000 27.444044
2108.0000 27.440577
2109.5000 27.438372
2111.0000 27.343449
2112.5000 27.405176
2114.0000 27.360069
2115.5000 27.361891
2117.0000 27.413315
2118.5000 27.460157
2120.0000 27.188702
2121.5000 27.536894
2123.0000 27.115990
2124.5000 27.534460
2126.0000 27.531221
2127.5000 27.499363
2129.0000 27.154371
2130.5000 27.165030
2132.0000 27.150543
2133.5000 27.160929
2135.0000 27.164490
2136.5000 27.156635
2138.0000 27.163540
2139.5000 27.165188
2141.0000 27.158392
2142.5000 27.375341
2144.0000 27.359186
2145.5000 27.333288
2147.0000 27.151577
2148.5000 27.160200
2150.0000 27.298880
2151.5000 27.164597
2153.0000 27.158955
2154.5000 27.286642
2156.0000 27.157417
2157.5000 27.245087
2159.0000 27.172756
2160.5000 27.200222
2162.0000 27.160402
2163.5000 27.166265
2165.0000 27.164003
2166.5000 27.160166
2168.0000 27.160837
2169.5000 27.194412
2171.0000 27.108887
2172.5000 27.198997
2174.0000 27.072531
2175.5000 27.050320
2177.0000 27.211264
2178.5000 27.038435
2180.0000 27.023012
2181.5000 27.195652
2183.0000 27.217442
2184.5000 27.214645
2186.0000 27.199177
2187.5000 27.019909
2189.0000 27.202732
2190.5000 26.980947
2192.0000 26.957376
2193.5000 27.230169
2195.0000 27.235989
2196.5000 26.926134
2198.0000 27.277945
2199.5000 26.877644
2201.0000 27.298014
2202.5000 26.836519
2204.0000 27.302980
2205.5000 26.833773
2207.0000 27.326626
2208.5000 26.819656
2210.0000 27.334068
2211.5000 27.324644
2213.0000 27.315639
2214.5000 26.794256
2216.0000 27.309713
2217.5000 27.314924
2219.0000 26.813828
2220.5000 26.825432
2222.0000 27.259159
2223.5000 26.799561
2225.0000 27.284531
2226.5000 26.773148
2228.0000 27.298002
2229.5000 26.735123
2231.0000 27.304571
2232.5000 26.726999
2234.0000 27.277908
2235.5000 26.749701
2237.0000 27.271534
2238.5000 26.751493
2240.0000 27.259459
2241.5000 26.739288
2243.0000 27.247383
2244.5000 26.731258
2246.0000 26.745895
2247.5000 26.726465
2249.0000 26.748102
2250.5000 27.163134
2252.0000 27.147404
2253.5000 26.743191
2255.0000 27.130716
2256.5000 26.766230
2258.0000 26.766376
2259.5000 26.765322
2261.0000 27.078470
2262.5000 27.069771
2264.0000 27.056316
2265.5000 27.043163
2267.0000 27.020006
2268.5000 27.033724
2270.0000 27.042158
2271.5000 27.045044
2273.0000 27.033285
2274.5000 27.000113
2276.0000 27.007683
2277.5000 26.991625
2279.0000 26.974672
2280.5000 26.960737
2282.0000 26.946884
2283.5000 26.945684
2285.0000 26.896797
2286.5000 26.879436
2288.0000 26.861454
2289.5000 26.858044
2291.0000 26.859823
2292.5000 26.872208
2294.0000 26.841516
2295.5000 26.853214
2297.0000 26.871264
2298.5000 26.869139
2300.0000 26.865820
2301.5000 26.865292
2303.0000 26.868465
2304.5000 26.870043
2306.0000 26.880816
2307.5000 26.897470
2309.0000 26.925228
2310.5000 26.971895
2312.0000 26.817005
2313.5000 27.351297
2315.0000 27.565739
2316.5000 27.800781
2318.0000 28.016630
2319.5000 26.200020
2321.0000 26.098152
2322.5000 25.978176
2324.0000 25.863720
2325.5000 29.134720
2327.0000 25.642704
2328.5000 29.540653
2330.0000 29.689758
2331.5000 29.789251
2333.0000 25.501886
2334.5000 25.529949
2336.0000 30.015879
2337.5000 25.556816
2339.0000 25.544664
2340.5000 30.309013
2342.0000 25.488476
2343.5000 25.456055
2345.0000 30.633368
2346.5000 25.457233
2348.0000 30.811842
2349.5000 25.448563
2351.0000 30.999201
2352.5000 31.045986
2354.0000 25.475218
2355.5000 31.187405
2357.0000 31.205389
2358.5000 25.609457
2360.0000 31.280781
2361.5000 31.337690
2363.0000 25.731619
2364.5000 31.469809
2366.0000 25.872343
2367.5000 25.935070
2369.0000 31.581760
2370.5000 31.618666
2372.0000 31.666798
2373.5000 31.710253
2375.0000 26.185989
2376.5000 26.249062
2378.0000 31.814943
2379.5000 31.885921
2381.0000 31.944269
2382.5000 31.985056
2384.0000 31.997353
2385.5000 26.374683
2387.0000 26.408163
2388.5000 26.435175
2390.0000 26.489290
2391.5000 31.720797
2393.0000 31.626219
2394.5000 26.795704
2396.0000 26.898212
2397.5000 26.990274
2399.0000 27.065983
2400.5000 31.306572
2402.0000 31.254429
2403.5000 31.189428
2405.0000 27.473972
2406.5000 27.574701
2408.0000 27.667950
2409.5000 27.764881
2411.0000 27.875360
2412.5000 27.976151
2414.0000 28.102934
2415.5000 30.333710
2417.0000 30.247578
2418.5000 30.161633
2420.0000 30.090813
2421.5000 30.034187
2423.0000 29.979383
2424.5000 28.518967
2426.0000 28.573452
2427.5000 29.814701
2429.0000 28.639688
2430.5000 28.678896
2432.0000 28.729147
2433.5000 29.631783
2435.0000 28.851587
2436.5000 29.538916
2438.0000 28.979713
2439.5000 29.025934
2441.0000 29.056423
2442.5000 29.077948
2444.0000 29.327297
2445.5000 29.302914
2447.0000 29.270376
2448.5000 29.237885
2450.0000 29.195742
2451.5000 29.173275
2453.0000 29.144100
2454.5000 29.305902
2456.0000 29.322542
2457.5000 29.023125
2459.0000 29.371931
2460.5000 29.404747
2462.0000 28.957958
2463.5000 28.930122
2465.0000 28.895773
2466.5000 29.484110
2468.0000 28.841011
2469.5000 28.828930
2471.0000 29.559956
2472.5000 29.588270
2474.0000 28.782799
2475.5000 29.595848
2477.0000 29.591436
2478.5000 29.599758
2480.0000 29.606226
2481.5000 28.710171
2483.0000 28.701620
2484.5000 28.681276
2486.0000 28.666677
2487.5000 28.663477
2489.0000 29.687534
2490.5000 29.700403
2492.0000 29.712282
2493.5000 29.722107
2495.0000 29.725016
2496.5000 29.727646
2498.0000 29.745995
2499.5000 29.788307
2501.0000 29.836948
2502.5000 29.885433
2504.0000 29.936453
2505.5000 29.984840
2507.0000 30.028852
2508.5000 30.071436
2510.0000 28.462328
2511.5000 30.159525
2513.0000 28.499750
2514.5000 30.239088
2516.0000 28.506359
2517.5000 30.286287
2519.0000 30.307714
2520.5000 30.319748
2522.0000 28.557409
2523.5000 30.357426
2525.0000 28.580194
2526.5000 30.379887
2528.0000 30.393364
2529.5000 30.398367
2531.0000 30.398584
2532.5000 30.411524
2534.0000 30.432894
2535.5000 30.459185
2537.0000 30.444693
2538.5000 30.466171
2540.0000 30.455141
2541.5000 30.439533
2543.0000 30.432987
2544.5000 30.420731
2546.0000 29.031067
2547.5000 29.050240
2549.0000 29.061798
2550.5000 30.509600
2552.0000 30.531794
2553.5000 30.537771
2555.0000 30.544830
2556.5000 30.559731
2558.0000 30.579937
2559.5000 30.594971
2561.0000 30.599712
2562.5000 30.604696
2564.0000 30.622429
2565.5000 30.646555
2567.0000 30.670952
2568.5000 30.694906
2570.0000 30.711130
2571.5000 29.342634
2573.0000 29.354128
2574.5000 30.759752
2576.0000 29.354654
2577.5000 30.764359
2579.0000 30.762516
2580.5000 30.767908
2582.0000 29.473982
2583.5000 30.817158
2585.0000 30.831404
2586.5000 30.850077
2588.0000 29.526892
2589.5000 29.525129
2591.0000 30.859407
2592.5000 30.855906
2594.0000 30.859997
2595.5000 30.876400
2597.0000 29.574686
2598.5000 29.594353
2600.0000 30.952509
2601.5000 29.626970
2603.0000 29.638618
2604.5000 31.024000
2606.0000 31.011492
2607.5000 29.631025
2609.0000 29.644665
2610.5000 30.945229
2612.0000 30.948055
2613.5000 30.963966
2615.0000 30.984129
2616.5000 31.005121
2618.0000 31.016140
2619.5000 31.005791
2621.0000 30.980040
2622.5000 30.945095
2624.0000 30.931528
2625.5000 30.933571
2627.0000 29.825638
2628.5000 29.838169
2630.0000 31.027758
2631.5000 29.908953
2633.0000 29.934967
2634.5000 30.986744
2636.0000 29.939871
2637.5000 30.888361
2639.0000 30.869917
2640.5000 30.878069
2642.0000 30.035751
2643.5000 30.884838
2645.0000 30.890640
2646.5000 30.159155
2648.0000 30.156631
2649.5000 30.860800
2651.0000 30.813986
2652.5000 30.780287
2654.0000 30.766691
2655.5000 30.739553
2657.0000 30.695324
2658.5000 30.687578
2660.0000 30.410910
2661.5000 30.612009
2663.0000 30.557966
2664.5000 30.517605
2666.0000 30.419949
2667.5000 30.492052
2669.0000 30.480139
2670.5000 30.537712
2672.0000 30.603294
2673.5000 30.633112
2675.0000 30.363438
2676.5000 30.332783
2678.0000 30.309401
2679.5000 30.582727
2681.0000 30.287075
2682.5000 30.671652
2684.0000 30.709269
2685.5000 30.719814
2687.0000 30.211979
2688.5000 30.180521
2690.0000 30.155190
2691.5000 30.683113
2693.0000 30.717234
2694.5000 30.746035
2696.0000 30.119818
2697.5000 30.091660
2699.0000 30.075006
2700.5000 30.657990
2702.0000 30.617563
2703.5000 30.022697
2705.0000 30.022877
2706.5000 30.006477
2708.0000 29.977489
2709.5000 30.413488
2711.0000 30.328316
2712.5000 30.190601
2714.0000 29.811905
2715.5000 28.337667
2717.0000 6.9885559
2718.5000 5.7392554
2720.0000 7.4323072
2721.5000 13.525306
2723.0000 7.8622241
2724.5000 4.8029742
2726.0000 3.6845043
2727.5000 3.2003646
2729.0000 3.0062504
2730.5000 2.9281650
2732.0000 2.9330957
2733.5000 3.0366139
2735.0000 5.4349179
2736.5000 6.8672261
2738.0000 6.3678398
2739.5000 7.1885080
2741.0000 7.1872430
2742.5000 7.0937304
2744.0000 7.3741097
2745.5000 8.8726826
2747.0000 9.0546484
2748.5000 8.8345175
2750.0000 8.6779165
2751.5000 8.4991341
2753.0000 8.3965750
2754.5000 9.3422451
2756.0000 11.581514
2757.5000 7.9687519
2759.0000 5.9444370
2760.5000 5.2239838
2762.0000 4.5989766
2763.5000 5.4904227
2765.0000 7.7693658
2766.5000 7.0576658
2768.0000 5.1176586
2769.5000 4.1952529
2771.0000 3.3791001
2772.5000 3.1507995
2774.0000 2.9353099
2775.5000 2.8169019
2777.0000 2.6973217
2778.5000 2.6432531
2780.0000 2.6085677
2781.5000 2.5776105
2783.0000 2.5552661
2784.5000 2.5438733
2786.0000 2.5503356
2787.5000 2.5216699
2789.0000 2.5059009
2790.5000 2.4971838
2792.0000 2.5033002
2793.5000 2.5157166
2795.0000 2.5115743
2796.5000 3.6288359
2798.0000 3.7752900
2799.5000 3.6572657
2801.0000 4.7330709
2802.5000 5.0400548
2804.0000 5.1909986
2805.5000 5.4531403
2807.0000 6.8153453
2808.5000 6.1912107
2810.0000 7.2570639
2811.5000 7.4169183
2813.0000 7.5440936
2814.5000 7.6057458
2816.0000 7.5995669
2817.5000 6.5361352
2819.0000 6.7794108
2820.5000 7.0703297
2822.0000 7.8391423
2823.5000 8.6441116
2825.0000 10.096631
2826.5000 10.519718
2828.0000 8.2148170
2829.5000 7.7444291
2831.0000 7.6250534
2832.5000 7.6885653
2834.0000 8.0189180
2835.5000 8.3211308
2837.0000 7.8878112
2838.5000 8.6572142
2840.0000 8.8553658
2841.5000 8.6857157
2843.0000 8.6990833
2844.5000 7.7947478
2846.0000 7.6452222
2847.5000 7.3221583
2849.0000 6.8597798
2850.5000 7.1660981
2852.0000 7.2295103
2853.5000 7.3946338
2855.0000 7.5660315
2856.5000 7.7525258
2858.0000 7.6963706
2859.5000 7.6217065
2861.0000 8.4777355
2862.5000 7.6139493
2864.0000 6.8463721
2865.5000 6.1568456
2867.0000 6.8819413
2868.5000 6.8840709
2870.0000 7.0453796
2871.5000 6.7806435
2873.0000 7.1823115
2874.5000 6.9436350
2876.0000 6.8992748
2877.5000 7.4452944
2879.0000 6.8053770
2880.5000 6.7637053
2882.0000 6.8453293
2883.5000 7.6611872
2885.0000 7.0267944
2886.5000 6.7283053
2888.0000 7.8521791
2889.5000 6.2100554
2891.0000 6.3009348
2892.5000 8.0463133
2894.0000 6.7934046
2895.5000 6.7031698
2897.0000 6.8174429
2898.5000 6.5545363
2900.0000 6.3911600
2901.5000 6.2328968
2903.0000 6.8679895
2904.5000 6.8987489
2906.0000 7.1768465
2907.5000 6.6755199
2909.0000 7.0107570
2910.5000 6.2499795
2912.0000 6.8490324
2913.5000 6.5396557
2915.0000 7.9594703
2916.5000 6.6074319
2918.0000 7.7606096
2919.5000 7.3371549
2921.0000 6.5640569
2922.5000 7.2356753
2924.0000 6.7839131
2925.5000 6.5694499
2927.0000 6.5847130
2928.5000 6.9823537
2930.0000 7.0409579
2931.5000 6.9751797
2933.0000 6.5603762
2934.5000 6.5247755
2936.0000 6.0040083
2937.5000 6.2197824
2939.0000 6.0275884
2940.5000 6.5574088
2942.0000 6.2984338
2943.5000 8.1230783
2945.0000 6.1122270
2946.5000 6.3240104
2948.0000 5.7142658
2949.5000 5.7237163
2951.0000 5.8604283
2952.5000 6.5389676
2954.0000 6.7802172
2955.5000 6.0632234
2957.0000 7.0661139
2958.5000 6.0078611
2960.0000 6.7965150
2961.5000 7.0300875
2963.0000 6.9970331
2964.5000 6.0146365
2966.0000 7.4091964
2967.5000 6.3214016
2969.0000 5.9507022
2970.5000 5.9650040
2972.0000 5.1702061
2973.5000 7.0452104
2975.0000 7.4523096
2976.5000 7.8772602
2978.0000 7.8374624
2979.5000 7.6587253
2981.0000 7.6263099
2982.5000 7.9772110
2984.0000 7.8286314
2985.5000 7.4937963
2987.0000 7.2947707
2988.5000 9.0486231
2990.0000 7.1460748
2991.5000 7.1275373
2993.0000 6.7157602
2994.5000 6.5374141
2996.0000 6.3316875
2997.5000 5.8751988
2999.0000 6.1836696
3000.0000 5.8275561
3001.5000 13.315207
3003.0000 7.9981809
3004.5000 5.8754668
3006.0000 6.1011963
3007.5000 6.4426265
3009.0000 5.8637648
3010.5000 5.3920021
3012.0000 4.3363266
3013.5000 3.8038316
3015.0000 4.9502430
3016.5000 4.5262408
3018.0000 4.9877429
3019.5000 9.4270573
3021.0000 22.141872
3022.5000 22.490765
3024.0000 25.865572
3025.5000 30.627272
3027.0000 33.966621
3028.5000 35.633144
3030.0000 37.100117
3031.5000 37.993847
3033.0000 38.872936
3034.5000 39.661892
3036.0000 40.326992
3037.5000 40.421299
3039.0000 40.434834
3040.5000 40.350662
3042.0000 40.266491
3043.5000 40.082260
3045.0000 39.822517
3046.5000 39.608295
3048.0000 39.519573
3049.5000 39.464207
3051.0000 39.452892
3052.5000 39.474724
3054.0000 39.510410
3055.5000 39.515209
3057.0000 39.483883
3058.5000 39.348366
3060.0000 39.279743
3061.5000 39.323196
3063.0000 39.376823
3064.5000 39.403503
3066.0000 39.455101
3067.5000 39.454586
3069.0000 39.402512
3070.5000 39.264359
3072.0000 39.172016
3073.5000 39.054462
3075.0000 39.018723
3076.5000 39.003441
3078.0000 38.894966
3079.5000 38.863846
3081.0000 38.768635
3082.5000 38.681866
3084.0000 38.619274
3085.5000 38.579933
3087.0000 38.634033
3088.5000 38.755539
3090.0000 38.870667
3091.5000 38.960407
3093.0000 39.015095
3094.5000 39.005947
3096.0000 38.893562
3097.5000 38.683231
3099.0000 38.468746
3100.5000 38.286125
3102.0000 38.115341
3103.5000 38.092762
3105.0000 38.072838
3106.5000 38.099205
3108.0000 38.169380
3109.5000 37.879295
3111.0000 37.514050
3112.5000 37.224289
3114.0000 37.156052
3115.5000 37.183174
3117.0000 37.275555
3118.5000 37.758457
3120.0000 37.863064
3121.5000 37.780285
3123.0000 37.688286
3124.5000 37.789238
3126.0000 37.940014
3127.5000 38.059437
3129.0000 38.192284
3130.5000 38.325188
3132.0000 38.431984
3133.5000 38.452377
3135.0000 38.399513
3136.5000 38.377514
3138.0000 38.350277
3139.5000 38.301922
3141.0000 38.223160
3142.5000 38.108669
3144.0000 38.059750
3145.5000 38.030136
3147.0000 37.928108
3148.5000 37.845612
3150.0000 37.782585
3151.5000 37.687050
3153.0000 37.579281
3154.5000 37.454308
3156.0000 37.401466
3157.5000 37.368702
3159.0000 37.372471
3160.5000 37.393993
3162.0000 37.439159
3163.5000 37.493942
3165.0000 37.531277
3166.5000 37.543980
3168.0000 37.607857
3169.5000 37.642838
3171.0000 37.685722
3172.5000 37.686008
3174.0000 37.660553
3175.5000 37.651947
3177.0000 37.593697
3178.5000 37.509087
3180.0000 37.498077
3181.5000 37.491817
3183.0000 37.474529
3184.5000 37.445465
3186.0000 37.440193
3187.5000 37.394749
3189.0000 37.347511
3190.5000 37.314342
3192.0000 37.243591
3193.5000 37.179878
3195.0000 37.108929
3196.5000 22.356043
3198.0000 22.386337
3199.5000 21.427370
3201.0000 21.327881
3202.5000 21.271786
3204.0000 21.245504
3205.5000 22.613977
3207.0000 21.194714
3208.5000 22.595154
3210.0000 22.573196
3211.5000 21.174049
3213.0000 22.515339
3214.5000 21.195374
3216.0000 21.175674
3217.5000 21.107424
3219.0000 21.090916
3220.5000 21.079117
3222.0000 21.051313
3223.5000 22.523386
3225.0000 22.517868
3226.5000 21.009129
3228.0000 20.984274
3229.5000 20.972597
3231.0000 20.973520
3232.5000 20.969143
3234.0000 22.372763
3235.5000 20.962774
3237.0000 20.964342
3238.5000 20.963161
3240.0000 22.260883
3241.5000 20.953329
3243.0000 20.951960
3244.5000 22.181309
3246.0000 20.932817
3247.5000 22.124773
3249.0000 20.920513
3250.5000 20.918922
3252.0000 22.042032
3253.5000 20.903809
3255.0000 21.991198
3256.5000 20.887100
3258.0000 20.877535
3259.5000 20.872288
3261.0000 21.907787
3262.5000 21.866735
3264.0000 20.867250
3265.5000 21.827869
3267.0000 20.832571
3268.5000 20.818174
3270.0000 20.809549
3271.5000 20.806606
3273.0000 21.697798
3274.5000 21.642809
3276.0000 20.857906
3277.5000 20.869186
3279.0000 20.871069
3280.5000 20.871580
3282.0000 20.546358
3283.5000 22.272840
3285.0000 19.827526
3286.5000 22.847717
3288.0000 23.008707
3289.5000 23.240873
3291.0000 23.491344
3292.5000 23.777336
3294.0000 24.080971
3295.5000 24.365124
3297.0000 24.622223
3298.5000 24.854986
3300.0000 25.056278
3301.5000 25.247225
3303.0000 25.437269
3304.5000 25.607780
3306.0000 17.878229
3307.5000 17.884127
3309.0000 17.884548
3310.5000 17.912983
3312.0000 17.955141
3313.5000 25.951269
3315.0000 18.064220
3316.5000 18.069504
3318.0000 26.164148
3319.5000 26.241642
3321.0000 26.307554
3322.5000 26.368105
3324.0000 26.437483
3325.5000 26.524572
3327.0000 26.575911
3328.5000 26.643002
3330.0000 26.669361
3331.5000 26.697035
3333.0000 26.711912
3334.5000 26.747772
3336.0000 26.776640
3337.5000 26.838587
3339.0000 26.797562
3340.5000 18.613361
3342.0000 18.660061
3343.5000 26.836245
3345.0000 18.820992
3346.5000 18.903204
3348.0000 18.981956
3349.5000 19.055628
3351.0000 19.107807
3352.5000 19.156727
3354.0000 19.174765
3355.5000 19.232269
3357.0000 19.303766
3358.5000 19.384192
3360.0000 19.439980
3361.5000 19.464314
3363.0000 26.984566
3364.5000 19.467890
3366.0000 27.034374
3367.5000 27.103703
3369.0000 22.694363
3370.5000 22.434500
3372.0000 24.003263
3373.5000 21.980959
3375.0000 21.841026
3376.5000 24.731167
3378.0000 22.947649
3379.5000 22.642471
3381.0000 24.113121
3382.5000 24.378111
3384.0000 24.687208
3385.5000 24.965878
3387.0000 25.230209
3388.5000 25.469736
3390.0000 25.701097
3391.5000 21.369413
3393.0000 21.320923
3394.5000 26.195295
3396.0000 21.195414
3397.5000 21.115255
3399.0000 26.629293
3400.5000 26.767225
3402.0000 26.917458
3403.5000 27.049530
3405.0000 20.839872
3406.5000 27.311546
3408.0000 27.427841
3409.5000 20.759851
3411.0000 27.604458
3412.5000 27.674728
3414.0000 20.706257
3415.5000 20.701042
3417.0000 27.881731
3418.5000 20.710281
3420.0000 28.014013
3421.5000 20.703869
3423.0000 28.120638
3424.5000 28.178274
3426.0000 20.696655
3427.5000 20.693842
3429.0000 28.295359
3430.5000 28.312185
3432.0000 28.347010
3433.5000 20.766588
3435.0000 28.404333
3436.5000 28.443525
3438.0000 20.825235
3439.5000 28.542414
3441.0000 28.628033
3442.5000 28.710640
3444.0000 20.765560
3445.5000 20.798162
3447.0000 28.860987
3448.5000 28.883240
3450.0000 28.939871
3451.5000 20.870863
3453.0000 28.922297
3454.5000 20.948116
3456.0000 20.987774
3457.5000 28.886868
3459.0000 28.842735
3460.5000 21.129442
3462.0000 21.162287
3463.5000 21.244482
3465.0000 28.609192
3466.5000 21.441992
3468.0000 28.437481
3469.5000 28.315710
3471.0000 28.201674
3472.5000 21.762442
3474.0000 27.831724
3475.5000 27.673729
3477.0000 27.541803
3478.5000 27.437017
3480.0000 27.358601
3481.5000 27.336653
3483.0000 27.305298
3484.5000 27.266434
3486.0000 22.408165
3487.5000 27.155178
3489.0000 22.498119
3490.5000 22.530254
3492.0000 22.565870
3493.5000 22.623871
3495.0000 22.693102
3496.5000 26.828821
3498.0000 22.780993
3499.5000 26.742908
3501.0000 26.657707
3502.5000 22.944454
3504.0000 26.485586
3505.5000 26.368589
3507.0000 26.249941
3508.5000 26.107763
3510.0000 23.356880
3511.5000 23.503792
3513.0000 25.588633
3514.5000 23.873661
3516.0000 24.015318
3517.5000 25.065765
3519.0000 24.281164
3520.5000 24.796719
3522.0000 24.490866
3523.5000 24.576483
3525.0000 24.506126
3526.5000 24.430094
3528.0000 24.363485
3529.5000 24.797882
3531.0000 24.273857
3532.5000 24.223505
3534.0000 24.167086
3535.5000 24.133509
3537.0000 24.092024
3538.5000 24.043180
3540.0000 24.002256
3541.5000 23.967230
3543.0000 23.944181
3544.5000 23.908554
3546.0000 23.876099
3547.5000 23.845587
3549.0000 23.830662
3550.5000 23.807337
3552.0000 23.781710
3553.5000 23.758303
3555.0000 23.747290
3556.5000 23.733749
3558.0000 23.710360
3559.5000 23.688667
3561.0000 23.677704
3562.5000 23.678764
3564.0000 23.673695
3565.5000 23.667965
3567.0000 23.669210
3568.5000 23.672373
3570.0000 23.647854
3571.5000 23.626127
3573.0000 23.612518
3574.5000 23.594561
3576.0000 23.581762
3577.5000 23.570070
3579.0000 23.559843
3580.5000 23.554710
3582.0000 23.558531
3583.5000 23.557276
3585.0000 23.549337
3586.5000 23.553375
3588.0000 23.556990
3589.5000 23.522364
3591.0000 23.498375
3592.5000 23.561914
3594.0000 25.242691
3595.5000 25.231234
3597.0000 25.243572
3598.5000 25.273476
3600.0000 23.545179
3601.5000 25.380400
3603.0000 23.492592
3604.5000 23.485386
3606.0000 25.406824
3607.5000 25.437265
3609.0000 23.436693
3610.5000 25.485298
3612.0000 25.487476
3613.5000 23.421965
3615.0000 25.497343
3616.5000 23.385378
3618.0000 25.548336
3619.5000 25.565233
3621.0000 23.345882
3622.5000 25.578169
3624.0000 23.331795
3625.5000 25.612566
3627.0000 25.619053
3628.5000 23.303202
3630.0000 25.630175
3631.5000 23.295124
3633.0000 25.647488
3634.5000 25.665564
3636.0000 23.275875
3637.5000 25.669865
3639.0000 23.273785
3640.5000 25.682125
3642.0000 25.689259
3643.5000 23.277233
3645.0000 25.672504
3646.5000 23.294724
3648.0000 25.657207
3649.5000 25.667061
3651.0000 23.305853
3652.5000 25.654472
3654.0000 23.310143
3655.5000 25.632113
3657.0000 25.632410
3658.5000 23.332264
3660.0000 25.616339
3661.5000 23.342690
3663.0000 23.347801
3664.5000 23.363634
3666.0000 23.373421
3667.5000 23.384409
3669.0000 23.394478
3670.5000 23.407200
3672.0000 23.415041
3673.5000 23.423788
3675.0000 23.431921
3676.5000 23.439333
3678.0000 23.446035
3679.5000 23.450480
3681.0000 23.454327
3682.5000 23.459084
3684.0000 23.465363
3685.5000 23.470633
3687.0000 23.475471
3688.5000 23.479696
3690.0000 23.483919
3691.5000 23.487568
3693.0000 23.490088
3694.5000 23.490807
3696.0000 23.494339
3697.5000 23.497808
3699.0000 23.501911
3700.5000 23.504128
3702.0000 23.506737
3703.5000 23.508089
3705.0000 23.509468
3706.5000 23.510647
3708.0000 23.511868
3709.5000 23.512438
3711.0000 23.510405
3712.5000 23.509521
3714.0000 23.506565
3715.5000 23.504917
3717.0000 23.504324
3718.5000 23.502590
3720.0000 23.501762
3721.5000 23.493719
3723.0000 23.479801
3724.5000 23.469292
3726.0000 23.460093
3727.5000 23.454132
3729.0000 23.451191
3730.5000 23.449371
3732.0000 23.448633
3733.5000 23.448372
3735.0000 23.444998
3736.5000 23.443880
3738.0000 23.443232
3739.5000 23.444042
3741.0000 23.445784
3742.5000 23.447613
3744.0000 23.447468
3745.5000 23.445395
3747.0000 23.441637
3748.5000 23.439537
3750.0000 23.438391
3751.5000 23.437300
3753.0000 23.436401
3754.5000 23.435337
3756.0000 23.434166
3757.5000 23.432320
3759.0000 23.428967
3760.5000 23.425987
3762.0000 23.426659
3763.5000 23.427711
3765.0000 23.425726
3766.5000 23.423393
3768.0000 23.423384
3769.5000 23.426743
3771.0000 23.428013
3772.5000 23.425308
3774.0000 23.433743
3775.5000 23.442499
3777.0000 23.455194
3778.5000 23.461189
3780.0000 23.464926
3781.5000 24.704426
3783.0000 23.407877
3784.5000 24.296497
3786.0000 22.737648
3787.5000 3.8849022
3789.0000 4.0213308
3790.5000 10.057424
3792.0000 5.8195934
3793.5000 3.4452782
3795.0000 2.4958329
3796.5000 2.2028415
3798.0000 2.0167818
3799.5000 1.9316500
3801.0000 1.8682455
3802.5000 1.8394474
3804.0000 1.8164216
3805.5000 1.8036532
3807.0000 1.7959623
3808.5000 2.4108322
3810.0000 3.6019554
3811.5000 3.1471481
3813.0000 7.8315220
3814.5000 6.3955183
3816.0000 4.2629428
3817.5000 2.7241859
3819.0000 3.7069032
3820.5000 2.3141465
3822.0000 4.3176737
3823.5000 6.0797825
3825.0000 4.7486105
3826.5000 4.2760210
3828.0000 4.0858321
3829.5000 3.7964680
3831.0000 3.6299326
3832.5000 3.0911028
3834.0000 3.0699692
3835.5000 2.7648830
3837.0000 2.3361385
3838.5000 2.3240664
3840.0000 2.1153524
3841.5000 2.1392958
3843.0000 2.0540900
3844.5000 1.9212922
3846.0000 1.8807344
3847.5000 1.8423904
3849.0000 1.8016967
3850.5000 1.7843574
3852.0000 1.7279812
3853.5000 1.7081323
3855.0000 1.7009881
3856.5000 2.7841611
3858.0000 2.4701700
3859.5000 2.0679417
3861.0000 1.9814938
3862.5000 1.8630853
3864.0000 1.7922316
3865.5000 1.7221627
3867.0000 1.7588567
3868.5000 1.9168094
3870.0000 1.8068993
3871.5000 1.7137513
3873.0000 1.6772940
3874.5000 1.6502409
3876.0000 2.2007556
3877.5000 3.1160650
3879.0000 3.1003530
3880.5000 2.3721497
3882.0000 2.0394917
3883.5000 1.9326581
3885.0000 1.7631758
3886.5000 1.7326370
3888.0000 1.6645489
3889.5000 2.9714854
3891.0000 4.0559807
3892.5000 4.7091908
3894.0000 4.1710978
3895.5000 4.2419782
3897.0000 4.5162325
3898.5000 4.0424614
3900.0000 5.4354920
3901.5000 5.4266582
3903.0000 4.8346577
3904.5000 4.4403591
3906.0000 3.9735568
3907.5000 5.8616109
3909.0000 6.1350465
3910.5000 5.8025589
3912.0000 5.3787594
3913.5000 4.9465737
3915.0000 4.8016558
3916.5000 5.4159517
3918.0000 5.1989784
3919.5000 5.2372527
3921.0000 5.1458788
3922.5000 5.0100322
3924.0000 4.8348994
3925.5000 4.8738389
3927.0000 4.8789954
3928.5000 5.0200882
3930.0000 4.8912568
3931.5000 5.0657144
3933.0000 5.0791082
3934.5000 4.9598541
3936.0000 4.8403382
3937.5000 4.8242736
3939.0000 4.7687025
3940.5000 4.8326793
3942.0000 4.8812480
3943.5000 4.9010606
3945.0000 4.8244276
3946.5000 4.7286258
3948.0000 4.7865877
3949.5000 4.7839837
3951.0000 4.7290277
3952.5000 4.7940722
3954.0000 4.7302685
3955.5000 5.1128216
3957.0000 4.8665214
3958.5000 4.9325857
3960.0000 4.6847835
3961.5000 4.8399992
3963.0000 4.9716191
3964.5000 4.6486745
3966.0000 4.5333366
3967.5000 4.7257395
3969.0000 4.9515624
3970.5000 4.6967487
3972.0000 4.7916460
3973.5000 4.8660259
3975.0000 4.8685923
3976.5000 4.6566978
3978.0000 4.7306862
3979.5000 4.8318748
3981.0000 4.6018586
3982.5000 4.7166743
3984.0000 4.6020241
3985.5000 4.6385040
3987.0000 4.7048602
3988.5000 4.8503575
3990.0000 4.7021098
3991.5000 4.4981933
3993.0000 4.5780611
3994.5000 4.8466349
3996.0000 4.7013426
3997.5000 4.5373006
3999.0000 4.5992403
4000.5000 4.5597167
4002.0000 4.5172935
4003.5000 4.6427650
4005.0000 4.8216038
4006.5000 4.6575503
4008.0000 4.5830073
4009.5000 4.7305932
4011.0000 4.7523804
4012.5000 4.5482702
4014.0000 4.5761437
4015.5000 4.3473549
4017.0000 4.3781805
4018.5000 4.5166931
4020.0000 4.5342922
4021.5000 4.4511757
4023.0000 4.6436810
4024.5000 4.8279781
4026.0000 4.5576229
4027.5000 4.3929939
4029.0000 4.2822566
4030.5000 4.5832472
4032.0000 4.1626601
4033.5000 4.5833044
4035.0000 4.4077034
4036.5000 4.4070210
4038.0000 4.6772585
4039.5000 4.7049689
4041.0000 4.5081062
4042.5000 4.3036127
4044.0000 4.3940868
4045.5000 4.3940330
4047.0000 4.3238645
4048.5000 4.2947307
4050.0000 4.1462183
4051.5000 4.4078560
4053.0000 4.2828689
4054.5000 4.2387204
4056.0000 4.7140360
4057.5000 4.7783718
4059.0000 4.5452480
4060.5000 4.5240707
4062.0000 4.4602866
4063.5000 4.1709495
4065.0000 4.3913889
4066.5000 4.4863400
4068.0000 4.1033235
4069.5000 4.4288898
4071.0000 4.4930353
4072.5000 4.5518599
4074.0000 4.5776081
4075.5000 4.6148520
4077.0000 4.5896873
4078.5000 4.6363673
4080.0000 4.5910535
4081.5000 4.4804540
4083.0000 4.6027317
4084.5000 4.3360023
4086.0000 4.3036141
4087.5000 4.7151737
4089.0000 4.6045933
4090.5000 4.7373843
4092.0000 4.7065215
4093.5000 4.6186399
4095.0000 4.4317183
4096.5000 4.5947695
4098.0000 4.5789008
4099.5000 4.3694062
4101.0000 4.0517282
4102.5000 3.8857169
4104.0000 4.0678596
4105.5000 4.3738480
4107.0000 4.4419928
4108.5000 4.6457415
4110.0000 4.5637031
4111.5000 4.4453006
4113.0000 4.2017040
4114.5000 4.0498257
4116.0000 4.2042007
4117.5000 4.1237407
4119.0000 4.0738215
4120.5000 4.7981977
4122.0000 4.2351727
4123.5000 4.3497629
4125.0000 4.7191434
4126.5000 4.7848387
4128.0000 4.5489278
4129.5000 4.7299533
4131.0000 4.1529517
4132.5000 4.4281120
4134.0000 4.1567926
4135.5000 4.1377807
4137.0000 4.1446447
4138.5000 4.4573021
4140.0000 4.1909008
4141.5000 4.2477946
4143.0000 4.5986362
4144.5000 4.6967592
4146.0000 4.3656607
4147.5000 4.3321352
4149.0000 4.1154561
4150.5000 4.2773314
4152.0000 3.3901122
4153.5000 3.2527924
4155.0000 3.6847486
4156.5000 4.0658207
4158.0000 4.3201480
4159.5000 4.5885048
4161.0000 4.7312608
4162.5000 4.6301370
4164.0000 4.4598365
4165.5000 3.4509585
4167.0000 3.6638520
4168.5000 3.7770627
4170.0000 3.6431849
4171.5000 3.2137666
4173.0000 3.0554233
4174.5000 3.4909232
4176.0000 4.0671821
4177.5000 4.3768907
4179.0000 4.5653024
4180.5000 4.5521936
4182.0000 4.4930286
4183.5000 3.7638426
4185.0000 3.2200480
4186.5000 2.6986246
4188.0000 2.7644753
4189.5000 3.0837715
4191.0000 3.1699533
4192.5000 2.9217129
4194.0000 3.5558038
4195.5000 4.1014643
4197.0000 3.6125903
4198.5000 3.7963343
4200.0000 4.1893635
4201.5000 3.6805127
4203.0000 2.5864456
4204.5000 1.8892620
4206.0000 1.5832455
4207.5000 1.5514045
4209.0000 1.5974669
4210.5000 1.6351390
4212.0000 1.6437124
4213.5000 1.6626257
4215.0000 2.8598831
4216.5000 2.8142061
4218.0000 2.3954315
4219.5000 1.9837818
4221.0000 1.7070547
4222.5000 1.5860348
4224.0000 1.5475554
4225.5000 1.5430710
4227.0000 1.5437423
4228.5000 1.5423613
4230.0000 1.5360249
4231.5000 1.5278925
4233.0000 1.5210298
4234.5000 1.5161878
4236.0000 1.5141182
4237.5000 1.5136262
4239.0000 1.5139714
4240.5000 1.5811797
4242.0000 1.5757389
4243.5000 1.5726194
4245.0000 1.5702693
4246.5000 1.5686185
4248.0000 1.5640364
4249.5000 1.5630172
4251.0000 1.5626038
4252.5000 1.5626707
4254.0000 1.5619744
4255.5000 1.5616983
4257.0000 1.5607749
4258.5000 1.5600828
4260.0000 1.5589647
4261.5000 1.5586019
4263.0000 1.5580459
4264.5000 1.5576193
4266.0000 1.5567645
4267.5000 1.5565584
4269.0000 1.5556952
4270.5000 1.5555130
4272.0000 1.5547930
4273.5000 1.5544341
4275.0000 1.5538615
4276.5000 1.5537021
4278.0000 1.5563824
4279.5000 1.5601094
4281.0000 1.5606784
4282.5000 1.5591288
4284.0000 1.5563709
4285.5000 1.5540515
4287.0000 1.5519458
4288.5000 1.5505431
4290.0000 1.5500784
4291.5000 1.5494771
4293.0000 1.5488268
4294.5000 1.5495381
4296.0000 1.5551709
4297.5000 1.5592860
4299.0000 1.5598087
4300.5000 1.5576774
4302.0000 1.5542773
4303.5000 1.5513171
4305.0000 1.5494323
4306.5000 1.5481212
4308.0000 1.5471151
4309.5000 1.5457121
4311.0000 1.5454024
4312.5000 1.5452027
4314.0000 1.5444107
4315.5000 1.5441983
4317.0000 1.5442556
4318.5000 1.5439528
4320.0000 1.5436854
4321.5000 1.5439727
4323.0000 1.5433823
4324.5000 1.5430257
4326.0000 1.5419499
4327.5000 1.5424478
4329.0000 1.5419569
4330.5000 1.5412141
4332.0000 1.5405688
4333.5000 1.5408138
4335.0000 1.5405316
4336.5000 1.5407535
4338.0000 1.5406396
4339.5000 1.5405421
4341.0000 1.5400761
4342.5000 1.5398198
4344.0000 1.5393695
4345.5000 1.5390073
4347.0000 1.5386249
4348.5000 1.5384035
4350.0000 1.5381345
4351.5000 1.5379786
4353.0000 1.5380912
4354.5000 1.5382315
4356.0000 1.5382224
4357.5000 1.5380727
4359.0000 1.5380056
4360.5000 1.5374627
4362.0000 1.5371141
4363.5000 1.5362250
4365.0000 1.5362340
4366.5000 1.5360829
4368.0000 1.5359199
4369.5000 1.5360138
4371.0000 1.5345345
4372.5000 1.5359552
4374.0000 1.5356767
4375.5000 1.5354317
4377.0000 1.5351105
4378.5000 1.5349284
4380.0000 1.5344093
4381.5000 1.5340248
4383.0000 1.5338023
4384.5000 1.5339400
4386.0000 1.5338167
4387.5000 1.5334861
4389.0000 1.5335367
4390.5000 1.5330492
4392.0000 1.5329363
4393.5000 1.5328206
4395.0000 1.5325511
4396.5000 1.5323406
4398.0000 1.5321273
4399.5000 1.5317324
4401.0000 1.5316973
4402.5000 1.5314271
4404.0000 1.5312073
4405.5000 1.5308286
4407.0000 1.5307087
4408.5000 1.5306664
4410.0000 1.5305459
4411.5000 1.5303340
4413.0000 1.5300997
4414.5000 1.5297797
4416.0000 1.5294708
4417.5000 1.5296359
4419.0000 1.5297168
4420.5000 1.5289638
4422.0000 1.5289639
4423.5000 1.5289700
4425.0000 1.5287939
4426.5000 1.5288428
4428.0000 1.5283976
4429.5000 1.5284598
4431.0000 1.5278561
4432.5000 1.5277967
4434.0000 1.5277513
4435.5000 1.5279568
4437.0000 1.5283413
4438.5000 1.5276096
4440.0000 1.5275424
4441.5000 1.5271453
4443.0000 1.5268337
4444.5000 1.5272926
4446.0000 1.5269544
4447.5000 1.5266998
4449.0000 1.5261899
4450.5000 1.5258830
4452.0000 1.5258898
4453.5000 1.5255963
4455.0000 1.5256609
4456.5000 1.5245316
4458.0000 1.5261929
4459.5000 1.5265023
4461.0000 1.5269145
4462.5000 1.5280230
4464.0000 1.5306410
4465.5000 1.5319953
4467.0000 1.5287306
4468.5000 1.5255207
4470.0000 1.5230273
4471.5000 1.5210786
4473.0000 1.5195471
4474.5000 1.5196109
4476.0000 1.5191694
4477.5000 1.5191828
4479.0000 1.5187671
4480.5000 1.5180967
4482.0000 1.5187873
4483.5000 1.5182929
4485.0000 1.5179104
4486.5000 1.5176560
4488.0000 1.5175509
4489.5000 1.5170517
4491.0000 1.5169307
4492.5000 1.5169172
4494.0000 1.5159683
4495.5000 1.5168222
4497.0000 1.5170946
4498.5000 1.5168266
4500.0000 1.5168381
4501.5000 1.5165482
4503.0000 1.5163689
4504.5000 1.5162762
4506.0000 1.5153008
4507.5000 1.5143670
4509.0000 1.5147947
4510.5000 1.5144420
4512.0000 1.5149291
4513.5000 1.5148585
4515.0000 1.5148780
4516.5000 1.5147754
4518.0000 1.5146019
4519.5000 1.5140225
4521.0000 1.5134897
4522.5000 1.5137726
4524.0000 1.5132694
4525.5000 1.5134115
4527.0000 1.5134137
4528.5000 1.5126889
4530.0000 1.5132283
4531.5000 1.5134017
4533.0000 1.5136031
4534.5000 1.5130382
4536.0000 1.5125005
4537.5000 1.5118005
4539.0000 1.5117600
4540.5000 1.5119555
4542.0000 1.5112783
4543.5000 1.5121166
4545.0000 1.5119934
4546.5000 1.5115191
4548.0000 1.5116875
4549.5000 1.5114487
4551.0000 1.5117222
4552.5000 1.5111210
4554.0000 1.5110185
4555.5000 1.5102949
4557.0000 1.5101980
4558.5000 1.5112140
4560.0000 1.5107536
4561.5000 1.5102836
4563.0000 1.5099516
4564.5000 1.5098048
4566.0000 1.5099525
4567.5000 1.5096586
4569.0000 1.5097932
4570.5000 1.5095361
4572.0000 1.5090168
4573.5000 1.5088260
4575.0000 1.5093343
4576.5000 1.5087707
4578.0000 1.5078490
4579.5000 1.5084018
4581.0000 1.5086653
4582.5000 1.5083286
4584.0000 1.5090256
4585.5000 1.5070875
4587.0000 1.5074643
4588.5000 1.5070457
4590.0000 1.5074056
4591.5000 1.5070152
4593.0000 1.5070863
4594.5000 1.5057877
4596.0000 1.5057703
4597.5000 1.5068181
4599.0000 1.5063103
4600.5000 1.5059274
4602.0000 1.5067775
4603.5000 1.5063901
4605.0000 1.5094262
4606.5000 1.5071925
4608.0000 1.5048792
4609.5000 1.5044308
4611.0000 1.5035700
4612.5000 1.5037633
4614.0000 1.5040674
4615.5000 1.5028212
4617.0000 1.5033364
4618.5000 1.5031528
4620.0000 1.5028721
4621.5000 1.5020796
4623.0000 1.5011568
4624.5000 1.5016526
4626.0000 1.5005163
4627.5000 1.5012245
4629.0000 1.5007380
4630.5000 1.5022286
4632.0000 1.5017728
4633.5000 1.5010258
4635.0000 1.5010351
4636.5000 1.5004276
4638.0000 1.5001004
4639.5000 1.5025568
4641.0000 1.5084248
4642.5000 1.5146205
4644.0000 1.5174788
4645.5000 1.5202831
4647.0000 1.5221151
4648.5000 1.5199151
4650.0000 1.5135305
4651.5000 1.5073403
4653.0000 1.5039301
4654.5000 1.5006677
4656.0000 1.4989491
4657.5000 1.4975061
4659.0000 1.4964796
4660.5000 1.4984808
4662.0000 1.4964633
4663.5000 1.4964114
4665.0000 1.4947219
4666.5000 1.4949695
4668.0000 1.4947577
4669.5000 1.4943568
4671.0000 1.4950026
4672.5000 1.4945439
4674.0000 1.4948772
4675.5000 1.4939603
4677.0000 1.4939386
4678.5000 1.4933665
4680.0000 1.4923928
4681.5000 1.4925708
4683.0000 1.4927932
4684.5000 1.4927803
4686.0000 1.4932096
4687.5000 1.4933786
4689.0000 1.4927512
4690.5000 1.4929565
4692.0000 1.4929101
4693.5000 1.4922227
4695.0000 1.4920762
4696.5000 1.4925998
4698.0000 1.4923441
4699.5000 1.4925078
4701.0000 1.4920595
4702.5000 1.4913950
4704.0000 1.4928230
4705.5000 1.4917089
4707.0000 1.4920753
4708.5000 1.4916134
4710.0000 1.4907768
4711.5000 1.4906802
4713.0000 1.4911402
4714.5000 1.4914678
4716.0000 1.4916816
4717.5000 1.4914458
4719.0000 1.4908248
4720.5000 1.4902923
4722.0000 1.4911135
4723.5000 1.4902915
4725.0000 1.4905517
4726.5000 1.4902012
4728.0000 1.4892594
4729.5000 1.4888670
4731.0000 1.4890767
4732.5000 1.4894308
4734.0000 1.4879904
4735.5000 1.4893818
4737.0000 1.4895891
4738.5000 1.4893090
4740.0000 1.4891994
4741.5000 1.4889814
4743.0000 1.4882363
4744.5000 1.4877247
4746.0000 1.4872434
4747.5000 1.4872805
4749.0000 1.4863896
4750.5000 1.4860010
4752.0000 1.4878287
4753.5000 1.4867909
4755.0000 1.4875154
4756.5000 1.4885457
4758.0000 1.4879509
4759.5000 1.4882770
4761.0000 1.4868457
4762.5000 1.4860376
4764.0000 1.4856675
4765.5000 1.4857090
4767.0000 1.4848669
4768.5000 1.4854356
4770.0000 1.4849426
4771.5000 1.4853244
4773.0000 1.4847149
4774.5000 1.4837394
4776.0000 1.4835770
4777.5000 1.4841945
4779.0000 1.4909787
4780.5000 1.4972633
4782.0000 1.5006762
4783.5000 1.5018028
4785.0000 1.5053606
4786.5000 1.5423663
4788.0000 1.4960629
4789.5000 1.4891349
4791.0000 1.4835209
4792.5000 1.4802729
4794.0000 1.4786112
4795.5000 1.4841228
4797.0000 1.4893466
4798.5000 1.4923559
4800.0000 1.4946536
4801.5000 1.4976665
4803.0000 1.4984361
4804.5000 1.4929696
4806.0000 1.4848349
4807.5000 1.4785467
4809.0000 1.4753923
4810.5000 1.4730632
4812.0000 1.4748806
4813.5000 1.4801508
4815.0000 1.4846176
4816.5000 1.4871230
4818.0000 1.4898188
4819.5000 1.4940867
4821.0000 1.4915165
4822.5000 1.4839814
4824.0000 1.4773997
4825.5000 1.4726248
4827.0000 1.4694539
4828.5000 1.4677483
4830.0000 1.4716301
4831.5000 1.4776219
4833.0000 1.4815075
4834.5000 1.4832548
4836.0000 1.4842459
4837.5000 1.4870969
4839.0000 1.4868196
4840.5000 1.4790947
4842.0000 1.4711512
4843.5000 1.4664700
4845.0000 1.4640274
4846.5000 1.4623879
4848.0000 1.4628580
4849.5000 1.4684430
4851.0000 1.4736489
4852.5000 1.4774184
4854.0000 1.4779944
4855.5000 1.4798380
4857.0000 1.4816203
4858.5000 1.4757169
4860.0000 1.4695843
4861.5000 1.4657023
4863.0000 1.4606950
4864.5000 1.4578941
4866.0000 1.4588419
4867.5000 1.4617037
4869.0000 1.4676085
4870.5000 1.4719279
4872.0000 1.4743147
4873.5000 1.4774659
4875.0000 1.4749812
4876.5000 1.4671276
4878.0000 1.4597530
4879.5000 1.4560077
4881.0000 1.4541692
4882.5000 1.4520113
4884.0000 1.4517457
4885.5000 1.4541838
4887.0000 1.4598502
4888.5000 1.4653682
4890.0000 1.4680144
4891.5000 1.4722040
4893.0000 1.4697461
4894.5000 1.4627831
4896.0000 1.4567902
4897.5000 1.4534682
4899.0000 1.4513670
4900.5000 1.4498779
4902.0000 1.4493201
4903.5000 1.4482900
4905.0000 1.4474623
4906.5000 1.4474953
4908.0000 1.4471242
4909.5000 1.4475864
4911.0000 1.4474297
4912.5000 1.4470792
4914.0000 1.4476840
4915.5000 1.4474820
4917.0000 1.4473264
4918.5000 1.4498582
4920.0000 1.4505433
4921.5000 1.4506050
4923.0000 1.4499379
4924.5000 1.4492291
4926.0000 1.4476345
4927.5000 1.4467895
4929.0000 1.4463137
4930.5000 1.4457649
4932.0000 1.4453911
4933.5000 1.4454359
4935.0000 1.4446219
4936.5000 1.4436319
4938.0000 1.4441744
4939.5000 1.4440111
4941.0000 1.4444180
4942.5000 1.4441829
4944.0000 1.4439776
4945.5000 1.4436193
4947.0000 1.4442550
4948.5000 1.4443201
4950.0000 1.4433744
4951.5000 1.4433792
4953.0000 1.4416556
4954.5000 1.4434494
4956.0000 1.4431047
4957.5000 1.4429529
4959.0000 1.4430256
4960.5000 1.4428068
4962.0000 1.4434632
4963.5000 1.4432204
4965.0000 1.4429889
4966.5000 1.4429235
4968.0000 1.4422594
4969.5000 1.4415938
4971.0000 1.4417542
4972.5000 1.4417546
4974.0000 1.4421797
4975.5000 1.4424407
4977.0000 1.4417281
4978.5000 1.4426279
4980.0000 1.4423944
4981.5000 1.4425327
4983.0000 1.4423678
4984.5000 1.4440359
4986.0000 1.4529879
4987.5000 1.4652780
4989.0000 1.4341424
4990.5000 1.4199189
4992.0000 1.4039563
4993.5000 1.4167545
4995.0000 1.4198771
4996.5000 1.4624828
4998.0000 1.4541947
4999.5000 1.4493997
5001.0000 1.4440898
5002.5000 1.4429164
5004.0000 1.4445157
5005.5000 1.4496121
5007.0000 1.4538281
5008.5000 1.4581158
5010.0000 1.4609400
5011.5000 1.4617133
5013.0000 1.4591542
5014.5000 1.4526134
5016.0000 1.4469075
5017.5000 1.4423194
5019.0000 1.4397275
5020.5000 1.4407589
5022.0000 1.4452782
5023.5000 1.4499103
5025.0000 1.4535112
5026.5000 1.4558867
5028.0000 1.4594152
5029.5000 1.4584538
5031.0000 1.4526042
5032.5000 1.4455911
5034.0000 1.4393976
5035.5000 1.4364221
5037.0000 1.4362396
5038.5000 1.4405885
5040.0000 1.4455268
5041.5000 1.4492793
5043.0000 1.4513931
5044.5000 1.4537450
5046.0000 1.4566131
5047.5000 1.4517075
5049.0000 1.4446683
5050.5000 1.4376249
5052.0000 1.4339215
5053.5000 1.4310791
5055.0000 1.4328703
5056.5000 1.4383792
5058.0000 1.4432235
5059.5000 1.4457895
5061.0000 1.4469584
5062.5000 1.4500878
5064.0000 1.4531950
5065.5000 1.4473609
5067.0000 1.4386684
5068.5000 1.4324044
5070.0000 1.4286256
5071.5000 1.4265859
5073.0000 1.4283072
5074.5000 1.4354094
5076.0000 1.4409539
5077.5000 1.4432561
5079.0000 1.4446589
5080.5000 1.4470917
5082.0000 1.4477026
5083.5000 1.4421396
5085.0000 1.4339356
5086.5000 1.4285944
5088.0000 1.4257296
5089.5000 1.4235280
5091.0000 1.4257191
5092.5000 1.4321489
5094.0000 1.4375012
5095.5000 1.4395701
5097.0000 1.4398017
5098.5000 1.4433091
5100.0000 1.4428555
5101.5000 1.4374213
5103.0000 1.4303613
5104.5000 1.4241682
5106.0000 1.4212375
5107.5000 1.4221518
5109.0000 1.4277939
5110.5000 1.4327132
5112.0000 1.4350302
5113.5000 1.4362593
5115.0000 1.4389832
5116.5000 1.4396555
5118.0000 1.4335643
5119.5000 1.4251931
5121.0000 1.4204065
5122.5000 1.4177908
5124.0000 1.4164350
5125.5000 1.4150779
5127.0000 1.4144486
5128.5000 1.4171395
5130.0000 1.4235708
5131.5000 1.4286864
5133.0000 1.4307241
5134.5000 1.4333309
5136.0000 1.4363060
5137.5000 1.4311198
5139.0000 1.4221054
5140.5000 1.4157007
5142.0000 1.4148055
5143.5000 1.4203442
5145.0000 1.4249225
5146.5000 1.4277022
5148.0000 1.4298153
5149.5000 1.4330651
5151.0000 1.4304475
5152.5000 1.4219332
5154.0000 1.4158520
5155.5000 1.4119351
5157.0000 1.4094212
5158.5000 1.4080142
5160.0000 1.4085728
5161.5000 1.4245875
5163.0000 1.3832365
5164.5000 1.3893520
5166.0000 1.4935175
5167.5000 1.4636248
5169.0000 1.4312834
5170.5000 1.4265203
5172.0000 1.4179647
5173.5000 1.4105635
5175.0000 1.4064213
5176.5000 1.4043273
5178.0000 1.4031371
5179.5000 1.4021754
5181.0000 1.4017241
5182.5000 1.4016049
5184.0000 1.4005282
5185.5000 1.4013896
5187.0000 1.4008301
5188.5000 1.4003426
5190.0000 1.4006130
5191.5000 1.4004247
5193.0000 1.4000999
5194.5000 1.4002271
5196.0000 1.4045582
5197.5000 1.4095047
5199.0000 1.4140958
5200.5000 1.4175732
5202.0000 1.4224455
5203.5000 1.4219451
5205.0000 1.4156653
5206.5000 1.4092093
5208.0000 1.4033399
5209.5000 1.4002744
5211.0000 1.3981663
5212.5000 1.3971465
5214.0000 1.3983606
5215.5000 1.4028127
5217.0000 1.4080936
5218.5000 1.4123423
5220.0000 1.4170630
5221.5000 1.4197752
5223.0000 1.4179975
5224.5000 1.4131901
5226.0000 1.4063346
5227.5000 1.4017761
5229.0000 1.3983189
5230.5000 1.3972198
5232.0000 1.4003181
5233.5000 1.4058669
5235.0000 1.4108195
5236.5000 1.4138370
5238.0000 1.4176959
5239.5000 1.4193085
5241.0000 1.4162148
5242.5000 1.4105424
5244.0000 1.4036368
5245.5000 1.3990923
5247.0000 1.3969010
5248.5000 1.3961458
5250.0000 1.3991150
5251.5000 1.4031227
5253.0000 1.4073707
5254.5000 1.4109422
5256.0000 1.4147258
5257.5000 1.4168847
5259.0000 1.4148335
5260.5000 1.4101337
5262.0000 1.4053696
5263.5000 1.4012215
5265.0000 1.3980330
5266.5000 1.3960617
5268.0000 1.3953835
5269.5000 1.3942807
5271.0000 1.3939074
5272.5000 1.3939201
5274.0000 1.3938048
5275.5000 1.3938272
5277.0000 1.3941784
5278.5000 1.3940783
5280.0000 1.3943639
5281.5000 1.3939319
5283.0000 1.3942597
5284.5000 1.3941509
5286.0000 1.3961779
5287.5000 1.4002500
5289.0000 1.4052061
5290.5000 1.4109462
5292.0000 1.4137683
5293.5000 1.4124060
5295.0000 1.4081889
5296.5000 1.4029086
5298.0000 1.3993102
5299.5000 1.3967544
5301.0000 1.3951337
5302.5000 1.3944658
5304.0000 1.3933325
5305.5000 1.3933709
5307.0000 1.3926544
5308.5000 1.3930007
5310.0000 1.3932858
5311.5000 1.3928939
5313.0000 1.3927386
5314.5000 1.3938125
5316.0000 1.3936094
5317.5000 1.3936976
5319.0000 1.3933613
5320.5000 1.3961854
5322.0000 1.4009855
5323.5000 1.4059466
5325.0000 1.4108739
5326.5000 1.4143686
5328.0000 1.3560982
5329.5000 1.4203399
5331.0000 1.4083664
5332.5000 1.4030832
5334.0000 1.3991015
5335.5000 1.3964711
5337.0000 1.3952982
5338.5000 1.3975770
5340.0000 1.4007237
5341.5000 1.4052982
5343.0000 1.4096183
5344.5000 1.4132179
5346.0000 1.4140781
5347.5000 1.4111414
5349.0000 1.4064642
5350.5000 1.4012434
5352.0000 1.3973360
5353.5000 1.3950254
5355.0000 1.3942369
5356.5000 1.3960309
5358.0000 1.3997893
5359.5000 1.4044380
5361.0000 1.4093945
5362.5000 1.4125335
5364.0000 1.4119781
5365.5000 1.4072077
5367.0000 1.4018636
5368.5000 1.3971152
5370.0000 1.3943621
5371.5000 1.3923961
5373.0000 1.3916466
5374.5000 1.3906451
5376.0000 1.3901536
5377.5000 1.3894976
5379.0000 1.3888785
5380.5000 1.3892401
5382.0000 1.3881990
5383.5000 1.3894054
5385.0000 1.3894662
5386.5000 1.3886344
5388.0000 1.3882229
5389.5000 1.3884240
5391.0000 1.3883531
5392.5000 1.3879881
5394.0000 1.3879842
5395.5000 1.3875362
5397.0000 1.3874965
5398.5000 1.3868408
5400.0000 1.3879876
5401.5000 1.3875792
5403.0000 1.3877956
5404.5000 1.3889699
5406.0000 1.3889832
5407.5000 1.3903229
5409.0000 1.3893527
5410.5000 1.3884581
5412.0000 1.3873277
5413.5000 1.3870555
5415.0000 1.3872634
5416.5000 1.3874737
5418.0000 1.3863248
5419.5000 1.3883332
5421.0000 1.3880308
5422.5000 1.3872164
5424.0000 1.3878986
5425.5000 1.3896693
5427.0000 1.3936800
5428.5000 1.3983968
5430.0000 1.4044223
5431.5000 1.4086320
5433.0000 1.4103957
5434.5000 1.4089839
5436.0000 1.4048038
5437.5000 1.4000366
5439.0000 1.3960170
5440.5000 1.3936489
5442.0000 1.3930064
5443.5000 1.3904531
5445.0000 1.3883841
5446.5000 1.3878032
5448.0000 1.3872135
5449.5000 1.3860524
5451.0000 1.3859791
5452.5000 1.3880570
5454.0000 1.3875875
5455.5000 1.3875647
5457.0000 1.3875775
5458.5000 1.3871962
5460.0000 1.3870701
5461.5000 1.3883016
5463.0000 1.3873210
5464.5000 1.3857477
5466.0000 1.3862057
5467.5000 1.3859042
5469.0000 1.3885834
5470.5000 1.3897059
5472.0000 1.3871789
5473.5000 1.3867921
5475.0000 1.3876185
5476.5000 1.3876868
5478.0000 1.3875303
5479.5000 1.3869922
5481.0000 1.3865064
5482.5000 1.3864485
5484.0000 1.3848995
5485.5000 1.3853477
5487.0000 1.3859403
5488.5000 1.3846426
5490.0000 1.3856721
5491.5000 1.3859354
5493.0000 1.3857220
5494.5000 1.3862144
5496.0000 1.3876169
5497.5000 1.3899778
5499.0000 1.3952329
5500.5000 1.4008199
5502.0000 1.4059120
5503.5000 1.3624948
5505.0000 1.4278083
5506.5000 1.4063601
5508.0000 1.4011532
5509.5000 1.3958669
5511.0000 1.3923512
5512.5000 1.3892405
5514.0000 1.3879617
5515.5000 1.3861227
5517.0000 1.3858420
5518.5000 1.3855803
5520.0000 1.3853426
5521.5000 1.3851061
5523.0000 1.3847438
5524.5000 1.3845868
5526.0000 1.3845592
5527.5000 1.3844578
5529.0000 1.3847865
5530.5000 1.3853760
5532.0000 1.3845683
5533.5000 1.3846384
5535.0000 1.3857300
5536.5000 1.3854785
5538.0000 1.3846509
5539.5000 1.3834424
5541.0000 1.3843893
5542.5000 1.3845005
5544.0000 1.3830323
5545.5000 1.3839742
5547.0000 1.3837491
5548.5000 1.3859025
5550.0000 1.3906559
5551.5000 1.3966503
5553.0000 1.4022056
5554.5000 1.3366653
5556.0000 1.3495079
5557.5000 1.3492464
5559.0000 1.4028044
5560.5000 1.3924330
5562.0000 1.3855186
5563.5000 1.3809024
5565.0000 1.3792100
5566.5000 1.3806396
5568.0000 1.3852171
5569.5000 1.3942587
5571.0000 1.4008869
5572.5000 1.3392369
5574.0000 1.3456192
5575.5000 1.4358948
5577.0000 1.3978888
5578.5000 1.3919138
5580.0000 1.3867968
5581.5000 1.3840488
5583.0000 1.3847188
5584.5000 1.3877161
5586.0000 1.3917794
5587.5000 1.3961930
5589.0000 1.4001878
5590.5000 1.3490317
5592.0000 1.4356084
5593.5000 1.3994448
5595.0000 1.3923504
5596.5000 1.3854738
5598.0000 1.3831120
5599.5000 1.3816923
5601.0000 1.3802716
5602.5000 1.3805100
5604.0000 1.3779409
5605.5000 1.3777156
5607.0000 1.3780396
5608.5000 1.3792728
5610.0000 1.3793298
5611.5000 1.3791237
5613.0000 1.3792993
5614.5000 1.3796898
5616.0000 1.3797541
5617.5000 1.3799033
5619.0000 1.3801848
5620.5000 1.3798957
5622.0000 1.3795667
5623.5000 1.3799418
5625.0000 1.3816851
5626.5000 1.3806424
5628.0000 1.3803211
5629.5000 1.3808204
5631.0000 1.3830022
5632.5000 1.3821830
5634.0000 1.3818446
5635.5000 1.3863102
5637.0000 1.3897780
5638.5000 1.3924171
5640.0000 1.3983272
5641.5000 1.3255391
5643.0000 1.3628948
5644.5000 1.3649806
5646.0000 1.3573668
5647.5000 1.4082152
5649.0000 1.3908768
5650.5000 1.3870919
5652.0000 1.3853632
5653.5000 1.3823843
5655.0000 1.3808089
5656.5000 1.3855782
5658.0000 1.3836592
5659.5000 1.3799993
5661.0000 1.3787504
5662.5000 1.3785744
5664.0000 1.3790858
5665.5000 1.3785968
5667.0000 1.3795727
5668.5000 1.3818804
5670.0000 1.3816085
5671.5000 1.3800955
5673.0000 1.3809472
5674.5000 1.3850359
5676.0000 1.3861639
5677.5000 1.3911040
5679.0000 1.3162206
5680.5000 1.3443990
5682.0000 1.4340481
5683.5000 1.3881764
5685.0000 1.3859655
5686.5000 1.3867211
5688.0000 1.3806391
5689.5000 1.3773084
5691.0000 1.3805500
5692.5000 1.3854936
5694.0000 1.3798840
5695.5000 1.3773385
5697.0000 1.3786713
5698.5000 1.3757540
5700.0000 1.3748931
5701.5000 1.3743769
5703.0000 1.3755311
5704.5000 1.3745729
5706.0000 1.3757622
5707.5000 1.3837577
5709.0000 1.3858854
5710.5000 1.3888108
5712.0000 1.3211069
5713.5000 1.3357795
5715.0000 1.3282295
5716.5000 1.3408182
5718.0000 1.3272663
5719.5000 1.4021506
5721.0000 1.3787992
5722.5000 1.3765087
5724.0000 1.3788259
5725.5000 1.3820194
5727.0000 1.3857787
5728.5000 1.3906299
5730.0000 1.3559419
5731.5000 1.3358883
5733.0000 1.4240377
5734.5000 1.3883759
5736.0000 1.3819903
5737.5000 1.3781335
5739.0000 1.3758357
5740.5000 1.3767143
5742.0000 1.3739893
5743.5000 1.3714336
5745.0000 1.3741226
5746.5000 1.3744873
5748.0000 1.3708813
5749.5000 1.3703150
5751.0000 1.3741704
5752.5000 1.3730016
5754.0000 1.3695844
5755.5000 1.3697582
5757.0000 1.3727815
5758.5000 1.3727604
5760.0000 1.3702072
5761.5000 1.3686929
5763.0000 1.3725045
5764.5000 1.3768749
5766.0000 1.3714994
5767.5000 1.3690120
5769.0000 1.3686037
5770.5000 1.3690147
5772.0000 1.3686061
5773.5000 1.3684198
5775.0000 1.3700743
5776.5000 1.3705425
5778.0000 1.3690310
5779.5000 1.3687048
5781.0000 1.3712248
5782.5000 1.3685759
5784.0000 1.3675641
5785.5000 1.3675859
5787.0000 1.3686355
5788.5000 1.3681587
5790.0000 1.3686728
5791.5000 1.3690704
5793.0000 1.3689209
5794.5000 1.3679357
5796.0000 1.3666064
5797.5000 1.3687012
5799.0000 1.3714324
5800.5000 1.3674827
5802.0000 1.3668441
5803.5000 1.3691636
5805.0000 1.3700906
5806.5000 1.3670300
5808.0000 1.3661299
5809.5000 1.3661156
5811.0000 1.3653438
5812.5000 1.3654767
5814.0000 1.3706831
5815.5000 1.3792888
5817.0000 1.3818514
5818.5000 1.3827610
5820.0000 1.3165703
5821.5000 1.4025922
5823.0000 1.3773847
5824.5000 1.3706142
5826.0000 1.3682377
5827.5000 1.3680464
5829.0000 1.3648672
5830.5000 1.3619080
5832.0000 1.3635362
5833.5000 1.3708818
5835.0000 1.3710306
5836.5000 1.3766921
5838.0000 1.3270478
5839.5000 1.4192636
5841.0000 1.3749119
5842.5000 1.3651255
5844.0000 1.3638394
5845.5000 1.3696748
5847.0000 1.3764535
5848.5000 1.3789505
5850.0000 1.3784988
5851.5000 1.2836118
5853.0000 1.3923285
5854.5000 1.3772414
5856.0000 1.3709619
5857.5000 1.3626623
5859.0000 1.3592569
5860.5000 1.3572674
5862.0000 1.3556507
5863.5000 1.3571014
5865.0000 1.3618697
5866.5000 1.3657081
5868.0000 1.3693732
5869.5000 1.3732297
5871.0000 1.3761200
5872.5000 1.3750157
5874.0000 1.3678169
5875.5000 1.3603791
5877.0000 1.3551832
5878.5000 1.3674965
5880.0000 1.3692520
5881.5000 1.3675835
5883.0000 1.3646545
5884.5000 1.3635699
5886.0000 1.3689027
5887.5000 1.3484290
5889.0000 1.3650998
5890.5000 1.3539387
5892.0000 1.3494970
5893.5000 1.3510282
5895.0000 1.3606504
5896.5000 1.3663275
5898.0000 1.3414264
5899.5000 1.3480656
5901.0000 1.3486979
5902.5000 1.3453993
5904.0000 1.3363377
5905.5000 1.3604051
5907.0000 1.3411307
5908.5000 1.3348373
5910.0000 1.3366542
5911.5000 1.3428316
5913.0000 1.3558918
5914.5000 1.2804929
5916.0000 1.3821150
5917.5000 1.3027334
5919.0000 1.3408328
5920.5000 1.3379418
5922.0000 1.3304461
5923.5000 1.3309554
5925.0000 1.3290470
5926.5000 1.3404243
5928.0000 1.3225681
5929.5000 1.3263762
5931.0000 1.4003195
5932.5000 1.2863493
5934.0000 1.3232822
5935.5000 1.3406837
5937.0000 1.3362972
5938.5000 1.3283045
5940.0000 1.3225229
5941.5000 1.3233767
5943.0000 1.3229461
5944.5000 1.3189188
5946.0000 1.3234921
5947.5000 1.3330835
5949.0000 1.3359082
5950.5000 1.3348176
5952.0000 1.3402338
5953.5000 1.3382272
5955.0000 1.3354827
5956.5000 1.3247205
5958.0000 1.3274933
5959.5000 1.3204441
5961.0000 1.3193905
5962.5000 1.3179398
5964.0000 1.3170224
5965.5000 1.3166155
5967.0000 1.3161988
5968.5000 1.3159231
5970.0000 1.3158393
5971.5000 1.3160356
5973.0000 1.3158814
5974.5000 1.3173618
5976.0000 1.3167423
5977.5000 1.3226035
5979.0000 1.3199415
5980.5000 1.3203884
5982.0000 1.3263367
5983.5000 1.3308105
5985.0000 1.3339373
5986.5000 1.3359220
5988.0000 1.2643903
5989.5000 1.3120459
5991.0000 1.2689276
5992.5000 1.3543243
5994.0000 1.3287762
5995.5000 1.3229740
5997.0000 1.3195022
5998.5000 1.3242189
6000.0000 1.3292266