0.0000000 4616867.0
0.10000000 4617111.0
0.20000000 4617200.0
0.30000001 4617232.0
0.40000001 4617237.0
0.50000000 4617249.0
0.60000002 4617360.0
0.69999999 4617173.5
0.80000001 4616984.5
0.89999998 4616805.0
1.0000000 4616616.0
1.1000000 4616410.5
1.2000000 4616228.0
1.3000000 4616099.0
1.4000000 4616039.0
1.5000000 4616037.5
1.6000000 4616075.0
1.7000000 4616138.5
1.8000000 4616217.5
1.9000000 4616305.0
2.0000000 4616137.5
2.0999999 4616288.0
2.2000000 4615899.5
2.3000000 4615935.5
2.4000001 4615799.5
2.5000000 4615704.0
2.5999999 4615667.0
2.7000000 4615669.0
2.8000000 4615704.0
2.9000001 4615763.5
3.0000000 4615839.5
3.0999999 4615883.5
3.2000000 4615903.5
3.3000000 4615917.5
3.4000001 4615917.5
3.5000000 4615868.0
3.5999999 4615793.0
3.7000000 4615731.5
3.8000000 4615695.5
3.9000001 4615686.5
4.0000000 4615704.5
4.0999999 4615743.5
4.1999998 4615805.5
4.3000002 4615895.0
4.4000001 4615900.0
4.5000000 4615823.0
4.5999999 4615688.0
4.6999998 4615594.5
4.8000002 4615512.5
4.9000001 4615441.0
5.0000000 4615385.5
6.5000000 4614743.5
8.0000000 4614084.5
9.5000000 4612564.5
11.000000 4611381.5
12.500000 4609673.5
14.000000 4608280.5
15.500000 4606428.5
17.000000 4604935.5
18.500000 4602818.0
20.000000 4601129.0
21.500000 4598671.0
23.000000 4596726.0
24.500000 4593905.0
26.000000 4592147.0
27.500000 4590583.5
29.000000 4588250.5
30.500000 4583186.5
32.000000 4573249.5
33.500000 4554743.5
35.000000 4544789.0
36.500000 4636085.5
38.000000 4773016.5
39.500000 4820433.0
41.000000 4871304.0
42.500000 4918580.0
44.000000 4953668.5
45.500000 4985365.0
47.000000 5007853.5
48.500000 5025914.5
50.000000 5040393.0
51.500000 5051608.5
53.000000 5060706.5
54.500000 5068475.5
56.000000 5074695.5
57.500000 5079900.5
59.000000 5083290.5
60.500000 5085225.0
62.000000 5084224.5
63.500000 5087759.5
65.000000 5090657.5
66.500000 5085020.5
68.000000 5085473.5
69.500000 5083395.0
71.000000 5080471.0
72.500000 5077766.5
74.000000 5075790.0
75.500000 5071458.5
77.000000 5068702.0
78.500000 5065352.0
80.000000 5061244.0
81.500000 5057306.0
83.000000 5053346.5
84.500000 5048769.0
86.000000 5044150.5
87.500000 5039902.5
89.000000 5035510.0
90.500000 5031311.5
92.000000 5027507.0
93.500000 5023875.5
95.000000 5020442.5
96.500000 5017176.5
98.000000 5014049.0
99.500000 5010606.0
101.00000 5007182.0
102.50000 5003705.5
104.00000 5000777.5
105.50000 4997777.5
107.00000 4994589.5
108.50000 4991260.0
110.00000 4988117.5
111.50000 4984818.5
113.00000 4981969.5
114.50000 4979459.0
116.00000 4977230.5
117.50000 4975258.0
119.00000 4973506.5
120.50000 4971855.5
122.00000 4970316.0
123.50000 4968873.5
125.00000 4967526.5
126.50000 4966262.0
128.00000 4965225.5
129.50000 4964246.0
131.00000 4963235.0
132.50000 4962190.0
134.00000 4961169.0
135.50000 4960170.5
137.00000 4959245.5
138.50000 4958367.5
140.00000 4957398.5
141.50000 4956279.5
143.00000 4949425.0
144.50000 4926517.5
146.00000 4920210.5
147.50000 4918592.0
149.00000 4912301.0
150.50000 4895970.5
152.00000 4889472.0
153.50000 4892794.5
155.00000 4883675.0
156.50000 4875501.0
158.00000 4877324.5
159.50000 4872963.5
161.00000 4869914.5
162.50000 4865571.5
164.00000 4862278.5
165.50000 4855080.5
167.00000 4849631.0
168.50000 4845273.0
170.00000 4835846.0
171.50000 4828138.0
173.00000 4820136.0
174.50000 4813114.5
176.00000 4804521.0
177.50000 4797289.5
179.00000 4791398.5
180.50000 4788200.5
182.00000 4784362.5
183.50000 4780250.5
185.00000 4776392.0
186.50000 4773188.0
188.00000 4770402.5
189.50000 4767587.0
191.00000 4765012.0
192.50000 4762802.0
194.00000 4761033.5
195.50000 4759353.5
197.00000 4757984.5
198.50000 4756871.5
200.00000 4755984.5
201.50000 4755397.0
203.00000 4755067.5
204.50000 4754659.0
206.00000 4754476.0
207.50000 4754435.5
209.00000 4754694.0
210.50000 4755130.0
212.00000 4755589.0
213.50000 4756238.5
215.00000 4756748.5
216.50000 4757173.5
218.00000 4757560.5
219.50000 4758313.0
221.00000 4759089.0
222.50000 4759808.0
224.00000 4760548.0
225.50000 4761249.5
227.00000 4761650.5
228.50000 4762170.5
230.00000 4762477.5
231.50000 4762790.0
233.00000 4763026.0
234.50000 4763378.0
236.00000 4763586.0
237.50000 4763628.0
239.00000 4763703.0
240.50000 4763581.0
242.00000 4763444.5
243.50000 4763175.0
245.00000 4762905.5
246.50000 4762591.0
248.00000 4762142.5
249.50000 4761701.0
251.00000 4761289.5
252.50000 4760863.0
254.00000 4760364.0
255.50000 4759881.0
257.00000 4759550.0
258.50000 4759175.0
260.00000 4758809.5
261.50000 4758565.0
263.00000 4758438.0
264.50000 4758338.5
266.00000 4758718.0
267.50000 4759194.5
269.00000 4759983.0
270.50000 4761778.0
272.00000 4764889.5
273.50000 4770590.0
275.00000 4778703.0
276.50000 4789540.5
278.00000 4802289.0
279.50000 4814418.0
281.00000 4824108.0
282.50000 4833477.0
284.00000 4842676.0
285.50000 4850079.5
287.00000 4858020.5
288.50000 4864987.5
290.00000 4871921.5
291.50000 4879428.5
293.00000 4888197.5
294.50000 4897055.5
296.00000 4909379.0
297.50000 4920431.0
299.00000 4930227.5
300.50000 4941527.5
302.00000 4952893.5
303.50000 4963727.0
305.00000 4971589.5
306.50000 4980711.5
308.00000 4986150.0
309.50000 4993556.0
311.00000 4998795.0
312.50000 5001094.5
314.00000 5006747.5
315.50000 5013202.5
317.00000 5016658.5
318.50000 5016411.0
320.00000 5017034.5
321.50000 5019161.0
323.00000 5019076.5
324.50000 5020449.0
326.00000 5023106.5
327.50000 5024107.0
329.00000 5026367.0
330.50000 5026512.5
332.00000 5027467.5
333.50000 5027774.5
335.00000 5032001.5
336.50000 5032447.0
338.00000 5033152.5
339.50000 5035114.5
341.00000 5038684.5
342.50000 5039857.0
344.00000 5040990.5
345.50000 5041650.0
347.00000 5043736.0
348.50000 5043313.0
350.00000 5046463.0
351.50000 5047420.5
353.00000 5049973.0
354.50000 5048864.0
356.00000 5049353.5
357.50000 5051468.0
359.00000 5051689.0
360.50000 5055538.5
362.00000 5053866.5
363.50000 5053821.0
365.00000 5055945.5
366.50000 5056793.0
368.00000 5055574.5
369.50000 5056415.0
371.00000 5060526.5
372.50000 5061452.0
374.00000 5061128.0
375.50000 5060850.0
377.00000 5063033.5
378.50000 5062275.5
380.00000 5063115.0
381.50000 5066153.0
383.00000 5066669.5
384.50000 5066828.0
386.00000 5068334.5
387.50000 5068029.5
389.00000 5070062.5
390.50000 5070402.0
392.00000 5073455.5
393.50000 5073443.0
395.00000 5074906.5
396.50000 5075776.0
398.00000 5076175.5
399.50000 5079159.0
401.00000 5078186.0
402.50000 5080294.5
404.00000 5081306.0
405.50000 5080897.0
407.00000 5081885.0
408.50000 5083318.5
410.00000 5085282.0
411.50000 5084577.0
413.00000 5085175.5
414.50000 5087028.0
416.00000 5087954.0
417.50000 5088574.0
419.00000 5088342.5
420.50000 5091164.0
422.00000 5091100.0
423.50000 5092175.5
425.00000 5092833.0
426.50000 5094737.0
428.00000 5094893.0
429.50000 5095874.0
431.00000 5096094.5
432.50000 5097471.0
434.00000 5096904.0
435.50000 5098460.0
437.00000 5099160.5
438.50000 5100494.5
440.00000 5101041.0
441.50000 5101551.5
443.00000 5103020.0
444.50000 5103699.5
446.00000 5104097.5
447.50000 5105423.0
449.00000 5105449.0
450.50000 5106708.0
452.00000 5106784.0
453.50000 5109128.0
455.00000 5108842.5
456.50000 5109553.0
458.00000 5110436.5
459.50000 5111995.0
461.00000 5112008.5
462.50000 5113204.5
464.00000 5113992.5
465.50000 5115313.5
467.00000 5116822.0
468.50000 5116884.0
470.00000 5118469.0
471.50000 5119208.0
473.00000 5120356.5
474.50000 5121420.5
476.00000 5122514.5
477.50000 5122513.5
479.00000 5123834.5
480.50000 5124507.0
482.00000 5125734.0
483.50000 5127668.0
485.00000 5128699.0
486.50000 5129819.5
488.00000 5130922.5
489.50000 5131335.5
491.00000 5132453.0
492.50000 5133462.5
494.00000 5134042.5
495.50000 5134754.5
497.00000 5136086.5
498.50000 5136591.5
500.00000 5137933.0
501.50000 5138641.5
503.00000 5139992.5
504.50000 5141645.5
506.00000 5143332.0
507.50000 5143691.5
509.00000 5145526.5
510.50000 5146273.5
512.00000 5147537.0
513.50000 5148871.0
515.00000 5150600.5
516.50000 5152523.5
518.00000 5153540.0
519.50000 5154704.0
521.00000 5155805.0
522.50000 5157337.0
524.00000 5158660.5
525.50000 5160603.5
527.00000 5162006.0
528.50000 5163472.5
530.00000 5164742.5
531.50000 5165789.5
533.00000 5166561.5
534.50000 5167168.0
536.00000 5167150.5
537.50000 5167850.0
539.00000 5167767.5
540.50000 5167889.0
542.00000 5167978.5
543.50000 5167945.5
545.00000 5167407.0
546.50000 5167769.0
548.00000 5167824.0
549.50000 5168166.5
551.00000 5168311.5
552.50000 5168385.5
554.00000 5168291.5
555.50000 5168645.0
557.00000 5168587.0
558.50000 5168721.5
560.00000 5168321.0
561.50000 5168426.5
563.00000 5168325.0
564.50000 5168672.5
566.00000 5168293.0
567.50000 5168896.5
569.00000 5168951.5
570.50000 5169222.0
572.00000 5169125.0
573.50000 5169029.0
575.00000 5169486.0
576.50000 5169496.0
578.00000 5169679.0
579.50000 5169722.5
581.00000 5169759.0
582.50000 5169842.5
584.00000 5170072.5
585.50000 5170095.5
587.00000 5170277.0
588.50000 5170421.0
590.00000 5170581.0
591.50000 5170673.0
593.00000 5171128.0
594.50000 5171515.5
596.00000 5171177.5
597.50000 5171670.0
599.00000 5171982.5
600.50000 5172023.5
602.00000 5172214.0
603.50000 5172757.0
605.00000 5172372.5
606.50000 5172848.0
608.00000 5173057.5
609.50000 5173244.5
611.00000 5173224.0
612.50000 5173661.0
614.00000 5173679.0
615.50000 5174007.5
617.00000 5174221.5
618.50000 5174282.0
620.00000 5174484.0
621.50000 5175163.5
623.00000 5175223.5
624.50000 5175415.0
626.00000 5176120.0
627.50000 5176119.5
629.00000 5176634.5
630.50000 5177007.5
632.00000 5177131.5
633.50000 5177662.5
635.00000 5178134.0
636.50000 5178370.5
638.00000 5178699.5
639.50000 5179009.0
641.00000 5179510.5
642.50000 5180129.0
644.00000 5180136.0
645.50000 5180822.5
647.00000 5181203.5
648.50000 5181822.5
650.00000 5182178.0
651.50000 5182570.0
653.00000 5183224.5
654.50000 5183676.5
656.00000 5184153.0
657.50000 5184621.5
659.00000 5185330.0
660.50000 5185642.0
662.00000 5186106.0
663.50000 5186633.5
665.00000 5186997.5
666.50000 5187544.0
668.00000 5188100.0
669.50000 5188509.5
671.00000 5189165.0
672.50000 5189581.0
674.00000 5190092.0
675.50000 5190564.0
677.00000 5191077.5
678.50000 5191592.0
680.00000 5192081.0
681.50000 5192641.5
683.00000 5193259.0
684.50000 5193732.5
686.00000 5194209.0
687.50000 5194867.5
689.00000 5195292.0
690.50000 5195898.0
692.00000 5196497.0
693.50000 5197009.0
695.00000 5197447.0
696.50000 5198004.0
698.00000 5198449.5
699.50000 5198930.0
701.00000 5199402.0
702.50000 5199792.0
704.00000 5200004.0
705.50000 5200184.0
707.00000 5200360.0
708.50000 5200657.0
710.00000 5201109.0
711.50000 5201667.0
713.00000 5202094.5
714.50000 5202565.5
716.00000 5203153.5
717.50000 5203542.5
719.00000 5203956.5
720.50000 5204087.0
722.00000 5204117.5
723.50000 5204241.0
725.00000 5204305.0
726.50000 5204591.0
728.00000 5204962.0
729.50000 5205387.5
731.00000 5205745.5
732.50000 5205867.5
734.00000 5205817.0
735.50000 5205624.5
737.00000 5205519.5
738.50000 5205561.0
740.00000 5205578.5
741.50000 5205622.5
743.00000 5205594.0
744.50000 5205590.5
746.00000 5205564.5
747.50000 5205517.0
749.00000 5205371.0
750.50000 5205252.5
752.00000 5205253.5
753.50000 5205225.5
755.00000 5205118.5
756.50000 5204797.5
758.00000 5204655.5
759.50000 5204550.5
761.00000 5204312.0
762.50000 5204038.5
764.00000 5203796.0
765.50000 5203562.0
767.00000 5203347.0
768.50000 5203128.5
770.00000 5202916.0
771.50000 5202574.0
773.00000 5202286.5
774.50000 5202017.0
776.00000 5201837.5
777.50000 5201552.0
779.00000 5201178.5
780.50000 5200809.0
782.00000 5200743.5
783.50000 5200383.5
785.00000 5199928.5
786.50000 5199663.0
788.00000 5199377.5
789.50000 5199116.0
791.00000 5198841.0
792.50000 5198411.5
794.00000 5198094.0
795.50000 5197836.0
797.00000 5197582.0
798.50000 5197203.0
800.00000 5196815.0
801.50000 5196474.0
803.00000 5196171.0
804.50000 5195973.0
806.00000 5195593.0
807.50000 5195186.0
809.00000 5194872.5
810.50000 5194756.5
812.00000 5194243.5
813.50000 5193959.5
815.00000 5193689.5
816.50000 5193369.0
818.00000 5193028.5
819.50000 5192701.5
821.00000 5192335.5
822.50000 5192037.5
824.00000 5191874.5
825.50000 5191489.5
827.00000 5191145.5
828.50000 5190815.0
830.00000 5190469.5
831.50000 5190145.0
833.00000 5189992.5
834.50000 5189525.5
836.00000 5189200.0
837.50000 5188879.5
839.00000 5188538.5
840.50000 5188303.0
842.00000 5187989.5
843.50000 5187639.0
845.00000 5187282.0
846.50000 5186939.0
848.00000 5186589.5
849.50000 5186425.5
851.00000 5186042.0
852.50000 5185646.0
854.00000 5185331.0
855.50000 5185030.0
857.00000 5184828.0
858.50000 5184412.5
860.00000 5184034.5
861.50000 5183718.5
863.00000 5183397.0
864.50000 5183068.5
866.00000 5182891.5
867.50000 5182434.5
869.00000 5182087.0
870.50000 5181737.5
872.00000 5181410.0
873.50000 5181241.0
875.00000 5180854.5
876.50000 5180470.5
878.00000 5180067.0
879.50000 5179799.5
881.00000 5179483.0
882.50000 5179229.5
884.00000 5178772.5
885.50000 5178468.0
887.00000 5178111.5
888.50000 5177881.0
890.00000 5177469.5
891.50000 5177056.5
893.00000 5176710.0
894.50000 5176397.0
896.00000 5176048.0
897.50000 5175725.0
899.00000 5175300.0
900.50000 5174925.5
902.00000 5174519.5
903.50000 5174179.0
905.00000 5173837.0
906.50000 5173416.0
908.00000 5172964.5
909.50000 5172588.0
911.00000 5172224.5
912.50000 5171828.5
914.00000 5171402.5
915.50000 5170929.0
917.00000 5170568.0
918.50000 5170052.0
920.00000 5169742.5
921.50000 5169218.5
923.00000 5168820.5
924.50000 5168300.0
926.00000 5167839.5
927.50000 5167377.0
929.00000 5166921.5
930.50000 5166440.0
932.00000 5165994.0
933.50000 5165489.0
935.00000 5164987.0
936.50000 5164499.5
938.00000 5163963.5
939.50000 5163398.0
941.00000 5162916.5
942.50000 5162295.0
944.00000 5161819.0
945.50000 5161318.0
947.00000 5160785.0
948.50000 5160278.5
950.00000 5159733.5
951.50000 5159175.5
953.00000 5158618.5
954.50000 5158031.0
956.00000 5157508.0
957.50000 5156999.5
959.00000 5156464.5
960.50000 5155924.0
962.00000 5155361.0
963.50000 5154885.5
965.00000 5154305.5
966.50000 5153803.0
968.00000 5153196.0
969.50000 5152677.0
971.00000 5152159.0
972.50000 5151652.5
974.00000 5151073.5
975.50000 5150568.5
977.00000 5150038.0
978.50000 5149465.5
980.00000 5148899.5
981.50000 5148433.5
983.00000 5147817.0
984.50000 5147365.0
986.00000 5146838.0
987.50000 5146345.0
989.00000 5145768.0
990.50000 5145283.0
992.00000 5144783.5
993.50000 5144228.0
995.00000 5143725.0
996.50000 5143165.0
998.00000 5142698.0
999.50000 5142208.0
1001.0000 5141670.5
1002.5000 5141160.0
1004.0000 5140681.0
1005.5000 5140234.0
1007.0000 5139774.5
1008.5000 5139252.5
1010.0000 5138786.5
1011.5000 5138338.5
1013.0000 5137883.5
1014.5000 5137433.5
1016.0000 5136935.5
1017.5000 5136488.5
1019.0000 5136077.0
1020.5000 5135632.5
1022.0000 5135202.0
1023.5000 5134758.5
1025.0000 5134344.5
1026.5000 5133926.0
1028.0000 5133476.0
1029.5000 5133102.0
1031.0000 5132606.5
1032.5000 5132274.5
1034.0000 5131845.0
1035.5000 5131404.0
1037.0000 5131069.5
1038.5000 5130621.5
1040.0000 5130246.5
1041.5000 5129861.0
1043.0000 5129475.0
1044.5000 5129238.5
1046.0000 5128798.5
1047.5000 5128467.0
1049.0000 5128088.0
1050.5000 5127749.0
1052.0000 5127398.0
1053.5000 5127110.5
1055.0000 5126746.0
1056.5000 5126419.5
1058.0000 5126069.5
1059.5000 5125748.5
1061.0000 5125438.0
1062.5000 5125085.0
1064.0000 5124745.0
1065.5000 5124415.5
1067.0000 5124126.0
1068.5000 5123762.0
1070.0000 5123462.5
1071.5000 5123169.0
1073.0000 5122868.0
1074.5000 5122617.0
1076.0000 5122282.0
1077.5000 5121990.0
1079.0000 5121675.5
1080.5000 5121398.0
1082.0000 5121143.0
1083.5000 5120882.0
1085.0000 5120557.5
1086.5000 5120269.0
1088.0000 5120018.5
1089.5000 5119792.5
1091.0000 5119532.0
1092.5000 5119336.0
1094.0000 5119078.0
1095.5000 5118848.0
1097.0000 5118544.0
1098.5000 5118261.0
1100.0000 5118046.5
1101.5000 5117879.5
1103.0000 5117559.0
1104.5000 5117191.5
1106.0000 5116970.5
1107.5000 5116617.5
1109.0000 5116363.0
1110.5000 5116086.0
1112.0000 5115825.0
1113.5000 5115638.5
1115.0000 5115345.0
1116.5000 5115028.5
1118.0000 5114779.5
1119.5000 5114515.5
1121.0000 5114367.5
1122.5000 5114048.5
1124.0000 5113803.5
1125.5000 5113585.0
1127.0000 5113232.5
1128.5000 5113056.5
1130.0000 5112833.5
1131.5000 5112603.5
1133.0000 5112322.0
1134.5000 5112000.5
1136.0000 5111818.5
1137.5000 5111580.0
1139.0000 5111352.5
1140.5000 5111069.0
1142.0000 5110844.0
1143.5000 5110531.5
1145.0000 5110279.5
1146.5000 5110031.5
1148.0000 5109921.5
1149.5000 5109596.5
1151.0000 5109351.5
1152.5000 5109126.5
1154.0000 5108961.5
1155.5000 5108661.5
1157.0000 5108391.0
1158.5000 5108136.5
1160.0000 5107860.0
1161.5000 5107703.0
1163.0000 5107378.0
1164.5000 5107183.0
1166.0000 5106883.5
1167.5000 5106571.0
1169.0000 5106303.5
1170.5000 5106045.5
1172.0000 5105916.0
1173.5000 5105591.5
1175.0000 5105238.5
1176.5000 5105014.5
1178.0000 5104783.0
1179.5000 5104501.0
1181.0000 5104128.0
1182.5000 5103822.5
1184.0000 5103563.0
1185.5000 5103289.0
1187.0000 5102911.0
1188.5000 5102514.5
1190.0000 5102254.5
1191.5000 5101998.5
1193.0000 5101611.0
1194.5000 5101224.0
1196.0000 5100929.5
1197.5000 5100621.0
1199.0000 5100325.5
1200.5000 5099900.0
1202.0000 5099551.0
1203.5000 5099239.0
1205.0000 5098991.5
1206.5000 5098503.5
1208.0000 5098141.0
1209.5000 5097793.5
1211.0000 5097576.5
1212.5000 5097070.5
1214.0000 5096702.0
1215.5000 5096323.0
1217.0000 5096040.0
1218.5000 5095645.0
1220.0000 5095243.0
1221.5000 5094896.0
1223.0000 5094566.0
1224.5000 5094228.5
1226.0000 5093852.0
1227.5000 5093472.5
1229.0000 5093162.5
1230.5000 5092913.0
1232.0000 5092509.5
1233.5000 5092174.0
1235.0000 5091806.5
1236.5000 5091497.0
1238.0000 5091188.5
1239.5000 5090889.0
1241.0000 5090535.5
1242.5000 5090226.0
1244.0000 5089914.0
1245.5000 5089584.0
1247.0000 5089242.0
1248.5000 5088992.0
1250.0000 5088665.0
1251.5000 5088331.0
1253.0000 5088011.0
1254.5000 5087696.0
1256.0000 5087441.0
1257.5000 5087063.0
1259.0000 5086708.0
1260.5000 5086370.5
1262.0000 5086074.0
1263.5000 5085723.5
1265.0000 5085373.0
1266.5000 5085038.0
1268.0000 5084674.0
1269.5000 5084420.0
1271.0000 5084047.5
1272.5000 5083736.5
1274.0000 5083376.0
1275.5000 5083009.0
1277.0000 5082701.5
1278.5000 5082308.0
1280.0000 5081999.5
1281.5000 5081642.0
1283.0000 5081289.0
1284.5000 5080915.0
1286.0000 5080523.5
1287.5000 5080109.0
1289.0000 5079675.5
1290.5000 5079180.0
1292.0000 5078687.0
1293.5000 5078207.0
1295.0000 5077685.5
1296.5000 5077184.0
1298.0000 5076703.0
1299.5000 5076226.0
1301.0000 5075723.0
1302.5000 5075213.5
1304.0000 5074743.0
1305.5000 5074203.5
1307.0000 5073735.0
1308.5000 5073272.0
1310.0000 5072803.0
1311.5000 5072305.5
1313.0000 5071858.5
1314.5000 5071333.5
1316.0000 5070846.5
1317.5000 5070369.0
1319.0000 5069856.0
1320.5000 5069375.5
1322.0000 5068885.0
1323.5000 5068385.0
1325.0000 5067899.0
1326.5000 5067429.5
1328.0000 5066914.5
1329.5000 5066438.0
1331.0000 5065960.5
1332.5000 5065471.0
1334.0000 5064997.0
1335.5000 5064522.0
1337.0000 5064040.5
1338.5000 5063545.5
1340.0000 5063089.0
1341.5000 5062607.5
1343.0000 5062126.5
1344.5000 5061651.0
1346.0000 5061176.5
1347.5000 5060773.5
1349.0000 5060351.0
1350.5000 5059964.0
1352.0000 5059650.5
1353.5000 5059272.0
1355.0000 5059010.0
1356.5000 5058756.0
1358.0000 5058414.5
1359.5000 5058019.5
1361.0000 5057636.5
1362.5000 5057275.5
1364.0000 5056805.0
1365.5000 5056470.5
1367.0000 5056145.5
1368.5000 5055473.5
1370.0000 5055059.5
1371.5000 5054603.5
1373.0000 5054099.5
1374.5000 5053036.0
1376.0000 5051867.0
1377.5000 5051449.5
1379.0000 5050908.0
1380.5000 5050400.5
1382.0000 5049971.0
1383.5000 5049458.0
1385.0000 5048951.0
1386.5000 5048427.5
1388.0000 5047914.5
1389.5000 5047345.0
1391.0000 5046797.0
1392.5000 5046207.5
1394.0000 5044507.5
1395.5000 5043520.5
1397.0000 5041992.5
1398.5000 5034863.5
1400.0000 5026669.5
1401.5000 5017465.0
1403.0000 5006555.0
1404.5000 5001050.5
1406.0000 4995426.5
1407.5000 4990478.0
1409.0000 4987820.5
1410.5000 4984290.0
1412.0000 4984292.5
1413.5000 4979890.0
1415.0000 4980225.5
1416.5000 4978868.5
1418.0000 4977134.5
1419.5000 4971158.0
1421.0000 4968998.0
1422.5000 4961187.0
1424.0000 4954996.0
1425.5000 4950914.0
1427.0000 4943089.0
1428.5000 4933530.5
1430.0000 4923773.0
1431.5000 4916456.5
1433.0000 4910193.0
1434.5000 4901135.0
1436.0000 4890719.5
1437.5000 4880006.0
1439.0000 4869126.5
1440.5000 4859276.5
1442.0000 4848714.5
1443.5000 4838581.0
1445.0000 4827786.0
1446.5000 4816910.5
1448.0000 4807636.0
1449.5000 4797027.5
1451.0000 4787470.0
1452.5000 4778128.5
1454.0000 4769068.5
1455.5000 4760285.5
1457.0000 4752140.5
1458.5000 4744432.0
1460.0000 4736759.0
1461.5000 4729893.0
1463.0000 4723096.5
1464.5000 4716457.0
1466.0000 4710440.5
1467.5000 4704584.5
1469.0000 4698574.0
1470.5000 4693474.0
1472.0000 4688167.0
1473.5000 4681878.0
1475.0000 4676846.5
1476.5000 4671788.5
1478.0000 4669065.5
1479.5000 4665768.0
1481.0000 4662896.0
1482.5000 4660274.0
1484.0000 4658007.0
1485.5000 4656313.0
1487.0000 4654574.5
1488.5000 4652724.5
1490.0000 4650968.5
1491.5000 4649383.5
1493.0000 4648027.0
1494.5000 4646717.0
1496.0000 4645400.0
1497.5000 4644080.0
1499.0000 4642815.0
1500.5000 4641599.5
1502.0000 4640450.5
1503.5000 4639358.0
1505.0000 4638249.5
1506.5000 4637187.0
1508.0000 4636223.0
1509.5000 4635176.0
1511.0000 4634155.0
1512.5000 4633194.0
1514.0000 4632245.0
1515.5000 4631286.5
1517.0000 4630306.5
1518.5000 4629321.0
1520.0000 4628382.5
1521.5000 4627443.5
1523.0000 4626478.5
1524.5000 4625653.0
1526.0000 4624915.0
1527.5000 4624002.0
1529.0000 4623023.0
1530.5000 4622001.0
1532.0000 4621028.0
1533.5000 4620095.5
1535.0000 4619279.5
1536.5000 4618507.0
1538.0000 4617562.0
1539.5000 4616554.0
1541.0000 4615575.0
1542.5000 4614755.5
1544.0000 4613817.5
1545.5000 4612889.0
1547.0000 4612081.0
1548.5000 4611118.0
1550.0000 4610200.5
1551.5000 4609315.0
1553.0000 4608533.5
1554.5000 4607582.5
1556.0000 4606627.0
1557.5000 4605750.5
1559.0000 4604975.0
1560.5000 4603984.0
1562.0000 4603061.5
1563.5000 4602310.5
1565.0000 4601447.0
1566.5000 4600516.5
1568.0000 4599629.0
1569.5000 4598848.5
1571.0000 4597990.0
1572.5000 4597081.5
1574.0000 4596240.5
1575.5000 4595406.5
1577.0000 4594602.5
1578.5000 4593753.5
1580.0000 4592895.5
1581.5000 4592034.5
1583.0000 4591164.0
1584.5000 4590341.5
1586.0000 4589589.0
1587.5000 4588809.0
1589.0000 4588101.5
1590.5000 4586969.5
1592.0000 4586106.5
1593.5000 4585240.0
1595.0000 4584375.5
1596.5000 4583540.5
1598.0000 4582657.5
1599.5000 4581815.0
1601.0000 4581003.0
1602.5000 4580290.5
1604.0000 4579467.0
1605.5000 4578593.5
1607.0000 4577845.0
1608.5000 4576952.0
1610.0000 4576146.5
1611.5000 4575522.5
1613.0000 4574806.0
1614.5000 4574040.0
1616.0000 4573119.0
1617.5000 4572235.0
1619.0000 4571374.5
1620.5000 4570527.5
1622.0000 4569725.5
1623.5000 4568846.5
1625.0000 4568027.0
1626.5000 4567270.5
1628.0000 4566602.0
1629.5000 4565711.5
1631.0000 4564932.5
1632.5000 4564355.0
1634.0000 4563409.0
1635.5000 4562576.5
1637.0000 4561770.5
1638.5000 4561157.5
1640.0000 4560454.0
1641.5000 4559583.5
1643.0000 4558744.5
1644.5000 4557802.0
1646.0000 4557007.0
1647.5000 4556158.0
1649.0000 4555335.5
1650.5000 4554576.5
1652.0000 4553729.5
1653.5000 4553211.0
1655.0000 4552358.5
1656.5000 4551651.0
1658.0000 4550717.5
1659.5000 4549911.5
1661.0000 4549071.0
1662.5000 4548214.0
1664.0000 4547605.5
1665.5000 4547087.0
1667.0000 4546248.5
1668.5000 4545342.0
1670.0000 4544446.0
1671.5000 4543675.5
1673.0000 4542898.0
1674.5000 4542058.5
1676.0000 4541264.5
1677.5000 4540579.0
1679.0000 4539632.0
1680.5000 4538884.5
1682.0000 4538070.5
1683.5000 4537299.5
1685.0000 4536645.5
1686.5000 4535716.0
1688.0000 4534952.0
1689.5000 4534086.0
1691.0000 4533362.5
1692.5000 4532520.0
1694.0000 4531884.0
1695.5000 4530995.0
1697.0000 4530190.0
1698.5000 4529727.0
1700.0000 4528656.5
1701.5000 4528082.5
1703.0000 4527579.5
1704.5000 4526615.5
1706.0000 4525891.5
1707.5000 4525216.0
1709.0000 4524564.0
1710.5000 4523896.5
1712.0000 4523068.5
1713.5000 4522500.5
1715.0000 4521796.5
1716.5000 4521080.5
1718.0000 4520381.0
1719.5000 4519822.5
1721.0000 4518994.5
1722.5000 4518346.5
1724.0000 4517682.0
1725.5000 4516973.5
1727.0000 4516261.0
1728.5000 4515629.5
1730.0000 4514992.0
1731.5000 4514339.5
1733.0000 4513638.0
1734.5000 4513055.0
1736.0000 4512364.0
1737.5000 4511809.5
1739.0000 4511125.0
1740.5000 4510546.0
1742.0000 4509906.5
1743.5000 4509365.0
1745.0000 4508657.5
1746.5000 4508088.0
1748.0000 4507518.0
1749.5000 4506890.5
1751.0000 4506360.5
1752.5000 4505692.0
1754.0000 4505154.5
1755.5000 4504483.5
1757.0000 4503938.5
1758.5000 4503344.0
1760.0000 4502703.0
1761.5000 4502128.5
1763.0000 4501506.5
1764.5000 4500866.5
1766.0000 4500220.0
1767.5000 4499679.0
1769.0000 4499039.0
1770.5000 4498374.0
1772.0000 4497774.0
1773.5000 4497154.0
1775.0000 4496558.0
1776.5000 4495943.0
1778.0000 4495019.0
1779.5000 4494790.0
1781.0000 4494042.5
1782.5000 4493425.0
1784.0000 4492830.5
1785.5000 4492142.5
1787.0000 4491605.0
1788.5000 4491024.5
1790.0000 4490443.5
1791.5000 4489978.0
1793.0000 4489405.0
1794.5000 4488798.5
1796.0000 4488338.0
1797.5000 4487777.5
1799.0000 4487342.0
1800.5000 4486836.0
1802.0000 4486385.5
1803.5000 4485898.0
1805.0000 4485420.5
1806.5000 4484996.5
1808.0000 4484675.0
1809.5000 4484222.5
1811.0000 4483721.5
1812.5000 4483361.0
1814.0000 4482835.5
1815.5000 4482524.5
1817.0000 4482129.0
1818.5000 4481608.5
1820.0000 4481156.0
1821.5000 4480786.0
1823.0000 4480254.0
1824.5000 4479786.5
1826.0000 4479353.0
1827.5000 4478792.5
1829.0000 4478383.0
1830.5000 4477883.5
1832.0000 4477433.0
1833.5000 4476944.5
1835.0000 4476471.0
1836.5000 4476110.0
1838.0000 4475580.0
1839.5000 4475284.5
1841.0000 4474753.0
1842.5000 4474228.0
1844.0000 4473764.5
1845.5000 4473292.5
1847.0000 4472875.0
1848.5000 4472668.5
1850.0000 4472487.5
1851.5000 4471900.5
1853.0000 4471352.5
1854.5000 4470865.0
1856.0000 4470418.5
1857.5000 4469953.5
1859.0000 4469521.5
1860.5000 4469080.0
1862.0000 4468795.0
1863.5000 4468236.0
1865.0000 4467890.5
1866.5000 4467578.5
1868.0000 4467007.5
1869.5000 4466525.0
1871.0000 4466067.0
1872.5000 4465567.5
1874.0000 4465422.5
1875.5000 4464958.0
1877.0000 4464444.5
1878.5000 4463993.5
1880.0000 4463590.0
1881.5000 4463258.0
1883.0000 4462728.0
1884.5000 4462354.0
1886.0000 4461982.5
1887.5000 4461585.0
1889.0000 4461307.5
1890.5000 4461088.0
1892.0000 4460626.0
1893.5000 4460164.5
1895.0000 4459840.0
1896.5000 4459486.5
1898.0000 4459062.0
1899.5000 4458756.5
1901.0000 4458400.0
1902.5000 4458070.0
1904.0000 4457946.0
1905.5000 4457815.5
1907.0000 4457539.5
1908.5000 4457138.0
1910.0000 4456852.5
1911.5000 4456613.5
1913.0000 4456313.0
1914.5000 4456074.5
1916.0000 4455829.0
1917.5000 4455573.0
1919.0000 4455327.5
1920.5000 4455073.5
1922.0000 4454818.5
1923.5000 4454569.5
1925.0000 4454333.5
1926.5000 4454122.0
1928.0000 4453945.5
1929.5000 4453725.0
1931.0000 4453548.5
1932.5000 4453362.0
1934.0000 4453179.5
1935.5000 4452980.0
1937.0000 4452792.5
1938.5000 4452612.0
1940.0000 4452423.0
1941.5000 4452260.0
1943.0000 4452093.0
1944.5000 4451925.0
1946.0000 4451775.0
1947.5000 4451644.5
1949.0000 4451521.5
1950.5000 4451373.0
1952.0000 4451248.5
1953.5000 4451152.5
1955.0000 4451046.0
1956.5000 4450966.5
1958.0000 4450890.0
1959.5000 4450817.0
1961.0000 4450765.0
1962.5000 4450714.5
1964.0000 4450660.0
1965.5000 4450624.0
1967.0000 4450610.0
1968.5000 4450599.5
1970.0000 4450599.5
1971.5000 4450607.5
1973.0000 4450624.0
1974.5000 4450651.0
1976.0000 4450690.5
1977.5000 4450740.5
1979.0000 4450800.0
1980.5000 4450868.0
1982.0000 4450948.0
1983.5000 4451031.0
1985.0000 4451129.0
1986.5000 4451231.0
1988.0000 4451339.0
1989.5000 4451460.0
1991.0000 4451588.0
1992.5000 4451720.5
1994.0000 4451863.0
1995.5000 4452011.5
1997.0000 4452165.5
1998.5000 4452325.0
2000.0000 4452491.0
2001.5000 4452658.0
2003.0000 4452837.0
2004.5000 4453037.5
2006.0000 4453244.5
2007.5000 4453470.0
2009.0000 4453700.5
2010.5000 4453932.0
2012.0000 4454168.5
2013.5000 4454407.0
2015.0000 4454652.0
2016.5000 4454906.5
2018.0000 4455161.5
2019.5000 4455423.5
2021.0000 4455723.0
2022.5000 4456058.5
2024.0000 4456414.0
2025.5000 4456798.5
2027.0000 4457196.5
2028.5000 4457597.0
2030.0000 4458000.5
2031.5000 4458403.0
2033.0000 4458804.0
2034.5000 4459200.5
2036.0000 4459587.0
2037.5000 4459966.0
2039.0000 4460332.0
2040.5000 4460687.0
2042.0000 4461026.5
2043.5000 4461353.0
2045.0000 4461666.0
2046.5000 4461964.5
2048.0000 4462239.5
2049.5000 4462501.5
2051.0000 4462748.0
2052.5000 4462982.5
2054.0000 4463208.0
2055.5000 4463427.0
2057.0000 4463638.0
2058.5000 4463843.5
2060.0000 4464042.0
2061.5000 4464238.0
2063.0000 4464430.5
2064.5000 4464881.0
2066.0000 4465383.0
2067.5000 4465889.5
2069.0000 4466274.5
2070.5000 4466701.5
2072.0000 4467139.0
2073.5000 4467460.5
2075.0000 4467812.5
2076.5000 4468171.0
2078.0000 4468510.5
2079.5000 4468857.0
2081.0000 4469157.0
2082.5000 4469484.0
2084.0000 4469752.5
2085.5000 4470013.0
2087.0000 4470255.0
2088.5000 4470483.5
2090.0000 4470698.0
2091.5000 4470901.5
2093.0000 4471095.0
2094.5000 4471271.0
2096.0000 4471421.0
2097.5000 4471573.5
2099.0000 4471713.5
2100.5000 4471818.5
2102.0000 4471967.0
2103.5000 4472133.5
2105.0000 4472282.0
2106.5000 4472455.0
2108.0000 4472601.5
2109.5000 4472688.0
2111.0000 4472890.5
2112.5000 4472974.5
2114.0000 4473132.5
2115.5000 4473275.0
2117.0000 4473358.0
2118.5000 4473497.5
2120.0000 4473643.0
2121.5000 4473738.0
2123.0000 4473846.5
2124.5000 4474002.5
2126.0000 4474079.0
2127.5000 4474176.0
2129.0000 4474359.0
2130.5000 4474410.0
2132.0000 4474546.5
2133.5000 4474753.0
2135.0000 4474774.5
2136.5000 4474900.0
2138.0000 4475079.5
2139.5000 4475123.5
2141.0000 4475271.0
2142.5000 4475406.5
2144.0000 4475437.5
2145.5000 4475584.5
2147.0000 4475736.0
2148.5000 4475772.0
2150.0000 4475911.0
2151.5000 4476013.5
2153.0000 4476145.0
2154.5000 4476205.5
2156.0000 4476333.5
2157.5000 4476412.5
2159.0000 4476526.0
2160.5000 4476627.0
2162.0000 4476695.0
2163.5000 4476785.0
2165.0000 4476875.0
2166.5000 4476956.0
2168.0000 4477028.0
2169.5000 4477106.0
2171.0000 4477181.0
2172.5000 4477242.0
2174.0000 4477320.0
2175.5000 4477387.0
2177.0000 4477454.0
2178.5000 4477491.5
2180.0000 4477579.0
2181.5000 4477598.0
2183.0000 4477680.5
2184.5000 4477722.0
2186.0000 4477782.5
2187.5000 4477836.0
2189.0000 4477884.0
2190.5000 4477933.0
2192.0000 4477979.5
2193.5000 4478020.0
2195.0000 4478063.5
2196.5000 4478100.5
2198.0000 4478139.0
2199.5000 4478173.5
2201.0000 4478206.5
2202.5000 4478239.5
2204.0000 4478268.0
2205.5000 4478289.0
2207.0000 4478314.5
2208.5000 4478346.5
2210.0000 4478372.5
2211.5000 4478370.0
2213.0000 4478396.5
2214.5000 4478419.0
2216.0000 4478422.5
2217.5000 4478440.0
2219.0000 4478438.5
2220.5000 4478454.0
2222.0000 4478435.0
2223.5000 4478453.5
2225.0000 4478442.0
2226.5000 4478431.5
2228.0000 4478395.0
2229.5000 4478433.5
2231.0000 4478406.0
2232.5000 4478367.0
2234.0000 4478340.5
2235.5000 4478286.0
2237.0000 4478225.5
2238.5000 4478165.0
2240.0000 4478150.5
2241.5000 4478786.5
2243.0000 4477545.0
2244.5000 4469567.0
2246.0000 4473756.5
2247.5000 4468153.0
2249.0000 4473973.0
2250.5000 4477978.0
2252.0000 4462798.5
2253.5000 4460160.5
2255.0000 4447570.5
2256.5000 4436438.5
2258.0000 4431931.0
2259.5000 4421004.0
2261.0000 4405754.5
2262.5000 4405331.5
2264.0000 4395952.0
2265.5000 4387677.0
2267.0000 4382296.0
2268.5000 4379534.5
2270.0000 4375635.0
2271.5000 4373829.0
2273.0000 4373723.0
2274.5000 4373542.0
2276.0000 4372928.5
2277.5000 4372729.0
2279.0000 4372598.5
2280.5000 4372243.5
2282.0000 4371979.5
2283.5000 4371765.5
2285.0000 4371514.0
2286.5000 4371259.0
2288.0000 4371031.0
2289.5000 4370803.5
2291.0000 4370562.5
2292.5000 4370334.0
2294.0000 4370109.0
2295.5000 4369876.5
2297.0000 4369648.0
2298.5000 4369422.0
2300.0000 4369192.0
2301.5000 4368962.0
2303.0000 4368733.0
2304.5000 4368504.5
2306.0000 4368277.0
2307.5000 4368052.0
2309.0000 4367831.5
2310.5000 4367625.0
2312.0000 4367423.0
2313.5000 4367226.0
2315.0000 4367033.0
2316.5000 4366838.5
2318.0000 4366648.0
2319.5000 4366470.0
2321.0000 4366326.0
2322.5000 4366210.0
2324.0000 4366088.0
2325.5000 4365961.0
2327.0000 4365834.5
2328.5000 4365701.5
2330.0000 4365561.0
2331.5000 4365415.5
2333.0000 4365264.5
2334.5000 4365106.0
2336.0000 4364941.5
2337.5000 4364770.5
2339.0000 4364594.0
2340.5000 4364413.0
2342.0000 4364226.5
2343.5000 4364032.0
2345.0000 4363831.0
2346.5000 4363629.0
2348.0000 4363421.5
2349.5000 4363204.5
2351.0000 4362992.5
2352.5000 4362771.0
2354.0000 4362553.5
2355.5000 4362363.5
2357.0000 4362147.5
2358.5000 4361906.0
2360.0000 4361684.5
2361.5000 4361450.5
2363.0000 4361254.5
2364.5000 4361068.5
2366.0000 4360823.5
2367.5000 4360576.5
2369.0000 4360365.0
2370.5000 4360141.0
2372.0000 4359903.5
2373.5000 4359661.0
2375.0000 4359419.0
2376.5000 4359184.0
2378.0000 4358951.0
2379.5000 4358714.0
2381.0000 4358474.5
2382.5000 4358237.0
2384.0000 4357999.0
2385.5000 4357758.5
2387.0000 4357517.5
2388.5000 4357275.0
2390.0000 4357032.0
2391.5000 4356788.5
2393.0000 4356542.5
2394.5000 4356295.5
2396.0000 4356054.0
2397.5000 4355683.0
2399.0000 4355429.5
2400.5000 4355166.0
2402.0000 4354862.5
2403.5000 4354585.0
2405.0000 4354338.5
2406.5000 4354095.0
2408.0000 4353833.0
2409.5000 4353574.5
2411.0000 4353325.0
2412.5000 4353069.0
2414.0000 4352810.0
2415.5000 4352553.5
2417.0000 4352296.5
2418.5000 4352038.0
2420.0000 4351780.0
2421.5000 4351522.5
2423.0000 4351265.0
2424.5000 4351007.5
2426.0000 4350749.5
2427.5000 4350491.5
2429.0000 4350232.5
2430.5000 4349973.5
2432.0000 4349714.5
2433.5000 4349455.0
2435.0000 4349195.5
2436.5000 4348936.0
2438.0000 4348677.0
2439.5000 4348417.0
2441.0000 4348156.5
2442.5000 4347895.0
2444.0000 4347632.5
2445.5000 4347369.0
2447.0000 4347105.0
2448.5000 4346841.0
2450.0000 4346576.5
2451.5000 4346311.0
2453.0000 4346045.5
2454.5000 4345779.5
2456.0000 4345513.5
2457.5000 4345246.0
2459.0000 4344979.5
2460.5000 4344711.5
2462.0000 4344443.0
2463.5000 4344174.0
2465.0000 4343905.5
2466.5000 4343636.0
2468.0000 4343365.5
2469.5000 4343095.5
2471.0000 4342825.5
2472.5000 4342555.0
2474.0000 4342283.5
2475.5000 4342012.5
2477.0000 4341739.5
2478.5000 4341467.0
2480.0000 4341193.5
2481.5000 4340912.0
2483.0000 4340632.0
2484.5000 4340358.5
2486.0000 4340084.0
2487.5000 4339806.5
2489.0000 4339532.5
2490.5000 4339259.5
2492.0000 4338986.0
2493.5000 4338714.0
2495.0000 4338438.5
2496.5000 4338165.5
2498.0000 4337891.5
2499.5000 4337617.5
2501.0000 4337343.5
2502.5000 4337068.0
2504.0000 4336805.0
2505.5000 4336466.5
2507.0000 4336184.5
2508.5000 4335927.5
2510.0000 4335654.5
2511.5000 4335398.5
2513.0000 4335129.0
2514.5000 4334925.0
2516.0000 4334682.5
2517.5000 4334394.5
2519.0000 4334126.5
2520.5000 4333877.0
2522.0000 4333607.0
2523.5000 4333356.0
2525.0000 4333095.5
2526.5000 4332838.5
2528.0000 4332570.5
2529.5000 4332287.5
2531.0000 4332011.5
2532.5000 4331727.5
2534.0000 4331450.5
2535.5000 4331179.5
2537.0000 4330912.5
2538.5000 4330643.0
2540.0000 4330372.5
2541.5000 4330099.0
2543.0000 4329824.5
2544.5000 4329549.0
2546.0000 4329274.5
2547.5000 4328989.0
2549.0000 4328710.0
2550.5000 4328426.5
2552.0000 4328142.0
2553.5000 4327858.0
2555.0000 4327574.5
2556.5000 4327291.5
2558.0000 4327008.0
2559.5000 4326726.0
2561.0000 4326443.5
2562.5000 4326144.0
2564.0000 4325837.5
2565.5000 4325529.0
2567.0000 4325213.5
2568.5000 4324893.0
2570.0000 4324576.0
2571.5000 4324263.5
2573.0000 4323954.0
2574.5000 4323646.5
2576.0000 4323342.5
2577.5000 4323040.0
2579.0000 4322739.0
2580.5000 4322439.5
2582.0000 4322141.0
2583.5000 4321843.5
2585.0000 4321547.0
2586.5000 4321251.0
2588.0000 4320954.5
2589.5000 4320657.5
2591.0000 4320360.5
2592.5000 4320064.5
2594.0000 4319768.5
2595.5000 4319472.5
2597.0000 4319177.0
2598.5000 4318882.5
2600.0000 4318588.0
2601.5000 4318296.0
2603.0000 4318003.0
2604.5000 4317709.5
2606.0000 4317416.5
2607.5000 4317121.5
2609.0000 4316825.0
2610.5000 4316531.0
2612.0000 4316236.5
2613.5000 4315942.5
2615.0000 4315649.0
2616.5000 4315356.5
2618.0000 4315064.0
2619.5000 4314770.0
2621.0000 4314474.5
2622.5000 4314178.5
2624.0000 4313881.5
2625.5000 4313585.5
2627.0000 4313289.0
2628.5000 4312993.0
2630.0000 4312697.5
2631.5000 4312402.5
2633.0000 4312105.5
2634.5000 4311809.0
2636.0000 4311508.5
2637.5000 4311209.0
2639.0000 4310907.5
2640.5000 4310605.5
2642.0000 4310304.0
2643.5000 4310001.0
2645.0000 4309699.0
2646.5000 4309395.5
2648.0000 4309092.0
2649.5000 4308785.5
2651.0000 4308476.0
2652.5000 4308165.5
2654.0000 4307856.0
2655.5000 4307545.0
2657.0000 4307235.0
2658.5000 4306925.0
2660.0000 4306616.5
2661.5000 4306308.0
2663.0000 4305998.0
2664.5000 4305687.0
2666.0000 4305371.5
2667.5000 4305060.0
2669.0000 4304745.0
2670.5000 4304431.0
2672.0000 4304118.0
2673.5000 4303806.0
2675.0000 4303492.0
2676.5000 4303177.0
2678.0000 4302860.5
2679.5000 4302542.5
2681.0000 4302227.0
2682.5000 4301910.5
2684.0000 4301593.5
2685.5000 4301277.0
2687.0000 4300960.0
2688.5000 4300642.5
2690.0000 4300323.0
2691.5000 4300003.5
2693.0000 4299684.0
2694.5000 4299365.0
2696.0000 4299045.0
2697.5000 4298724.5
2699.0000 4298401.5
2700.5000 4298075.5
2702.0000 4297742.5
2703.5000 4297406.0
2705.0000 4297065.5
2706.5000 4296716.0
2708.0000 4296357.0
2709.5000 4295982.5
2711.0000 4295598.0
2712.5000 4295185.5
2714.0000 4294755.5
2715.5000 4294310.5
2717.0000 4293823.5
2718.5000 4293314.5
2720.0000 4292746.5
2721.5000 4292160.0
2723.0000 4291587.0
2724.5000 4290980.5
2726.0000 4290406.5
2727.5000 4289831.5
2729.0000 4289271.0
2730.5000 4288734.5
2732.0000 4288206.5
2733.5000 4287718.5
2735.0000 4287274.5
2736.5000 4286842.0
2738.0000 4286438.0
2739.5000 4286032.0
2741.0000 4285567.0
2742.5000 4285127.5
2744.0000 4284633.0
2745.5000 4284098.5
2747.0000 4283554.5
2748.5000 4282989.0
2750.0000 4282413.0
2751.5000 4281822.0
2753.0000 4281224.5
2754.5000 4280605.5
2756.0000 4279972.5
2757.5000 4279324.0
2759.0000 4278656.5
2760.5000 4277983.5
2762.0000 4277297.5
2763.5000 4276649.5
2765.0000 4275980.5
2766.5000 4275320.0
2768.0000 4274680.0
2769.5000 4274049.0
2771.0000 4273414.5
2772.5000 4272789.0
2774.0000 4272162.5
2775.5000 4271542.0
2777.0000 4270916.5
2778.5000 4270291.0
2780.0000 4269660.5
2781.5000 4269032.5
2783.0000 4268403.5
2784.5000 4267775.5
2786.0000 4267154.5
2787.5000 4266538.5
2789.0000 4265926.5
2790.5000 4265323.5
2792.0000 4264722.5
2793.5000 4264131.0
2795.0000 4263544.0
2796.5000 4262961.0
2798.0000 4262389.0
2799.5000 4261820.0
2801.0000 4261263.5
2802.5000 4260713.5
2804.0000 4260171.5
2805.5000 4259640.5
2807.0000 4259111.0
2808.5000 4258598.5
2810.0000 4258085.0
2811.5000 4257585.0
2813.0000 4257098.0
2814.5000 4256610.0
2816.0000 4256145.0
2817.5000 4255669.5
2819.0000 4255226.0
2820.5000 4254781.5
2822.0000 4254345.0
2823.5000 4253920.0
2825.0000 4253488.0
2826.5000 4253077.5
2828.0000 4252658.5
2829.5000 4252251.0
2831.0000 4251841.5
2832.5000 4251425.0
2834.0000 4251026.5
2835.5000 4250631.0
2837.0000 4250230.5
2838.5000 4249839.0
2840.0000 4249445.5
2841.5000 4249067.0
2843.0000 4248686.0
2844.5000 4248302.0
2846.0000 4247927.5
2847.5000 4247541.0
2849.0000 4247177.0
2850.5000 4246792.5
2852.0000 4246421.0
2853.5000 4246056.5
2855.0000 4245687.0
2856.5000 4245326.5
2858.0000 4244977.0
2859.5000 4244600.5
2861.0000 4244257.5
2862.5000 4243885.5
2864.0000 4243531.5
2865.5000 4243179.0
2867.0000 4242809.0
2868.5000 4242476.0
2870.0000 4242101.5
2871.5000 4241753.5
2873.0000 4241415.5
2874.5000 4241058.5
2876.0000 4240721.5
2877.5000 4240355.0
2879.0000 4240015.0
2880.5000 4239673.5
2882.0000 4239317.0
2883.5000 4238978.0
2885.0000 4238635.5
2886.5000 4238303.5
2888.0000 4237964.5
2889.5000 4237635.5
2891.0000 4237322.0
2892.5000 4236999.5
2894.0000 4236663.5
2895.5000 4236342.0
2897.0000 4236017.0
2898.5000 4235681.5
2900.0000 4235359.0
2901.5000 4235007.5
2903.0000 4234684.5
2904.5000 4234336.0
2906.0000 4233998.5
2907.5000 4233655.0
2909.0000 4233300.5
2910.5000 4232969.0
2912.0000 4232607.5
2913.5000 4232259.5
2915.0000 4231930.5
2916.5000 4231561.5
2918.0000 4231230.5
2919.5000 4230866.0
2921.0000 4230517.5
2922.5000 4230168.0
2924.0000 4229802.0
2925.5000 4229458.0
2927.0000 4229093.0
2928.5000 4228744.0
2930.0000 4228381.5
2931.5000 4228011.0
2933.0000 4227676.0
2934.5000 4227293.5
2936.0000 4226943.0
2937.5000 4226588.5
2939.0000 4226217.5
2940.5000 4225891.5
2942.0000 4225512.0
2943.5000 4225171.0
2945.0000 4224781.0
2946.5000 4224422.5
2948.0000 4224091.0
2949.5000 4223684.5
2951.0000 4223358.0
2952.5000 4222970.5
2954.0000 4222618.0
2955.5000 4222263.0
2957.0000 4221875.0
2958.5000 4221548.5
2960.0000 4221151.0
2961.5000 4220810.5
2963.0000 4220445.0
2964.5000 4220073.5
2966.0000 4219736.5
2967.5000 4219353.0
2969.0000 4219045.0
2970.5000 4218644.0
2972.0000 4218329.0
2973.5000 4217962.0
2975.0000 4217582.0
2976.5000 4217265.0
2978.0000 4216871.0
2979.5000 4216530.0
2981.0000 4216173.0
2982.5000 4215797.5
2984.0000 4215466.0
2985.5000 4215084.0
2987.0000 4214752.5
2988.5000 4214379.0
2990.0000 4214026.5
2991.5000 4213697.5
2993.0000 4213301.5
2994.5000 4212986.5
2996.0000 4212602.5
2997.5000 4212277.0
2999.0000 4211925.5
3000.0000 4211689.5
3001.5000 4211340.5
3003.0000 4210970.5
3004.5000 4210667.5
3006.0000 4210265.5
3007.5000 4209953.5
3009.0000 4209580.0
3010.5000 4209251.0
3012.0000 4208893.0
3013.5000 4208524.5
3015.0000 4208197.5
3016.5000 4207819.5
3018.0000 4207450.0
3019.5000 4207121.0
3021.0000 4206744.0
3022.5000 4206412.0
3024.0000 4206041.0
3025.5000 4205710.5
3027.0000 4205350.5
3028.5000 4205009.0
3030.0000 4204658.0
3031.5000 4204304.0
3033.0000 4203967.5
3034.5000 4203587.5
3036.0000 4203258.5
3037.5000 4202920.5
3039.0000 4202552.5
3040.5000 4202209.5
3042.0000 4201852.0
3043.5000 4201519.0
3045.0000 4201165.0
3046.5000 4200808.5
3048.0000 4200491.5
3049.5000 4200116.5
3051.0000 4199789.0
3052.5000 4199450.0
3054.0000 4199086.5
3055.5000 4198748.5
3057.0000 4198381.5
3058.5000 4198072.0
3060.0000 4197710.5
3061.5000 4197405.0
3063.0000 4197039.0
3064.5000 4196687.5
3066.0000 4196365.5
3067.5000 4196015.0
3069.0000 4195684.0
3070.5000 4195314.5
3072.0000 4194962.5
3073.5000 4194638.0
3075.0000 4194285.8
3076.5000 4193967.5
3078.0000 4193625.8
3079.5000 4193306.3
3081.0000 4192946.5
3082.5000 4192648.3
3084.0000 4192315.0
3085.5000 4191974.0
3087.0000 4191680.3
3088.5000 4191339.3
3090.0000 4191037.0
3091.5000 4190700.5
3093.0000 4190382.5
3094.5000 4190065.0
3096.0000 4189718.8
3097.5000 4189440.8
3099.0000 4189098.0
3100.5000 4188798.0
3102.0000 4188495.8
3103.5000 4188182.8
3105.0000 4187856.5
3106.5000 4187570.8
3108.0000 4187274.3
3109.5000 4186958.8
3111.0000 4186573.0
3112.5000 4186330.0
3114.0000 4186014.0
3115.5000 4185728.0
3117.0000 4185441.0
3118.5000 4185144.8
3120.0000 4184849.5
3121.5000 4184516.5
3123.0000 4184235.8
3124.5000 4183904.8
3126.0000 4183565.8
3127.5000 4183315.0
3129.0000 4182995.8
3130.5000 4182720.8
3132.0000 4182411.0
3133.5000 4182058.0
3135.0000 4181747.3
3136.5000 4181426.8
3138.0000 4181199.0
3139.5000 4180924.0
3141.0000 4180638.3
3142.5000 4180354.0
3144.0000 4180057.0
3145.5000 4179749.0
3147.0000 4179500.3
3148.5000 4179220.0
3150.0000 4178938.0
3151.5000 4178660.5
3153.0000 4178393.5
3154.5000 4178086.8
3156.0000 4177825.3
3157.5000 4177523.0
3159.0000 4177248.5
3160.5000 4176956.3
3162.0000 4176666.5
3163.5000 4176351.5
3165.0000 4176096.5
3166.5000 4175784.0
3168.0000 4175468.0
3169.5000 4175177.3
3171.0000 4174891.5
3172.5000 4174601.0
3174.0000 4174322.5
3175.5000 4174055.0
3177.0000 4173781.8
3178.5000 4173490.3
3180.0000 4173199.3
3181.5000 4172949.5
3183.0000 4172675.8
3184.5000 4172347.8
3186.0000 4172078.3
3187.5000 4171818.3
3189.0000 4171530.8
3190.5000 4171242.5
3192.0000 4170948.5
3193.5000 4170592.0
3195.0000 4170353.0
3196.5000 4170000.5
3198.0000 4169726.0
3199.5000 4169435.3
3201.0000 4169123.5
3202.5000 4168825.5
3204.0000 4168548.3
3205.5000 4168276.8
3207.0000 4167947.5
3208.5000 4167638.8
3210.0000 4167340.8
3211.5000 4167097.0
3213.0000 4166817.3
3214.5000 4166478.8
3216.0000 4166233.3
3217.5000 4165917.8
3219.0000 4165629.8
3220.5000 4165350.3
3222.0000 4165074.3
3223.5000 4164777.0
3225.0000 4164495.3
3226.5000 4164212.3
3228.0000 4163898.0
3229.5000 4163620.3
3231.0000 4163332.3
3232.5000 4163049.5
3234.0000 4162757.3
3235.5000 4162456.8
3237.0000 4162144.3
3238.5000 4161759.3
3240.0000 4161482.8
3241.5000 4161203.8
3243.0000 4160985.3
3244.5000 4160693.0
3246.0000 4160443.0
3247.5000 4160187.5
3249.0000 4159921.8
3250.5000 4159675.5
3252.0000 4159391.3
3253.5000 4159155.3
3255.0000 4158906.3
3256.5000 4158627.3
3258.0000 4158377.8
3259.5000 4158101.0
3261.0000 4157846.5
3262.5000 4157566.5
3264.0000 4157350.5
3265.5000 4157050.3
3267.0000 4156768.5
3268.5000 4156615.3
3270.0000 4156309.3
3271.5000 4156069.3
3273.0000 4155794.0
3274.5000 4155538.3
3276.0000 4155296.5
3277.5000 4154979.8
3279.0000 4154759.0
3280.5000 4154491.5
3282.0000 4154218.0
3283.5000 4153983.5
3285.0000 4153577.8
3286.5000 4153226.8
3288.0000 4152687.0
3289.5000 4152045.8
3291.0000 4151256.0
3292.5000 4150373.3
3294.0000 4149371.8
3295.5000 4148262.3
3297.0000 4147055.3
3298.5000 4145734.0
3300.0000 4144376.8
3301.5000 4142993.8
3303.0000 4141614.5
3304.5000 4140209.5
3306.0000 4138765.3
3307.5000 4137355.0
3309.0000 4136010.0
3310.5000 4134765.3
3312.0000 4133635.5
3313.5000 4132421.8
3315.0000 4131242.5
3316.5000 4130041.3
3318.0000 4128715.5
3319.5000 4127453.3
3321.0000 4126162.0
3322.5000 4124811.8
3324.0000 4123450.5
3325.5000 4122166.0
3327.0000 4120878.5
3328.5000 4119690.8
3330.0000 4118563.3
3331.5000 4117433.3
3333.0000 4116306.5
3334.5000 4115169.0
3336.0000 4114060.0
3337.5000 4112771.3
3339.0000 4111703.5
3340.5000 4110433.0
3342.0000 4109248.0
3343.5000 4108069.8
3345.0000 4106923.0
3346.5000 4105802.0
3348.0000 4104743.5
3349.5000 4103694.0
3351.0000 4102648.5
3352.5000 4101614.5
3354.0000 4100552.3
3355.5000 4099512.0
3357.0000 4098472.5
3358.5000 4097428.0
3360.0000 4096357.8
3361.5000 4095334.0
3363.0000 4094335.8
3364.5000 4093332.8
3366.0000 4092339.8
3367.5000 4091382.0
3369.0000 4090427.0
3370.5000 4089486.5
3372.0000 4088540.0
3373.5000 4087612.8
3375.0000 4086684.3
3376.5000 4085807.5
3378.0000 4084875.5
3379.5000 4083990.5
3381.0000 4083116.5
3382.5000 4082228.5
3384.0000 4081358.0
3385.5000 4080494.5
3387.0000 4079635.0
3388.5000 4078781.3
3390.0000 4077935.8
3391.5000 4077094.8
3393.0000 4076323.0
3394.5000 4075470.0
3396.0000 4074619.3
3397.5000 4073818.8
3399.0000 4072993.5
3400.5000 4072169.0
3402.0000 4071363.5
3403.5000 4070554.3
3405.0000 4069759.5
3406.5000 4068959.5
3408.0000 4068157.0
3409.5000 4067403.8
3411.0000 4066595.3
3412.5000 4065886.5
3414.0000 4065062.5
3415.5000 4064290.0
3417.0000 4063536.5
3418.5000 4062752.5
3420.0000 4061986.8
3421.5000 4061228.5
3423.0000 4060503.5
3424.5000 4059732.3
3426.0000 4058958.3
3427.5000 4058208.8
3429.0000 4057454.5
3430.5000 4056697.3
3432.0000 4055948.3
3433.5000 4055198.3
3435.0000 4054447.5
3436.5000 4053701.0
3438.0000 4052958.0
3439.5000 4052212.3
3441.0000 4051423.0
3442.5000 4050497.0
3444.0000 4049505.0
3445.5000 4048456.8
3447.0000 4047351.5
3448.5000 4046181.0
3450.0000 4045024.8
3451.5000 4043681.5
3453.0000 4042405.8
3454.5000 4041013.0
3456.0000 4039599.0
3457.5000 4038155.8
3459.0000 4036660.8
3460.5000 4035135.3
3462.0000 4033591.3
3463.5000 4032042.8
3465.0000 4030528.0
3466.5000 4029068.5
3468.0000 4027588.5
3469.5000 4026069.8
3471.0000 4024477.5
3472.5000 4022912.5
3474.0000 4021432.8
3475.5000 4020116.0
3477.0000 4018862.0
3478.5000 4017694.5
3480.0000 4016561.0
3481.5000 4015481.0
3483.0000 4014253.0
3484.5000 4013201.3
3486.0000 4011923.3
3487.5000 4010660.3
3489.0000 4009424.8
3490.5000 4008149.8
3492.0000 4006866.0
3493.5000 4005577.5
3495.0000 4004205.3
3496.5000 4002796.3
3498.0000 4001460.3
3499.5000 4000240.8
3501.0000 3999062.5
3502.5000 3997947.8
3504.0000 3996930.8
3505.5000 3995864.0
3507.0000 3994799.3
3508.5000 3993690.5
3510.0000 3992563.8
3511.5000 3991404.0
3513.0000 3990231.5
3514.5000 3989043.0
3516.0000 3987835.8
3517.5000 3986640.3
3519.0000 3985363.0
3520.5000 3984029.5
3522.0000 3982741.5
3523.5000 3981521.8
3525.0000 3980362.3
3526.5000 3979284.3
3528.0000 3978259.5
3529.5000 3977259.5
3531.0000 3976269.8
3532.5000 3975247.8
3534.0000 3974173.8
3535.5000 3973051.0
3537.0000 3971993.0
3538.5000 3970826.3
3540.0000 3969689.0
3541.5000 3968515.8
3543.0000 3967348.3
3544.5000 3966096.3
3546.0000 3964856.8
3547.5000 3963671.8
3549.0000 3962542.5
3550.5000 3961476.0
3552.0000 3960468.3
3553.5000 3959498.0
3555.0000 3958546.0
3556.5000 3957588.3
3558.0000 3956616.5
3559.5000 3955627.0
3561.0000 3954615.5
3562.5000 3953589.0
3564.0000 3952536.3
3565.5000 3951473.0
3567.0000 3950384.5
3568.5000 3949277.0
3570.0000 3948154.3
3571.5000 3947051.8
3573.0000 3945980.5
3574.5000 3944964.5
3576.0000 3944225.0
3577.5000 3943169.0
3579.0000 3942427.0
3580.5000 3941439.3
3582.0000 3940573.0
3583.5000 3939727.8
3585.0000 3938831.3
3586.5000 3937962.3
3588.0000 3937017.3
3589.5000 3936099.5
3591.0000 3935173.8
3592.5000 3934235.8
3594.0000 3933297.0
3595.5000 3932353.0
3597.0000 3931392.5
3598.5000 3930445.5
3600.0000 3929526.3
3601.5000 3928634.5
3603.0000 3927739.8
3604.5000 3926865.8
3606.0000 3926016.0
3607.5000 3925146.3
3609.0000 3924284.5
3610.5000 3923421.3
3612.0000 3922545.5
3613.5000 3921666.5
3615.0000 3920784.8
3616.5000 3919992.0
3618.0000 3919445.5
3619.5000 3918457.8
3621.0000 3917541.8
3622.5000 3916814.3
3624.0000 3915917.5
3625.5000 3915065.3
3627.0000 3914274.0
3628.5000 3913428.5
3630.0000 3912610.5
3631.5000 3911814.0
3633.0000 3910998.0
3634.5000 3910189.8
3636.0000 3909386.3
3637.5000 3908575.0
3639.0000 3907767.5
3640.5000 3906956.8
3642.0000 3906139.5
3643.5000 3905320.8
3645.0000 3904502.8
3646.5000 3903685.3
3648.0000 3902866.5
3649.5000 3902048.8
3651.0000 3901234.5
3652.5000 3900421.3
3654.0000 3899620.5
3655.5000 3898818.5
3657.0000 3898022.5
3658.5000 3897228.3
3660.0000 3896440.8
3661.5000 3895658.3
3663.0000 3894872.5
3664.5000 3894092.5
3666.0000 3893312.3
3667.5000 3892532.8
3669.0000 3891754.0
3670.5000 3890975.8
3672.0000 3890197.8
3673.5000 3889420.5
3675.0000 3888643.8
3676.5000 3887868.3
3678.0000 3887094.3
3679.5000 3886321.8
3681.0000 3885551.3
3682.5000 3884782.8
3684.0000 3884016.5
3685.5000 3883254.0
3687.0000 3882492.8
3688.5000 3881732.5
3690.0000 3880974.8
3691.5000 3880219.0
3693.0000 3879464.3
3694.5000 3878711.5
3696.0000 3877960.0
3697.5000 3877210.0
3699.0000 3876461.5
3700.5000 3875714.3
3702.0000 3874969.0
3703.5000 3874225.3
3705.0000 3873483.3
3706.5000 3872743.3
3708.0000 3872005.5
3709.5000 3871270.3
3711.0000 3870537.5
3712.5000 3869807.8
3714.0000 3869081.0
3715.5000 3868358.3
3717.0000 3867640.8
3718.5000 3866921.8
3720.0000 3866208.8
3721.5000 3865497.0
3723.0000 3864784.8
3724.5000 3864073.5
3726.0000 3863361.0
3727.5000 3862645.3
3729.0000 3861926.3
3730.5000 3861202.5
3732.0000 3860473.5
3733.5000 3859738.5
3735.0000 3858997.5
3736.5000 3858248.8
3738.0000 3857493.3
3739.5000 3856732.0
3741.0000 3855968.0
3742.5000 3855199.0
3744.0000 3854432.8
3745.5000 3853668.3
3747.0000 3852912.8
3748.5000 3852164.3
3750.0000 3851426.0
3751.5000 3850698.3
3753.0000 3849979.8
3754.5000 3849271.0
3756.0000 3848571.5
3757.5000 3847878.3
3759.0000 3847141.8
3760.5000 3846481.8
3762.0000 3845770.3
3763.5000 3845078.8
3765.0000 3844397.3
3766.5000 3843725.3
3768.0000 3843055.0
3769.5000 3842392.8
3771.0000 3841734.0
3772.5000 3841082.0
3774.0000 3840420.5
3775.5000 3839768.5
3777.0000 3839107.5
3778.5000 3838451.0
3780.0000 3837786.0
3781.5000 3837119.0
3783.0000 3836447.5
3784.5000 3835769.0
3786.0000 3835084.8
3787.5000 3834379.8
3789.0000 3833681.0
3790.5000 3832963.8
3792.0000 3832263.8
3793.5000 3831504.3
3795.0000 3830755.5
3796.5000 3830027.3
3798.0000 3829259.8
3799.5000 3828516.5
3801.0000 3827752.0
3802.5000 3827044.0
3804.0000 3826205.3
3805.5000 3825528.0
3807.0000 3824691.5
3808.5000 3823978.3
3810.0000 3823190.8
3811.5000 3822459.5
3813.0000 3821717.3
3814.5000 3820971.5
3816.0000 3820238.5
3817.5000 3819508.0
3819.0000 3818782.0
3820.5000 3818039.8
3822.0000 3817333.5
3823.5000 3816603.8
3825.0000 3815878.3
3826.5000 3815179.3
3828.0000 3814465.5
3829.5000 3813759.8
3831.0000 3813059.0
3832.5000 3812358.3
3834.0000 3811658.8
3835.5000 3810961.0
3837.0000 3810267.5
3838.5000 3809573.3
3840.0000 3808884.3
3841.5000 3808194.5
3843.0000 3807507.5
3844.5000 3806822.3
3846.0000 3806136.8
3847.5000 3805341.3
3849.0000 3804674.3
3850.5000 3803883.8
3852.0000 3803122.0
3853.5000 3802372.0
3855.0000 3801641.3
3856.5000 3800929.5
3858.0000 3800230.0
3859.5000 3799555.0
3861.0000 3798890.5
3862.5000 3798235.0
3864.0000 3797597.3
3865.5000 3796964.8
3867.0000 3796342.8
3868.5000 3795734.0
3870.0000 3795130.0
3871.5000 3794536.0
3873.0000 3793953.3
3874.5000 3793376.0
3876.0000 3792809.5
3877.5000 3792248.5
3879.0000 3791694.8
3880.5000 3791151.0
3882.0000 3790615.3
3883.5000 3790088.8
3885.0000 3789571.0
3886.5000 3789061.5
3888.0000 3788563.3
3889.5000 3788070.5
3891.0000 3787591.3
3892.5000 3787118.0
3894.0000 3786657.0
3895.5000 3786203.8
3897.0000 3785760.0
3898.5000 3785325.0
3900.0000 3784899.0
3901.5000 3784481.3
3903.0000 3784072.8
3904.5000 3783672.8
3906.0000 3783282.0
3907.5000 3782900.0
3909.0000 3782527.3
3910.5000 3782162.0
3912.0000 3781780.3
3913.5000 3781440.5
3915.0000 3781067.8
3916.5000 3780710.5
3918.0000 3780484.8
3919.5000 3780099.5
3921.0000 3779791.8
3922.5000 3779556.3
3924.0000 3779204.5
3925.5000 3778935.5
3927.0000 3778648.5
3928.5000 3778371.8
3930.0000 3778097.5
3931.5000 3777859.8
3933.0000 3777757.0
3934.5000 3777722.3
3936.0000 3777351.0
3937.5000 3777287.0
3939.0000 3777095.3
3940.5000 3776926.3
3942.0000 3776784.0
3943.5000 3776615.5
3945.0000 3776479.0
3946.5000 3776324.5
3948.0000 3776179.8
3949.5000 3775991.5
3951.0000 3775870.8
3952.5000 3775744.8
3954.0000 3775610.3
3955.5000 3775463.3
3957.0000 3775330.3
3958.5000 3775197.8
3960.0000 3775060.0
3961.5000 3774940.8
3963.0000 3774821.0
3964.5000 3774706.8
3966.0000 3774599.8
3967.5000 3774493.3
3969.0000 3774394.0
3970.5000 3774295.8
3972.0000 3774199.0
3973.5000 3774051.5
3975.0000 3773900.0
3976.5000 3773776.0
3978.0000 3773657.3
3979.5000 3773478.8
3981.0000 3773316.8
3982.5000 3773300.8
3984.0000 3773353.0
3985.5000 3773340.5
3987.0000 3773283.8
3988.5000 3773201.8
3990.0000 3773137.0
3991.5000 3773050.8
3993.0000 3772946.8
3994.5000 3772853.5
3996.0000 3772754.0
3997.5000 3772647.5
3999.0000 3772545.0
4000.5000 3772441.0
4002.0000 3772312.8
4003.5000 3772200.8
4005.0000 3772117.8
4006.5000 3772015.8
4008.0000 3771926.5
4009.5000 3771793.5
4011.0000 3771701.5
4012.5000 3771592.8
4014.0000 3771484.5
4015.5000 3771382.0
4017.0000 3771272.5
4018.5000 3771165.0
4020.0000 3771055.0
4021.5000 3770961.0
4023.0000 3770852.0
4024.5000 3770757.8
4026.0000 3770653.3
4027.5000 3770567.5
4029.0000 3770466.8
4030.5000 3770367.3
4032.0000 3770243.8
4033.5000 3770147.0
4035.0000 3770023.3
4036.5000 3769921.8
4038.0000 3769824.5
4039.5000 3769734.0
4041.0000 3769709.8
4042.5000 3769596.8
4044.0000 3769607.0
4045.5000 3769538.3
4047.0000 3769513.8
4048.5000 3769463.5
4050.0000 3769424.0
4051.5000 3769380.8
4053.0000 3769338.0
4054.5000 3769297.5
4056.0000 3769257.0
4057.5000 3769218.3
4059.0000 3769179.8
4060.5000 3769142.5
4062.0000 3769106.0
4063.5000 3769070.0
4065.0000 3769038.3
4066.5000 3769003.8
4068.0000 3768977.8
4069.5000 3768949.5
4071.0000 3768922.0
4072.5000 3768898.5
4074.0000 3768774.3
4075.5000 3768778.3
4077.0000 3768700.0
4078.5000 3768672.5
4080.0000 3768626.3
4081.5000 3768638.0
4083.0000 3768498.3
4084.5000 3768556.3
4086.0000 3768418.5
4087.5000 3768481.3
4089.0000 3768366.3
4090.5000 3768445.0
4092.0000 3768327.3
4093.5000 3768309.3
4095.0000 3768456.0
4096.5000 3768389.0
4098.0000 3768540.8
4099.5000 3768121.8
4101.0000 3768620.5
4102.5000 3768163.8
4104.0000 3768417.0
4105.5000 3768456.8
4107.0000 3768460.0
4108.5000 3768507.3
4110.0000 3768869.0
4111.5000 3768637.8
4113.0000 3768824.8
4114.5000 3768757.8
4116.0000 3768740.3
4117.5000 3768813.8
4119.0000 3768875.5
4120.5000 3768854.5
4122.0000 3768866.3
4123.5000 3768922.8
4125.0000 3768892.3
4126.5000 3768907.3
4128.0000 3768890.3
4129.5000 3768843.5
4131.0000 3768753.3
4132.5000 3768750.0
4134.0000 3768630.0
4135.5000 3768542.8
4137.0000 3768500.3
4138.5000 3768390.8
4140.0000 3768238.8
4141.5000 3768136.3
4143.0000 3768016.8
4144.5000 3767832.3
4146.0000 3767944.5
4147.5000 3767742.0
4149.0000 3767666.3
4150.5000 3767766.8
4152.0000 3767498.5
4153.5000 3767194.3
4155.0000 3766983.0
4156.5000 3766641.5
4158.0000 3766322.5
4159.5000 3766029.3
4161.0000 3765651.8
4162.5000 3765286.0
4164.0000 3764910.0
4165.5000 3764481.8
4167.0000 3764051.3
4168.5000 3763600.5
4170.0000 3763105.0
4171.5000 3762585.8
4173.0000 3762004.5
4174.5000 3761389.5
4176.0000 3760766.3
4177.5000 3760123.5
4179.0000 3759503.3
4180.5000 3758971.0
4182.0000 3758458.5
4183.5000 3757907.0
4185.0000 3757408.5
4186.5000 3756889.3
4188.0000 3756400.5
4189.5000 3755930.0
4191.0000 3755448.5
4192.5000 3755008.5
4194.0000 3754579.3
4195.5000 3754169.0
4197.0000 3753832.0
4198.5000 3753542.3
4200.0000 3753184.0
4201.5000 3752853.5
4203.0000 3752427.5
4204.5000 3751980.0
4206.0000 3751529.5
4207.5000 3751001.3
4209.0000 3750461.5
4210.5000 3749893.0
4212.0000 3749271.3
4213.5000 3748630.3
4215.0000 3747956.3
4216.5000 3747243.0
4218.0000 3746510.0
4219.5000 3745751.5
4221.0000 3744975.5
4222.5000 3744208.8
4224.0000 3743491.3
4225.5000 3742923.3
4227.0000 3742533.3
4228.5000 3742077.8
4230.0000 3741557.3
4231.5000 3741136.5
4233.0000 3740742.0
4234.5000 3740375.8
4236.0000 3740115.5
4237.5000 3739914.0
4239.0000 3739792.8
4240.5000 3739790.3
4242.0000 3739877.5
4243.5000 3740078.8
4245.0000 3740224.0
4246.5000 3740338.0
4248.0000 3740501.5
4249.5000 3740643.8
4251.0000 3740761.8
4252.5000 3740902.8
4254.0000 3741044.0
4255.5000 3741160.8
4257.0000 3741292.3
4258.5000 3741427.3
4260.0000 3741545.0
4261.5000 3741668.5
4263.0000 3741798.0
4264.5000 3741915.3
4266.0000 3742032.3
4267.5000 3742156.5
4269.0000 3742271.5
4270.5000 3742384.0
4272.0000 3742502.0
4273.5000 3742614.8
4275.0000 3742723.3
4276.5000 3742836.0
4278.0000 3742945.3
4279.5000 3743051.0
4281.0000 3743158.0
4282.5000 3743264.3
4284.0000 3743366.0
4285.5000 3743468.8
4287.0000 3743570.8
4288.5000 3743669.5
4290.0000 3743768.0
4291.5000 3743866.0
4293.0000 3743961.8
4294.5000 3744056.5
4296.0000 3744151.0
4297.5000 3744244.5
4299.0000 3744336.3
4300.5000 3744427.8
4302.0000 3744518.0
4303.5000 3744607.0
4305.0000 3744694.8
4306.5000 3744782.3
4308.0000 3744868.0
4309.5000 3744953.3
4311.0000 3745038.3
4312.5000 3745122.3
4314.0000 3745205.0
4315.5000 3745286.8
4317.0000 3745368.3
4318.5000 3745448.3
4320.0000 3745527.3
4321.5000 3745606.5
4323.0000 3745684.0
4324.5000 3745761.0
4326.0000 3745837.0
4327.5000 3745912.8
4329.0000 3745987.0
4330.5000 3746060.8
4332.0000 3746134.0
4333.5000 3746206.0
4335.0000 3746277.5
4336.5000 3746347.8
4338.0000 3746418.3
4339.5000 3746487.0
4341.0000 3746555.8
4342.5000 3746623.0
4344.0000 3746690.3
4345.5000 3746756.5
4347.0000 3746822.3
4348.5000 3746887.3
4350.0000 3746951.8
4351.5000 3747015.5
4353.0000 3747078.5
4354.5000 3747140.5
4356.0000 3747203.0
4357.5000 3747263.5
4359.0000 3747324.0
4360.5000 3747383.8
4362.0000 3747443.0
4363.5000 3747501.3
4365.0000 3747559.3
4366.5000 3747616.5
4368.0000 3747673.0
4369.5000 3747729.5
4371.0000 3747784.8
4372.5000 3747839.8
4374.0000 3747893.8
4375.5000 3747947.3
4377.0000 3748000.5
4378.5000 3748052.8
4380.0000 3748104.8
4381.5000 3748155.8
4383.0000 3748207.0
4384.5000 3748256.8
4386.0000 3748306.8
4387.5000 3748355.8
4389.0000 3748404.3
4390.5000 3748452.8
4392.0000 3748499.8
4393.5000 3748547.0
4395.0000 3748593.0
4396.5000 3748639.3
4398.0000 3748684.3
4399.5000 3748729.3
4401.0000 3748773.8
4402.5000 3748817.5
4404.0000 3748861.0
4405.5000 3748903.5
4407.0000 3748946.3
4408.5000 3748987.8
4410.0000 3749028.8
4411.5000 3749069.8
4413.0000 3749109.5
4414.5000 3749149.5
4416.0000 3749188.3
4417.5000 3749227.5
4419.0000 3749265.8
4420.5000 3749303.8
4422.0000 3749340.8
4423.5000 3749378.3
4425.0000 3749414.3
4426.5000 3749450.3
4428.0000 3749486.0
4429.5000 3749521.0
4431.0000 3749555.8
4432.5000 3749589.5
4434.0000 3749624.0
4435.5000 3749657.0
4437.0000 3749690.0
4438.5000 3749722.5
4440.0000 3749752.5
4441.5000 3749789.5
4443.0000 3749810.3
4444.5000 3749850.0
4446.0000 3749874.5
4447.5000 3749905.8
4449.0000 3749945.0
4450.5000 3749966.0
4452.0000 3749999.8
4453.5000 3750024.0
4455.0000 3750062.3
4456.5000 3750097.0
4458.0000 3750112.5
4459.5000 3750145.3
4461.0000 3750186.5
4462.5000 3750211.8
4464.0000 3750229.8
4465.5000 3750266.5
4467.0000 3750305.5
4468.5000 3750324.0
4470.0000 3750346.3
4471.5000 3750386.8
4473.0000 3750420.0
4474.5000 3750434.3
4476.0000 3750462.3
4477.5000 3750502.8
4479.0000 3750527.3
4480.5000 3750543.3
4482.0000 3750575.5
4483.5000 3750613.3
4485.0000 3750630.3
4486.5000 3750649.3
4488.0000 3750685.5
4489.5000 3750715.5
4491.0000 3750729.0
4492.5000 3750753.3
4494.0000 3750789.5
4495.5000 3750811.3
4497.0000 3750823.8
4498.5000 3750838.0
4500.0000 3750855.0
4501.5000 3750854.3
4503.0000 3750853.5
4504.5000 3750866.0
4506.0000 3750875.5
4507.5000 3750874.5
4509.0000 3750876.3
4510.5000 3750889.5
4512.0000 3750894.0
4513.5000 3750890.8
4515.0000 3750895.5
4516.5000 3750905.8
4518.0000 3750904.8
4519.5000 3750902.3
4521.0000 3750910.3
4522.5000 3750914.5
4524.0000 3750910.3
4525.5000 3750909.0
4527.0000 3750916.0
4528.5000 3750915.3
4530.0000 3750909.3
4531.5000 3750911.0
4533.0000 3750912.8
4534.5000 3750909.3
4536.0000 3750903.0
4537.5000 3750905.8
4539.0000 3750903.3
4540.5000 3750896.8
4542.0000 3750893.5
4543.5000 3750892.5
4545.0000 3750887.5
4546.5000 3750880.0
4548.0000 3750877.0
4549.5000 3750872.3
4551.0000 3750865.0
4552.5000 3750858.0
4554.0000 3750852.8
4555.5000 3750845.8
4557.0000 3750837.0
4558.5000 3750830.0
4560.0000 3750821.8
4561.5000 3750813.3
4563.0000 3750803.0
4564.5000 3750794.3
4566.0000 3750784.5
4567.5000 3750773.3
4569.0000 3750762.8
4570.5000 3750751.5
4572.0000 3750740.0
4573.5000 3750727.5
4575.0000 3750716.5
4576.5000 3750703.0
4578.0000 3750690.0
4579.5000 3750676.8
4581.0000 3750662.3
4582.5000 3750647.8
4584.0000 3750633.8
4585.5000 3750618.8
4587.0000 3750603.3
4588.5000 3750587.3
4590.0000 3750571.8
4591.5000 3750556.0
4593.0000 3750539.8
4594.5000 3750523.3
4596.0000 3750507.0
4597.5000 3750490.5
4599.0000 3750473.8
4600.5000 3750456.8
4602.0000 3750440.0
4603.5000 3750423.3
4605.0000 3750406.5
4606.5000 3750389.3
4608.0000 3750372.8
4609.5000 3750355.5
4611.0000 3750337.8
4612.5000 3750320.5
4614.0000 3750302.0
4615.5000 3750284.3
4617.0000 3750265.3
4618.5000 3750246.8
4620.0000 3750227.8
4621.5000 3750208.8
4623.0000 3750189.5
4624.5000 3750169.0
4626.0000 3750148.8
4627.5000 3750127.5
4629.0000 3750106.8
4630.5000 3750085.3
4632.0000 3750063.8
4633.5000 3750041.8
4635.0000 3750020.0
4636.5000 3749997.5
4638.0000 3749974.0
4639.5000 3749951.5
4641.0000 3749927.5
4642.5000 3749904.0
4644.0000 3749880.0
4645.5000 3749857.3
4647.0000 3749832.5
4648.5000 3749807.5
4650.0000 3749781.3
4651.5000 3749756.0
4653.0000 3749730.0
4654.5000 3749703.8
4656.0000 3749677.5
4657.5000 3749651.5
4659.0000 3749624.5
4660.5000 3749598.3
4662.0000 3749570.5
4663.5000 3749544.0
4665.0000 3749516.0
4666.5000 3749488.3
4668.0000 3749460.5
4669.5000 3749431.5
4671.0000 3749403.5
4672.5000 3749374.0
4674.0000 3749345.0
4675.5000 3749315.8
4677.0000 3749286.0
4678.5000 3749256.3
4680.0000 3749224.0
4681.5000 3749171.5
4683.0000 3749109.0
4684.5000 3749052.5
4686.0000 3749006.8
4687.5000 3748951.5
4689.0000 3748892.5
4690.5000 3748838.8
4692.0000 3748790.8
4693.5000 3748733.0
4695.0000 3748675.3
4696.5000 3748622.3
4698.0000 3748570.0
4699.5000 3748510.3
4701.0000 3748453.5
4702.5000 3748399.5
4704.0000 3748342.8
4705.5000 3748283.3
4707.0000 3748225.3
4708.5000 3748169.0
4710.0000 3748109.5
4711.5000 3748049.8
4713.0000 3747990.5
4714.5000 3747931.5
4716.0000 3747871.0
4717.5000 3747809.3
4719.0000 3747749.3
4720.5000 3747687.5
4722.0000 3747625.3
4723.5000 3747562.8
4725.0000 3747500.3
4726.5000 3747437.5
4728.0000 3747373.3
4729.5000 3747310.0
4731.0000 3747245.8
4732.5000 3747181.8
4734.0000 3747117.0
4735.5000 3747052.5
4737.0000 3746988.0
4738.5000 3746922.5
4740.0000 3746857.5
4741.5000 3746791.8
4743.0000 3746726.5
4744.5000 3746660.0
4746.0000 3746593.8
4747.5000 3746527.3
4749.0000 3746460.3
4750.5000 3746392.8
4752.0000 3746324.8
4753.5000 3746257.5
4755.0000 3746188.5
4756.5000 3746119.5
4758.0000 3746050.5
4759.5000 3745981.0
4761.0000 3745911.3
4762.5000 3745840.8
4764.0000 3745770.8
4765.5000 3745699.8
4767.0000 3745628.8
4768.5000 3745557.0
4770.0000 3745485.8
4771.5000 3745414.5
4773.0000 3745343.0
4774.5000 3745271.3
4776.0000 3745200.5
4777.5000 3745129.8
4779.0000 3745058.8
4780.5000 3744987.8
4782.0000 3744917.3
4783.5000 3744847.8
4785.0000 3744776.5
4786.5000 3744706.8
4788.0000 3744637.3
4789.5000 3744567.3
4791.0000 3744497.0
4792.5000 3744427.0
4794.0000 3744357.0
4795.5000 3744286.8
4797.0000 3744216.8
4798.5000 3744145.8
4800.0000 3744075.3
4801.5000 3744004.0
4803.0000 3743933.5
4804.5000 3743862.3
4806.0000 3743790.5
4807.5000 3743719.3
4809.0000 3743647.8
4810.5000 3743575.3
4812.0000 3743502.8
4813.5000 3743430.5
4815.0000 3743358.0
4816.5000 3743284.8
4818.0000 3743211.3
4819.5000 3743138.0
4821.0000 3743064.3
4822.5000 3742990.3
4824.0000 3742916.0
4825.5000 3742841.5
4827.0000 3742767.0
4828.5000 3742692.0
4830.0000 3742617.0
4831.5000 3742541.5
4833.0000 3742466.0
4834.5000 3742390.3
4836.0000 3742314.5
4837.5000 3742238.3
4839.0000 3742161.8
4840.5000 3742085.5
4842.0000 3742009.3
4843.5000 3741932.5
4845.0000 3741855.5
4846.5000 3741778.5
4848.0000 3741701.3
4849.5000 3741624.0
4851.0000 3741546.5
4852.5000 3741468.8
4854.0000 3741391.3
4855.5000 3741313.0
4857.0000 3741234.0
4858.5000 3741156.0
4860.0000 3741078.5
4861.5000 3740999.0
4863.0000 3740919.8
4864.5000 3740840.8
4866.0000 3740761.8
4867.5000 3740682.5
4869.0000 3740601.5
4870.5000 3740521.8
4872.0000 3740442.0
4873.5000 3740361.8
4875.0000 3740280.5
4876.5000 3740199.8
4878.0000 3740119.0
4879.5000 3740038.5
4881.0000 3739956.5
4882.5000 3739875.0
4884.0000 3739793.3
4885.5000 3739712.3
4887.0000 3739630.0
4888.5000 3739547.5
4890.0000 3739465.0
4891.5000 3739382.8
4893.0000 3739300.0
4894.5000 3739216.8
4896.0000 3739134.3
4897.5000 3739050.8
4899.0000 3738967.5
4900.5000 3738883.3
4902.0000 3738801.5
4903.5000 3738717.3
4905.0000 3738634.3
4906.5000 3738549.5
4908.0000 3738467.5
4909.5000 3738381.3
4911.0000 3738301.3
4912.5000 3738210.8
4914.0000 3738129.3
4915.5000 3738041.3
4917.0000 3737957.8
4918.5000 3737871.3
4920.0000 3737786.0
4921.5000 3737700.3
4923.0000 3737614.8
4924.5000 3737529.0
4926.0000 3737442.3
4927.5000 3737356.0
4929.0000 3737269.5
4930.5000 3737183.0
4932.0000 3737095.5
4933.5000 3737008.3
4935.0000 3736921.5
4936.5000 3736834.3
4938.0000 3736746.8
4939.5000 3736659.0
4941.0000 3736571.0
4942.5000 3736483.8
4944.0000 3736395.5
4945.5000 3736307.0
4947.0000 3736218.5
4948.5000 3736130.3
4950.0000 3736041.8
4951.5000 3735957.0
4953.0000 3735870.8
4954.5000 3735777.5
4956.0000 3735689.5
4957.5000 3735598.0
4959.0000 3735508.5
4960.5000 3735418.3
4962.0000 3735328.0
4963.5000 3735238.0
4965.0000 3735147.5
4966.5000 3735056.8
4968.0000 3734966.5
4969.5000 3734875.8
4971.0000 3734785.0
4972.5000 3734694.0
4974.0000 3734608.3
4975.5000 3734514.5
4977.0000 3734422.0
4978.5000 3734330.0
4980.0000 3734237.8
4981.5000 3734145.5
4983.0000 3734053.3
4984.5000 3733960.5
4986.0000 3733868.0
4987.5000 3733775.3
4989.0000 3733683.0
4990.5000 3733589.8
4992.0000 3733497.0
4993.5000 3733404.0
4995.0000 3733310.8
4996.5000 3733218.5
4998.0000 3733124.3
4999.5000 3733030.5
5001.0000 3732938.5
5002.5000 3732842.8
5004.0000 3732750.5
5005.5000 3732653.8
5007.0000 3732560.3
5008.5000 3732464.5
5010.0000 3732370.5
5011.5000 3732275.0
5013.0000 3732180.3
5014.5000 3732085.3
5016.0000 3731990.3
5017.5000 3731895.3
5019.0000 3731799.3
5020.5000 3731703.8
5022.0000 3731608.0
5023.5000 3731512.3
5025.0000 3731416.3
5026.5000 3731319.8
5028.0000 3731223.5
5029.5000 3731127.0
5031.0000 3731031.0
5032.5000 3730934.3
5034.0000 3730837.3
5035.5000 3730740.0
5037.0000 3730643.3
5038.5000 3730546.3
5040.0000 3730448.5
5041.5000 3730350.5
5043.0000 3730252.8
5044.5000 3730155.3
5046.0000 3730057.8
5047.5000 3729959.5
5049.0000 3729860.8
5050.5000 3729765.0
5052.0000 3729664.8
5053.5000 3729568.3
5055.0000 3729468.0
5056.5000 3729368.8
5058.0000 3729270.0
5059.5000 3729171.5
5061.0000 3729073.0
5062.5000 3728972.8
5064.0000 3728872.8
5065.5000 3728773.5
5067.0000 3728675.3
5068.5000 3728576.0
5070.0000 3728475.3
5071.5000 3728374.0
5073.0000 3728275.0
5074.5000 3728176.8
5076.0000 3728077.0
5077.5000 3727975.3
5079.0000 3727873.0
5080.5000 3727774.3
5082.0000 3727676.5
5083.5000 3727576.5
5085.0000 3727474.3
5086.5000 3727369.0
5088.0000 3727269.0
5089.5000 3727173.0
5091.0000 3727072.5
5092.5000 3726968.3
5094.0000 3726853.0
5095.5000 3726751.0
5097.0000 3726658.8
5098.5000 3726539.8
5100.0000 3726460.3
5101.5000 3726304.8
5103.0000 3726176.5
5104.5000 3726106.0
5106.0000 3726040.0
5107.5000 3725927.0
5109.0000 3725777.0
5110.5000 3725706.0
5112.0000 3725637.0
5113.5000 3725508.0
5115.0000 3725355.8
5116.5000 3725281.5
5118.0000 3725226.5
5119.5000 3725071.0
5121.0000 3724943.8
5122.5000 3724876.8
5124.0000 3724803.8
5125.5000 3724663.5
5127.0000 3724525.5
5128.5000 3724430.0
5130.0000 3724341.5
5131.5000 3724236.8
5133.0000 3724120.3
5134.5000 3723990.0
5136.0000 3723913.0
5137.5000 3723838.3
5139.0000 3723735.0
5140.5000 3723575.3
5142.0000 3723504.8
5143.5000 3723431.5
5145.0000 3723314.8
5146.5000 3723146.5
5148.0000 3723070.3
5149.5000 3723025.8
5151.0000 3722875.8
5152.5000 3722736.8
5154.0000 3722655.8
5155.5000 3722604.3
5157.0000 3722451.0
5158.5000 3722327.0
5160.0000 3722209.5
5161.5000 3722129.3
5163.0000 3722065.5
5164.5000 3721874.5
5166.0000 3721787.0
5167.5000 3721684.8
5169.0000 3721609.3
5170.5000 3721497.0
5172.0000 3721349.3
5173.5000 3721273.3
5175.0000 3721188.3
5176.5000 3721076.0
5178.0000 3720917.5
5179.5000 3720824.8
5181.0000 3720743.3
5182.5000 3720657.5
5184.0000 3720498.3
5185.5000 3720414.0
5187.0000 3720346.8
5188.5000 3720213.0
5190.0000 3720077.8
5191.5000 3719966.8
5193.0000 3719884.5
5194.5000 3719796.0
5196.0000 3719641.0
5197.5000 3719527.3
5199.0000 3719436.8
5200.5000 3719348.5
5202.0000 3719242.5
5203.5000 3719092.5
5205.0000 3719005.8
5206.5000 3718919.8
5208.0000 3718826.0
5209.5000 3718649.3
5211.0000 3718573.0
5212.5000 3718516.0
5214.0000 3718384.0
5215.5000 3718215.5
5217.0000 3718141.0
5218.5000 3718078.0
5220.0000 3717937.3
5221.5000 3717799.3
5223.0000 3717707.5
5224.5000 3717651.5
5226.0000 3717482.8
5227.5000 3717369.0
5229.0000 3717275.5
5230.5000 3717198.0
5232.0000 3717056.8
5233.5000 3716912.8
5235.0000 3716825.3
5236.5000 3716763.3
5238.0000 3716625.3
5239.5000 3716480.3
5241.0000 3716409.3
5242.5000 3716312.5
5244.0000 3716176.0
5245.5000 3716044.0
5247.0000 3715961.3
5248.5000 3715888.5
5250.0000 3715741.3
5251.5000 3715608.8
5253.0000 3715499.0
5254.5000 3715411.3
5256.0000 3715330.3
5257.5000 3715148.8
5259.0000 3715053.3
5260.5000 3714955.5
5262.0000 3714899.0
5263.5000 3714711.0
5265.0000 3714606.5
5266.5000 3714497.3
5268.0000 3714421.3
5269.5000 3714328.0
5271.0000 3714152.0
5272.5000 3714080.5
5274.0000 3713992.5
5275.5000 3713852.5
5277.0000 3713730.8
5278.5000 3713610.0
5280.0000 3713515.8
5281.5000 3713457.3
5283.0000 3713256.8
5284.5000 3713182.5
5286.0000 3713098.5
5287.5000 3712967.8
5289.0000 3712833.0
5290.5000 3712709.0
5292.0000 3712635.3
5293.5000 3712535.8
5295.0000 3712382.5
5296.5000 3712265.5
5298.0000 3712190.5
5299.5000 3712124.8
5301.0000 3711923.3
5302.5000 3711813.0
5304.0000 3711697.8
5305.5000 3711637.5
5307.0000 3711490.3
5308.5000 3711370.3
5310.0000 3711262.0
5311.5000 3711190.3
5313.0000 3711055.5
5314.5000 3710906.5
5316.0000 3710804.3
5317.5000 3710741.0
5319.0000 3710608.0
5320.5000 3710470.5
5322.0000 3710396.0
5323.5000 3710316.8
5325.0000 3710142.8
5326.5000 3710029.0
5328.0000 3709940.3
5329.5000 3709842.0
5331.0000 3709681.8
5332.5000 3709568.3
5334.0000 3709467.0
5335.5000 3709389.5
5337.0000 3709222.0
5338.5000 3709102.3
5340.0000 3709002.0
5341.5000 3708915.0
5343.0000 3708776.3
5344.5000 3708628.8
5346.0000 3708531.0
5347.5000 3708457.3
5349.0000 3708303.3
5350.5000 3708175.3
5352.0000 3708055.5
5353.5000 3707984.8
5355.0000 3707903.5
5356.5000 3707720.5
5358.0000 3707630.3
5359.5000 3707541.5
5361.0000 3707454.0
5362.5000 3707253.3
5364.0000 3707166.5
5365.5000 3707084.3
5367.0000 3706950.3
5368.5000 3706806.0
5370.0000 3706685.3
5371.5000 3706601.5
5373.0000 3706483.3
5374.5000 3706347.0
5376.0000 3706217.3
5377.5000 3706115.0
5379.0000 3706041.3
5380.5000 3705890.0
5382.0000 3705764.3
5383.5000 3705685.5
5385.0000 3705596.5
5386.5000 3705440.5
5388.0000 3705315.8
5389.5000 3705224.8
5391.0000 3705148.5
5392.5000 3704959.8
5394.0000 3704862.3
5395.5000 3704774.3
5397.0000 3704684.5
5398.5000 3704496.3
5400.0000 3704404.8
5401.5000 3704320.0
5403.0000 3704198.5
5404.5000 3704029.0
5406.0000 3703925.0
5407.5000 3703852.5
5409.0000 3703709.3
5410.5000 3703571.8
5412.0000 3703455.3
5413.5000 3703372.3
5415.0000 3703251.0
5416.5000 3703101.8
5418.0000 3702975.8
5419.5000 3702877.3
5421.0000 3702778.8
5422.5000 3702643.3
5424.0000 3702500.3
5425.5000 3702402.8
5427.0000 3702330.5
5428.5000 3702158.5
5430.0000 3702058.0
5431.5000 3701955.3
5433.0000 3701848.5
5434.5000 3701690.0
5436.0000 3701568.0
5437.5000 3701425.8
5439.0000 3701370.0
5440.5000 3701218.3
5442.0000 3701085.0
5443.5000 3700983.0
5445.0000 3700914.3
5446.5000 3700751.8
5448.0000 3700627.0
5449.5000 3700508.0
5451.0000 3700423.5
5452.5000 3700283.5
5454.0000 3700147.0
5455.5000 3700031.8
5457.0000 3699943.8
5458.5000 3699819.0
5460.0000 3699657.5
5461.5000 3699566.3
5463.0000 3699486.8
5464.5000 3699344.3
5466.0000 3699204.0
5467.5000 3699096.8
5469.0000 3699023.3
5470.5000 3698855.0
5472.0000 3698712.8
5473.5000 3698582.5
5475.0000 3698512.8
5476.5000 3698385.5
5478.0000 3698234.3
5479.5000 3698161.8
5481.0000 3698061.8
5482.5000 3697896.5
5484.0000 3697770.8
5485.5000 3697686.0
5487.0000 3697571.5
5488.5000 3697411.5
5490.0000 3697293.5
5491.5000 3697204.8
5493.0000 3697088.3
5494.5000 3696940.8
5496.0000 3696809.5
5497.5000 3696699.8
5499.0000 3696617.5
5500.5000 3696443.5
5502.0000 3696324.3
5503.5000 3696235.3
5505.0000 3696115.8
5506.5000 3695974.3
5508.0000 3695842.5
5509.5000 3695745.8
5511.0000 3695662.5
5512.5000 3695491.5
5514.0000 3695373.8
5515.5000 3695244.0
5517.0000 3695162.5
5518.5000 3695013.8
5520.0000 3694890.0
5521.5000 3694738.0
5523.0000 3694679.3
5524.5000 3694562.0
5526.0000 3694392.8
5527.5000 3694283.3
5529.0000 3694191.5
5530.5000 3694055.8
5532.0000 3693922.3
5533.5000 3693797.8
5535.0000 3693698.3
5536.5000 3693603.0
5538.0000 3693427.3
5539.5000 3693316.0
5541.0000 3693189.3
5542.5000 3693114.0
5544.0000 3692922.5
5545.5000 3692833.5
5547.0000 3692756.8
5548.5000 3692615.8
5550.0000 3692477.3
5551.5000 3692373.0
5553.0000 3692279.0
5554.5000 3692161.5
5556.0000 3691996.0
5557.5000 3691889.5
5559.0000 3691806.5
5560.5000 3691685.3
5562.0000 3691533.8
5563.5000 3691396.5
5565.0000 3691291.0
5566.5000 3691188.8
5568.0000 3691067.0
5569.5000 3690909.3
5571.0000 3690827.3
5572.5000 3690734.5
5574.0000 3690575.5
5575.5000 3690434.0
5577.0000 3690319.3
5578.5000 3690233.3
5580.0000 3690094.5
5581.5000 3689940.5
5583.0000 3689838.5
5584.5000 3689753.3
5586.0000 3689604.0
5587.5000 3689452.8
5589.0000 3689358.5
5590.5000 3689283.8
5592.0000 3689119.8
5593.5000 3688988.5
5595.0000 3688880.0
5596.5000 3688779.5
5598.0000 3688634.8
5599.5000 3688487.3
5601.0000 3688366.0
5602.5000 3688235.5
5604.0000 3688150.5
5605.5000 3688001.3
5607.0000 3687861.5
5608.5000 3687775.0
5610.0000 3687647.0
5611.5000 3687543.5
5613.0000 3687372.3
5614.5000 3687254.0
5616.0000 3687149.0
5617.5000 3687051.3
5619.0000 3686903.5
5620.5000 3686738.3
5622.0000 3686659.8
5623.5000 3686562.3
5625.0000 3686415.8
5626.5000 3686266.8
5628.0000 3686158.8
5629.5000 3686061.3
5631.0000 3685943.3
5632.5000 3685764.5
5634.0000 3685665.0
5635.5000 3685559.0
5637.0000 3685451.8
5638.5000 3685271.3
5640.0000 3685154.5
5641.5000 3685052.3
5643.0000 3684940.3
5644.5000 3684792.0
5646.0000 3684637.3
5647.5000 3684547.3
5649.0000 3684443.8
5650.5000 3684305.5
5652.0000 3684138.5
5653.5000 3684009.3
5655.0000 3683901.0
5656.5000 3683799.5
5658.0000 3683646.8
5659.5000 3683559.0
5661.0000 3683390.8
5662.5000 3683250.3
5664.0000 3683145.0
5665.5000 3683028.8
5667.0000 3682932.8
5668.5000 3682753.5
5670.0000 3682623.3
5671.5000 3682521.3
5673.0000 3682417.5
5674.5000 3682275.5
5676.0000 3682114.5
5677.5000 3682003.3
5679.0000 3681894.8
5680.5000 3681785.5
5682.0000 3681607.3
5683.5000 3681486.5
5685.0000 3681368.3
5686.5000 3681278.0
5688.0000 3681110.8
5689.5000 3680965.3
5691.0000 3680860.8
5692.5000 3680754.8
5694.0000 3680633.8
5695.5000 3680452.3
5697.0000 3680354.8
5698.5000 3680248.3
5700.0000 3680129.3
5701.5000 3679948.3
5703.0000 3679824.8
5704.5000 3679717.5
5706.0000 3679596.0
5707.5000 3679458.8
5709.0000 3679292.3
5710.5000 3679202.0
5712.0000 3679095.0
5713.5000 3678955.3
5715.0000 3678785.8
5716.5000 3678674.3
5718.0000 3678572.8
5719.5000 3678433.3
5721.0000 3678284.8
5722.5000 3678142.0
5724.0000 3678051.5
5725.5000 3677927.0
5727.0000 3677787.8
5728.5000 3677631.3
5730.0000 3677511.3
5731.5000 3677417.3
5733.0000 3677310.8
5734.5000 3677150.8
5736.0000 3677003.0
5737.5000 3676909.8
5739.0000 3676809.5
5740.5000 3676648.8
5742.0000 3676490.5
5743.5000 3676407.0
5745.0000 3676304.3
5746.5000 3676123.0
5748.0000 3675985.0
5749.5000 3675887.0
5751.0000 3675783.8
5752.5000 3675615.3
5754.0000 3675458.5
5755.5000 3675356.3
5757.0000 3675261.3
5758.5000 3675103.5
5760.0000 3674939.5
5761.5000 3674823.0
5763.0000 3674729.0
5764.5000 3674606.3
5766.0000 3674408.0
5767.5000 3674302.0
5769.0000 3674208.5
5770.5000 3674071.0
5772.0000 3673904.3
5773.5000 3673783.8
5775.0000 3673690.5
5776.5000 3673549.8
5778.0000 3673385.3
5779.5000 3673246.5
5781.0000 3673153.5
5782.5000 3673048.3
5784.0000 3672869.0
5785.5000 3672729.5
5787.0000 3672615.0
5788.5000 3672515.5
5790.0000 3672354.5
5791.5000 3672203.3
5793.0000 3672084.5
5794.5000 3671990.8
5796.0000 3671845.5
5797.5000 3671664.5
5799.0000 3671553.8
5800.5000 3671456.0
5802.0000 3671328.3
5803.5000 3671146.5
5805.0000 3671033.5
5806.5000 3670934.8
5808.0000 3670761.3
5809.5000 3670619.8
5811.0000 3670452.5
5812.5000 3670361.8
5814.0000 3670262.5
5815.5000 3670103.5
5817.0000 3669945.3
5818.5000 3669829.5
5820.0000 3669740.8
5821.5000 3669542.5
5823.0000 3669421.3
5824.5000 3669249.0
5826.0000 3669150.3
5827.5000 3669026.0
5829.0000 3668911.0
5830.5000 3668747.5
5832.0000 3668617.5
5833.5000 3668491.3
5835.0000 3668416.8
5836.5000 3668214.5
5838.0000 3668095.3
5839.5000 3667974.3
5841.0000 3667873.3
5842.5000 3667688.0
5844.0000 3667538.0
5845.5000 3667424.8
5847.0000 3667331.0
5848.5000 3667155.5
5850.0000 3667008.5
5851.5000 3666885.5
5853.0000 3666785.0
5854.5000 3666642.8
5856.0000 3666473.5
5857.5000 3666346.0
5859.0000 3666238.5
5860.5000 3666125.3
5862.0000 3665927.3
5863.5000 3665814.3
5865.0000 3665703.5
5866.5000 3665580.5
5868.0000 3665398.0
5869.5000 3665268.8
5871.0000 3665141.3
5872.5000 3665047.5
5874.0000 3664861.5
5875.5000 3664733.5
5877.0000 3664602.0
5878.5000 3664486.3
5880.0000 3664330.5
5881.5000 3664180.0
5883.0000 3664029.8
5884.5000 3663922.0
5886.0000 3663771.3
5887.5000 3663647.5
5889.0000 3663478.8
5890.5000 3663367.8
5892.0000 3663268.5
5893.5000 3663095.3
5895.0000 3662961.3
5896.5000 3662822.0
5898.0000 3662737.5
5899.5000 3662573.3
5901.0000 3662423.5
5902.5000 3662318.5
5904.0000 3662185.8
5905.5000 3662035.0
5907.0000 3661886.0
5908.5000 3661752.0
5910.0000 3661658.3
5911.5000 3661471.5
5913.0000 3661357.3
5914.5000 3661231.3
5916.0000 3661126.5
5917.5000 3660933.5
5919.0000 3660817.5
5920.5000 3660703.5
5922.0000 3660586.5
5923.5000 3660399.0
5925.0000 3660274.5
5926.5000 3660182.8
5928.0000 3660005.3
5929.5000 3659856.8
5931.0000 3659718.5
5932.5000 3659641.0
5934.0000 3659459.0
5935.5000 3659323.3
5937.0000 3659203.5
5938.5000 3659084.5
5940.0000 3658897.3
5941.5000 3658762.5
5943.0000 3658628.5
5944.5000 3658541.0
5946.0000 3658331.5
5947.5000 3658203.3
5949.0000 3658070.0
5950.5000 3657970.5
5952.0000 3657805.3
5953.5000 3657645.3
5955.0000 3657547.5
5956.5000 3657430.3
5958.0000 3657252.3
5959.5000 3657100.3
5961.0000 3656971.5
5962.5000 3656877.8
5964.0000 3656701.5
5965.5000 3656550.8
5967.0000 3656409.3
5968.5000 3656314.5
5970.0000 3656171.3
5971.5000 3656001.5
5973.0000 3655875.8
5974.5000 3655787.0
5976.0000 3655620.0
5977.5000 3655466.3
5979.0000 3655328.0
5980.5000 3655230.0
5982.0000 3655077.8
5983.5000 3654913.8
5985.0000 3654771.5
5986.5000 3654678.3
5988.0000 3654512.5
5989.5000 3654355.3
5991.0000 3654215.3
5992.5000 3654109.0
5994.0000 3653977.0
5995.5000 3653811.0
5997.0000 3653672.0
5998.5000 3653559.3
6000.0000 3653438.5