0.0000000 0.0000000
0.10000000 -0.0039779209
0.20000000 -0.0087096160
0.30000001 -0.013320997
0.40000001 -0.017731030
0.50000000 -0.021841250
0.60000002 -0.025615318
0.69999999 -0.029338993
0.80000001 -0.032603394
0.89999998 -0.035055745
1.0000000 -0.036266178
1.1000000 -0.036186401
1.2000000 -0.034972891
1.3000000 -0.032440759
1.4000000 -0.028606649
1.5000000 -0.024145560
1.6000000 -0.019763364
1.7000000 -0.016063357
1.8000000 -0.013469283
1.9000000 -0.012180679
2.0000000 -0.012171396
2.0999999 -0.013211488
2.2000000 -0.014919360
2.3000000 -0.016834162
2.4000001 -0.018491192
2.5000000 -0.019466165
2.5999999 -0.019488288
2.7000000 -0.018536231
2.8000000 -0.016786538
2.9000001 -0.014534365
3.0000000 -0.012125830
3.0999999 -0.0098967440
3.2000000 -0.0081209149
3.3000000 -0.0069747334
3.4000001 -0.0065197307
3.5000000 -0.0066928514
3.5999999 -0.0073538027
3.7000000 -0.0083200401
3.8000000 -0.0093909977
3.9000001 -0.010381307
4.0000000 -0.011152378
4.0999999 -0.011628892
4.1999998 -0.011798607
4.3000002 -0.011702334
4.4000001 -0.011416579
4.5000000 -0.011031669
4.5999999 -0.010633918
4.6999998 -0.010295279
4.8000002 -0.010066375
4.9000001 -0.0099753235
5.0000000 -0.010026624
6.5000000 -0.012832627
8.0000000 -0.015840445
9.5000000 -0.018669248
11.000000 -0.018844200
12.500000 -0.019401498
14.000000 -0.021313420
15.500000 -0.021556646
17.000000 -0.022141710
18.500000 -0.022496354
20.000000 -0.022885984
21.500000 -0.022874178
23.000000 -0.023275169
24.500000 -0.25592285
26.000000 -0.40894073
27.500000 -0.87945175
29.000000 -1.3293251
30.500000 -1.8583591
32.000000 -3.6675088
33.500000 -6.1641793
35.000000 -10.544229
36.500000 -11.217710
38.000000 -11.152385
39.500000 -11.109609
41.000000 -11.068349
42.500000 -11.042686
44.000000 -11.008405
45.500000 -10.982712
47.000000 -10.967319
48.500000 -10.961489
50.000000 -10.963933
51.500000 -10.975801
53.000000 -10.991461
54.500000 -11.009417
56.000000 -11.026406
57.500000 -11.046491
59.000000 -11.066669
60.500000 -11.086030
62.000000 -11.103699
63.500000 -11.122686
65.000000 -11.146604
66.500000 -11.170370
68.000000 -11.189708
69.500000 -11.331275
71.000000 -11.545074
72.500000 -11.966623
74.000000 -12.482186
75.500000 -12.949817
77.000000 -13.233861
78.500000 -13.618402
80.000000 -13.692523
81.500000 -13.361646
83.000000 -12.907737
84.500000 -12.490893
86.000000 -11.631316
87.500000 -10.936780
89.000000 -10.497427
90.500000 -10.236969
92.000000 -10.140745
93.500000 -10.077181
95.000000 -10.038913
96.500000 -10.033477
98.000000 -10.046439
99.500000 -10.073298
101.00000 -10.110813
102.50000 -10.155370
104.00000 -10.208368
105.50000 -10.264222
107.00000 -10.536324
108.50000 -10.827334
110.00000 -11.260567
111.50000 -11.997469
113.00000 -12.705818
114.50000 -13.323472
116.00000 -13.649785
117.50000 -13.692896
119.00000 -13.808908
120.50000 -13.996611
122.00000 -14.095150
123.50000 -14.377949
125.00000 -14.638719
126.50000 -14.823204
128.00000 -14.954976
129.50000 -15.146659
131.00000 -15.209575
132.50000 -15.325665
134.00000 -15.326868
135.50000 -15.394010
137.00000 -15.353650
138.50000 -15.380808
140.00000 -15.349113
141.50000 -15.284683
143.00000 -15.192454
144.50000 -15.082144
146.00000 -15.054485
147.50000 -15.106524
149.00000 -15.192801
150.50000 -15.320685
152.00000 -15.437896
153.50000 -15.479853
155.00000 -15.564791
156.50000 -15.664191
158.00000 -15.747458
159.50000 -15.833171
161.00000 -16.001797
162.50000 -16.218122
164.00000 -16.367088
165.50000 -16.293097
167.00000 -16.095982
168.50000 -15.976137
170.00000 -15.945320
171.50000 -15.988945
173.00000 -16.064934
174.50000 -16.265339
176.00000 -16.173925
177.50000 -16.074625
179.00000 -15.936316
180.50000 -15.854622
182.00000 -15.765047
183.50000 -15.636745
185.00000 -15.534386
186.50000 -15.435986
188.00000 -15.356216
189.50000 -15.254941
191.00000 -15.086655
192.50000 -15.002485
194.00000 -14.880569
195.50000 -14.783654
197.00000 -14.713236
198.50000 -14.578993
200.00000 -14.499478
201.50000 -14.556345
203.00000 -14.588655
204.50000 -14.557129
206.00000 -14.620605
207.50000 -14.549253
209.00000 -14.424654
210.50000 -14.403790
212.00000 -14.321413
213.50000 -14.272346
215.00000 -14.278190
216.50000 -14.487516
218.00000 -14.800623
219.50000 -15.024033
221.00000 -15.331189
222.50000 -15.345138
224.00000 -15.562422
225.50000 -15.956312
227.00000 -16.223936
228.50000 -16.232685
230.00000 -16.565130
231.50000 -17.171389
233.00000 -17.580082
234.50000 -17.686886
236.00000 -17.795116
237.50000 -18.257273
239.00000 -18.930321
240.50000 -19.581615
242.00000 -19.754354
243.50000 -19.651520
245.00000 -19.211655
246.50000 -18.366482
248.00000 -17.552572
249.50000 -17.242540
251.00000 -16.967402
252.50000 -16.771833
254.00000 -16.431688
255.50000 -16.323183
257.00000 -16.207157
258.50000 -16.144783
260.00000 -16.392397
261.50000 -16.094017
263.00000 -16.003149
264.50000 -16.010468
266.00000 -16.270302
267.50000 -16.702007
269.00000 -17.693569
270.50000 -18.616598
272.00000 -18.916531
273.50000 -19.152004
275.00000 -19.409042
276.50000 -19.489660
278.00000 -19.506613
279.50000 -19.340044
281.00000 -19.292179
282.50000 -19.403893
284.00000 -19.409302
285.50000 -19.161009
287.00000 -18.997379
288.50000 -19.004549
290.00000 -18.913290
291.50000 -18.730188
293.00000 -18.604906
294.50000 -18.585606
296.00000 -18.734724
297.50000 -18.917330
299.00000 -19.038483
300.50000 -19.182570
302.00000 -19.253130
303.50000 -19.159933
305.00000 -18.895498
306.50000 -18.667482
308.00000 -18.424730
309.50000 -18.126799
311.00000 -17.924728
312.50000 -17.930704
314.00000 -17.892488
315.50000 -17.889181
317.00000 -17.968847
318.50000 -18.061396
320.00000 -18.167809
321.50000 -18.299320
323.00000 -18.440794
324.50000 -18.574701
326.00000 -18.592752
327.50000 -18.721102
329.00000 -18.784000
330.50000 -18.688816
332.00000 -18.688353
333.50000 -18.628687
335.00000 -18.655310
336.50000 -18.801624
338.00000 -18.845009
339.50000 -18.878387
341.00000 -19.128969
342.50000 -19.144543
344.00000 -18.987331
345.50000 -18.953569
347.00000 -19.003504
348.50000 -18.862764
350.00000 -18.905636
351.50000 -18.928387
353.00000 -18.962866
354.50000 -19.041008
356.00000 -19.074677
357.50000 -19.046448
359.00000 -18.984446
360.50000 -19.129826
362.00000 -19.221401
363.50000 -19.226326
365.00000 -19.238714
366.50000 -19.411869
368.00000 -19.514071
369.50000 -19.478460
371.00000 -19.494164
372.50000 -19.479616
374.00000 -19.511774
375.50000 -19.573610
377.00000 -19.725721
378.50000 -19.832602
380.00000 -19.764641
381.50000 -19.767841
383.00000 -19.709087
384.50000 -19.649139
386.00000 -19.594193
387.50000 -19.592886
389.00000 -19.696218
390.50000 -19.755375
392.00000 -19.738293
393.50000 -19.650105
395.00000 -19.805155
396.50000 -20.035238
398.00000 -20.003227
399.50000 -19.848421
401.00000 -19.636959
402.50000 -19.687056
404.00000 -19.893393
405.50000 -20.040714
407.00000 -20.059217
408.50000 -20.004730
410.00000 -20.163528
411.50000 -20.279022
413.00000 -20.313055
414.50000 -20.422047
416.00000 -20.434067
417.50000 -20.324600
419.00000 -20.241405
420.50000 -20.425560
422.00000 -20.626032
423.50000 -20.733007
425.00000 -20.788019
426.50000 -20.932268
428.00000 -21.108486
429.50000 -21.075800
431.00000 -20.749592
432.50000 -20.419420
434.00000 -20.354940
435.50000 -20.598087
437.00000 -20.986437
438.50000 -21.466877
440.00000 -21.752535
441.50000 -21.544624
443.00000 -21.159689
444.50000 -20.798662
446.00000 -20.420675
447.50000 -20.149689
449.00000 -20.333139
450.50000 -20.855455
452.00000 -21.162682
453.50000 -21.081848
455.00000 -20.947821
456.50000 -21.113680
458.00000 -21.623669
459.50000 -22.180145
461.00000 -22.262699
462.50000 -21.851545
464.00000 -21.533409
465.50000 -21.523775
467.00000 -21.456987
468.50000 -21.107798
470.00000 -20.962328
471.50000 -21.176922
473.00000 -21.290724
474.50000 -20.844772
476.00000 -20.376917
477.50000 -20.773298
479.00000 -22.123989
480.50000 -23.718277
482.00000 -24.506018
483.50000 -22.596941
485.00000 -20.492933
486.50000 -20.770821
488.00000 -21.141146
489.50000 -21.571278
491.00000 -22.082064
492.50000 -22.388586
494.00000 -22.233801
495.50000 -22.018377
497.00000 -21.983259
498.50000 -22.352869
500.00000 -22.967199
501.50000 -23.454670
503.00000 -23.405422
504.50000 -23.053158
506.00000 -22.681391
507.50000 -22.829018
509.00000 -23.446386
510.50000 -23.866646
512.00000 -22.688354
513.50000 -19.566048
515.00000 -17.375607
516.50000 -16.421829
518.00000 -15.676582
519.50000 -15.099644
521.00000 -15.638402
522.50000 -15.189392
524.00000 -15.432295
525.50000 -15.597469
527.00000 -16.361399
528.50000 -17.945051
530.00000 -19.461185
531.50000 -20.555424
533.00000 -21.217007
534.50000 -21.513697
536.00000 -21.656687
537.50000 -21.848650
539.00000 -22.170149
540.50000 -22.409388
542.00000 -22.433828
543.50000 -22.491640
545.00000 -22.614832
546.50000 -22.779936
548.00000 -23.084755
549.50000 -23.463455
551.00000 -23.690662
552.50000 -23.538700
554.00000 -23.243830
555.50000 -22.788998
557.00000 -22.292753
558.50000 -22.042267
560.00000 -22.160810
561.50000 -22.761606
563.00000 -23.778923
564.50000 -22.878633
566.00000 -18.691034
567.50000 -16.306164
569.00000 -15.028734
570.50000 -14.402835
572.00000 -14.156842
573.50000 -14.109635
575.00000 -14.160343
576.50000 -14.166089
578.00000 -14.214214
579.50000 -14.188823
581.00000 -14.148147
582.50000 -14.129417
584.00000 -14.153214
585.50000 -14.118682
587.00000 -14.205032
588.50000 -14.331432
590.00000 -14.818309
591.50000 -15.081854
593.00000 -14.755498
594.50000 -15.031025
596.00000 -14.999677
597.50000 -14.839734
599.00000 -14.552637
600.50000 -14.447123
602.00000 -14.376158
603.50000 -14.410319
605.00000 -14.327506
606.50000 -14.550016
608.00000 -14.436497
609.50000 -14.266829
611.00000 -14.968383
612.50000 -14.917505
614.00000 -14.905331
615.50000 -14.926857
617.00000 -14.808609
618.50000 -14.372322
620.00000 -15.133080
621.50000 -15.423246
623.00000 -14.973917
624.50000 -14.989882
626.00000 -14.737756
627.50000 -14.844241
629.00000 -14.863669
630.50000 -14.549299
632.00000 -15.283910
633.50000 -15.124703
635.00000 -15.357651
636.50000 -15.306229
638.00000 -15.240662
639.50000 -15.081445
641.00000 -15.045346
642.50000 -15.376769
644.00000 -15.248380
645.50000 -14.884404
647.00000 -14.935695
648.50000 -15.106267
650.00000 -15.111933
651.50000 -14.914142
653.00000 -14.673966
654.50000 -14.757012
656.00000 -14.596276
657.50000 -14.801026
659.00000 -14.783073
660.50000 -14.687218
662.00000 -14.576738
663.50000 -14.506822
665.00000 -14.623228
666.50000 -14.433922
668.00000 -14.581562
669.50000 -14.556144
671.00000 -14.498300
672.50000 -14.404892
674.00000 -14.403305
675.50000 -14.408362
677.00000 -14.447637
678.50000 -14.486322
680.00000 -14.423463
681.50000 -14.608910
683.00000 -14.557370
684.50000 -14.512899
686.00000 -14.794129
687.50000 -14.755873
689.00000 -14.728050
690.50000 -14.602008
692.00000 -14.783807
693.50000 -14.669527
695.00000 -14.682734
696.50000 -14.545844
698.00000 -14.710351
699.50000 -14.381170
701.00000 -14.875304
702.50000 -14.810217
704.00000 -14.889665
705.50000 -14.828721
707.00000 -14.403117
708.50000 -14.815515
710.00000 -14.661214
711.50000 -14.598660
713.00000 -14.339506
714.50000 -14.320203
716.00000 -14.534008
717.50000 -14.702641
719.00000 -14.863092
720.50000 -14.722603
722.00000 -14.665157
723.50000 -14.559300
725.00000 -14.517023
726.50000 -14.464162
728.00000 -14.435484
729.50000 -14.490424
731.00000 -14.591327
732.50000 -14.585745
734.00000 -14.558960
735.50000 -14.560402
737.00000 -14.557704
738.50000 -14.566813
740.00000 -14.785610
741.50000 -14.649274
743.00000 -14.791753
744.50000 -14.692492
746.00000 -14.615348
747.50000 -14.568361
749.00000 -14.558530
750.50000 -14.615690
752.00000 -14.554373
753.50000 -14.595984
755.00000 -14.575148
756.50000 -14.584331
758.00000 -14.543758
759.50000 -14.552753
761.00000 -14.514044
762.50000 -14.529576
764.00000 -14.539120
765.50000 -14.508443
767.00000 -14.484902
768.50000 -14.516980
770.00000 -14.507922
771.50000 -14.491651
773.00000 -14.511075
774.50000 -14.531928
776.00000 -14.509378
777.50000 -14.526829
779.00000 -14.695648
780.50000 -14.565048
782.00000 -14.653534
783.50000 -14.662410
785.00000 -14.624495
786.50000 -14.608183
788.00000 -14.597846
789.50000 -14.548590
791.00000 -14.490983
792.50000 -14.394749
794.00000 -14.946465
795.50000 -15.112365
797.00000 -15.295224
798.50000 -15.374829
800.00000 -15.214870
801.50000 -14.885374
803.00000 -15.012758
804.50000 -15.203349
806.00000 -15.004333
807.50000 -14.909695
809.00000 -14.975892
810.50000 -14.806646
812.00000 -14.999878
813.50000 -14.823898
815.00000 -15.326193
816.50000 -14.954941
818.00000 -15.102964
819.50000 -15.203814
821.00000 -15.266210
822.50000 -15.171460
824.00000 -15.353561
825.50000 -15.062270
827.00000 -15.191509
828.50000 -15.447623
830.00000 -15.056709
831.50000 -15.482328
833.00000 -15.135188
834.50000 -15.215954
836.00000 -15.379694
837.50000 -14.944968
839.00000 -15.161213
840.50000 -15.360035
842.00000 -15.159742
843.50000 -15.412825
845.00000 -15.140613
846.50000 -15.082538
848.00000 -14.984079
849.50000 -15.423298
851.00000 -15.240507
852.50000 -15.026212
854.00000 -14.904532
855.50000 -14.914898
857.00000 -14.945793
858.50000 -15.104897
860.00000 -14.941407
861.50000 -14.741773
863.00000 -15.102313
864.50000 -15.462188
866.00000 -15.437946
867.50000 -15.288387
869.00000 -15.758993
870.50000 -15.965993
872.00000 -15.733637
873.50000 -15.466070
875.00000 -15.523014
876.50000 -15.937188
878.00000 -16.192070
879.50000 -15.585487
881.00000 -16.790558
882.50000 -16.693262
884.00000 -16.978594
885.50000 -17.325447
887.00000 -17.453390
888.50000 -17.279152
890.00000 -17.145391
891.50000 -16.664021
893.00000 -15.866777
894.50000 -15.497870
896.00000 -15.601346
897.50000 -15.770221
899.00000 -16.331711
900.50000 -16.616550
902.00000 -16.453211
903.50000 -16.667261
905.00000 -16.415644
906.50000 -16.539373
908.00000 -17.487198
909.50000 -17.048622
911.00000 -17.560390
912.50000 -18.190714
914.00000 -17.912151
915.50000 -17.938818
917.00000 -16.863852
918.50000 -17.837530
920.00000 -17.052443
921.50000 -17.824484
923.00000 -17.599461
924.50000 -18.314465
926.00000 -18.194622
927.50000 -17.761206
929.00000 -17.657801
930.50000 -17.483185
932.00000 -17.712149
933.50000 -16.993311
935.00000 -17.485004
936.50000 -17.178646
938.00000 -16.947567
939.50000 -16.540134
941.00000 -15.908964
942.50000 -15.262571
944.00000 -15.189671
945.50000 -15.245354
947.00000 -15.231246
948.50000 -15.205113
950.00000 -15.091567
951.50000 -14.759945
953.00000 -14.301243
954.50000 -14.514620
956.00000 -14.058037
957.50000 -14.120110
959.00000 -14.174935
960.50000 -14.160060
962.00000 -14.735475
963.50000 -14.590940
965.00000 -14.875891
966.50000 -14.572374
968.00000 -14.676791
969.50000 -14.392352
971.00000 -14.169741
972.50000 -14.205871
974.00000 -13.977610
975.50000 -13.959056
977.00000 -14.289045
978.50000 -14.312643
980.00000 -14.418552
981.50000 -14.271626
983.00000 -13.967258
984.50000 -13.984758
986.00000 -14.028743
987.50000 -14.469717
989.00000 -13.907547
990.50000 -13.713861
992.00000 -13.913726
993.50000 -13.865788
995.00000 -13.966492
996.50000 -14.089165
998.00000 -13.792784
999.50000 -13.889941
1001.0000 -13.547097
1002.5000 -13.559677
1004.0000 -13.470156
1005.5000 -13.331808
1007.0000 -13.325344
1008.5000 -13.479450
1010.0000 -13.341867
1011.5000 -13.299944
1013.0000 -13.249350
1014.5000 -13.141236
1016.0000 -13.039465
1017.5000 -13.136033
1019.0000 -13.025185
1020.5000 -12.911513
1022.0000 -13.096012
1023.5000 -13.053660
1025.0000 -12.843609
1026.5000 -12.876177
1028.0000 -13.267100
1029.5000 -13.079516
1031.0000 -12.848334
1032.5000 -13.041118
1034.0000 -12.831540
1035.5000 -12.992513
1037.0000 -12.673273
1038.5000 -12.604640
1040.0000 -12.767785
1041.5000 -12.527965
1043.0000 -12.604256
1044.5000 -12.676429
1046.0000 -12.682858
1047.5000 -12.667747
1049.0000 -13.014235
1050.5000 -12.913515
1052.0000 -12.978611
1053.5000 -12.782030
1055.0000 -12.853416
1056.5000 -12.697811
1058.0000 -12.912152
1059.5000 -12.941850
1061.0000 -12.809117
1062.5000 -12.876508
1064.0000 -12.903685
1065.5000 -13.024185
1067.0000 -12.593129
1068.5000 -12.902555
1070.0000 -12.801299
1071.5000 -12.838989
1073.0000 -12.843748
1074.5000 -13.036683
1076.0000 -13.173280
1077.5000 -13.187354
1079.0000 -12.865618
1080.5000 -13.232903
1082.0000 -12.916556
1083.5000 -13.426628
1085.0000 -13.809294
1086.5000 -13.515670
1088.0000 -13.470489
1089.5000 -13.263516
1091.0000 -13.478044
1092.5000 -13.201880
1094.0000 -13.067293
1095.5000 -13.461017
1097.0000 -12.878622
1098.5000 -12.799869
1100.0000 -12.981448
1101.5000 -12.734168
1103.0000 -12.902767
1104.5000 -13.085466
1106.0000 -13.038554
1107.5000 -12.932471
1109.0000 -13.121893
1110.5000 -13.193527
1112.0000 -13.373384
1113.5000 -13.422203
1115.0000 -13.097260
1116.5000 -13.029665
1118.0000 -13.159879
1119.5000 -13.278491
1121.0000 -12.619798
1122.5000 -13.045518
1124.0000 -13.225128
1125.5000 -13.398213
1127.0000 -12.961390
1128.5000 -13.102105
1130.0000 -13.386095
1131.5000 -13.549056
1133.0000 -13.139352
1134.5000 -13.309621
1136.0000 -13.333988
1137.5000 -13.331063
1139.0000 -13.261569
1140.5000 -13.159012
1142.0000 -13.224704
1143.5000 -13.485463
1145.0000 -13.327759
1146.5000 -13.350492
1148.0000 -13.294705
1149.5000 -13.370370
1151.0000 -13.380320
1152.5000 -13.519774
1154.0000 -13.635895
1155.5000 -13.517159
1157.0000 -13.577340
1158.5000 -13.743567
1160.0000 -13.935489
1161.5000 -14.357222
1163.0000 -14.447811
1164.5000 -14.639650
1166.0000 -15.265281
1167.5000 -16.605591
1169.0000 -17.746710
1170.5000 -18.663015
1172.0000 -18.945415
1173.5000 -18.916899
1175.0000 -18.953861
1176.5000 -19.626348
1178.0000 -20.369341
1179.5000 -20.899384
1181.0000 -21.421827
1182.5000 -21.931717
1184.0000 -22.285429
1185.5000 -22.284613
1187.0000 -22.173105
1188.5000 -22.139963
1190.0000 -22.202517
1191.5000 -22.364613
1193.0000 -22.729767
1194.5000 -23.260067
1196.0000 -23.344481
1197.5000 -22.974531
1199.0000 -22.607920
1200.5000 -22.466444
1202.0000 -22.238497
1203.5000 -22.063610
1205.0000 -22.005329
1206.5000 -22.012863
1208.0000 -22.038982
1209.5000 -22.213428
1211.0000 -22.448380
1212.5000 -22.858257
1214.0000 -23.056950
1215.5000 -22.961399
1217.0000 -22.383934
1218.5000 -21.921125
1220.0000 -21.833427
1221.5000 -21.882572
1223.0000 -21.880960
1224.5000 -21.869358
1226.0000 -21.855536
1227.5000 -21.651201
1229.0000 -21.592861
1230.5000 -21.829918
1232.0000 -22.002731
1233.5000 -21.986326
1235.0000 -22.176188
1236.5000 -22.242111
1238.0000 -22.280294
1239.5000 -22.222507
1241.0000 -22.067495
1242.5000 -22.002510
1244.0000 -22.073118
1245.5000 -22.204153
1247.0000 -22.329151
1248.5000 -22.404949
1250.0000 -22.417042
1251.5000 -22.416872
1253.0000 -22.492130
1254.5000 -22.339624
1256.0000 -22.216564
1257.5000 -22.227791
1259.0000 -22.374302
1260.5000 -22.513103
1262.0000 -22.560036
1263.5000 -22.582012
1265.0000 -22.561102
1266.5000 -22.595032
1268.0000 -22.751648
1269.5000 -22.791651
1271.0000 -22.811388
1272.5000 -22.879631
1274.0000 -22.777454
1275.5000 -22.818001
1277.0000 -23.097164
1278.5000 -23.224051
1280.0000 -23.149263
1281.5000 -23.269737
1283.0000 -23.565655
1284.5000 -23.756393
1286.0000 -23.854172
1287.5000 -24.359180
1289.0000 -24.462095
1290.5000 -22.462418
1292.0000 -20.483421
1293.5000 -18.325230
1295.0000 -16.941122
1296.5000 -16.231831
1298.0000 -15.894181
1299.5000 -15.798657
1301.0000 -15.714401
1302.5000 -15.605746
1304.0000 -15.300830
1305.5000 -14.738454
1307.0000 -14.291777
1308.5000 -13.591014
1310.0000 -13.199446
1311.5000 -12.820259
1313.0000 -12.623166
1314.5000 -12.467321
1316.0000 -12.319169
1317.5000 -12.042854
1319.0000 -11.590967
1320.5000 -11.328481
1322.0000 -11.195867
1323.5000 -10.845402
1325.0000 -10.628732
1326.5000 -10.491457
1328.0000 -10.569372
1329.5000 -10.429709
1331.0000 -10.157613
1332.5000 -10.074649
1334.0000 -10.080172
1335.5000 -10.010971
1337.0000 -9.9845343
1338.5000 -9.8484793
1340.0000 -9.8986282
1341.5000 -9.8774109
1343.0000 -9.9161425
1344.5000 -8.2986908
1346.0000 -8.7715597
1347.5000 -9.0489445
1349.0000 -9.0255756
1350.5000 -9.0045481
1352.0000 -9.0082273
1353.5000 -8.7404490
1355.0000 -8.6333065
1356.5000 -8.8916063
1358.0000 -8.5830841
1359.5000 -8.1070347
1361.0000 -7.8952684
1362.5000 -7.7559323
1364.0000 -7.6182384
1365.5000 -7.6394377
1367.0000 -7.3203187
1368.5000 -7.1546454
1370.0000 -7.0975828
1371.5000 -7.0078988
1373.0000 -7.0010300
1374.5000 -7.1513324
1376.0000 -7.1183949
1377.5000 -7.0599985
1379.0000 -6.9616017
1380.5000 -6.9934011
1382.0000 -7.3932705
1383.5000 -7.5360203
1385.0000 -7.0363955
1386.5000 -7.6560326
1388.0000 -7.7876310
1389.5000 -7.7172232
1391.0000 -7.5493708
1392.5000 -7.1308904
1394.0000 -6.9581470
1395.5000 -6.6988425
1397.0000 -6.4730473
1398.5000 -6.4348688
1400.0000 -6.3414297
1401.5000 -6.2876296
1403.0000 -6.2545886
1404.5000 -6.2125854
1406.0000 -6.1765995
1407.5000 -6.1379290
1409.0000 -6.1016746
1410.5000 -6.0561819
1412.0000 -6.0099497
1413.5000 -5.9705014
1415.0000 -5.9353786
1416.5000 -5.9023523
1418.0000 -5.8557863
1419.5000 -5.8016667
1421.0000 -5.7482696
1422.5000 -5.7031760
1424.0000 -5.6596189
1425.5000 -5.6116118
1427.0000 -5.5655799
1428.5000 -5.5262384
1430.0000 -5.4751606
1431.5000 -5.4277353
1433.0000 -5.3813148
1434.5000 -5.3383884
1436.0000 -5.2974157
1437.5000 -5.2503591
1439.0000 -5.2029743
1440.5000 -5.1598125
1442.0000 -5.1238627
1443.5000 -5.0954304
1445.0000 -5.0749049
1446.5000 -5.0576553
1448.0000 -5.0360527
1449.5000 -5.0120568
1451.0000 -4.9927826
1452.5000 -4.9734769
1454.0000 -4.9677382
1455.5000 -4.9640150
1457.0000 -4.9606471
1458.5000 -4.9729891
1460.0000 -4.9693074
1461.5000 -4.9763436
1463.0000 -4.9754686
1464.5000 -4.9696102
1466.0000 -4.9600511
1467.5000 -4.9528484
1469.0000 -4.9504051
1470.5000 -4.9437599
1472.0000 -4.9500442
1473.5000 -4.9389071
1475.0000 -4.9647050
1476.5000 -4.9244719
1478.0000 -4.9185095
1479.5000 -4.9077716
1481.0000 -4.9021087
1482.5000 -4.8995705
1484.0000 -4.8919034
1485.5000 -4.8893313
1487.0000 -4.8831725
1488.5000 -4.8762693
1490.0000 -4.8713298
1491.5000 -4.8640423
1493.0000 -4.8604283
1494.5000 -4.8608532
1496.0000 -4.8651104
1497.5000 -4.8647337
1499.0000 -4.8615413
1500.5000 -4.8603077
1502.0000 -4.8576031
1503.5000 -4.8529377
1505.0000 -4.8486295
1506.5000 -4.8459568
1508.0000 -4.8471332
1509.5000 -4.8503089
1511.0000 -4.8521061
1512.5000 -4.8545642
1514.0000 -4.8580751
1515.5000 -4.8592725
1517.0000 -4.8591371
1518.5000 -4.8611975
1520.0000 -4.8665986
1521.5000 -4.8711195
1523.0000 -4.8751950
1524.5000 -4.8787928
1526.0000 -4.8814502
1527.5000 -4.8826318
1529.0000 -4.8861961
1530.5000 -4.8889742
1532.0000 -4.8942533
1533.5000 -4.9014120
1535.0000 -4.9091067
1536.5000 -4.9167981
1538.0000 -4.9207463
1539.5000 -4.9245424
1541.0000 -4.9261589
1542.5000 -4.9295259
1544.0000 -4.9383178
1545.5000 -4.9473701
1547.0000 -4.9568448
1548.5000 -4.9677749
1550.0000 -4.9748945
1551.5000 -4.9790926
1553.0000 -4.9818554
1554.5000 -4.9851580
1556.0000 -4.9906363
1557.5000 -4.9963832
1559.0000 -5.0047507
1560.5000 -5.0136051
1562.0000 -5.0217519
1563.5000 -5.0306940
1565.0000 -5.0356498
1566.5000 -5.0391660
1568.0000 -5.0430198
1569.5000 -5.0495796
1571.0000 -5.0582471
1572.5000 -5.0671582
1574.0000 -5.0769129
1575.5000 -5.0842662
1577.0000 -5.0888453
1578.5000 -5.0928540
1580.0000 -5.0964556
1581.5000 -5.1003036
1583.0000 -5.1083641
1584.5000 -5.1179247
1586.0000 -5.1278481
1587.5000 -5.1393843
1589.0000 -5.1500273
1590.5000 -5.1540747
1592.0000 -5.1578159
1593.5000 -5.1634498
1595.0000 -5.1699214
1596.5000 -5.1794019
1598.0000 -5.1881986
1599.5000 -5.1944666
1601.0000 -5.2033505
1602.5000 -5.2095394
1604.0000 -5.2154155
1605.5000 -5.2194176
1607.0000 -5.2263680
1608.5000 -5.2348437
1610.0000 -5.2435689
1611.5000 -5.2521873
1613.0000 -5.2604828
1614.5000 -5.2660522
1616.0000 -5.2713552
1617.5000 -5.2766070
1619.0000 -5.2804747
1620.5000 -5.2890272
1622.0000 -5.3012767
1623.5000 -5.3126411
1625.0000 -5.3229413
1626.5000 -5.3325896
1628.0000 -5.3367276
1629.5000 -5.3410487
1631.0000 -5.3449011
1632.5000 -5.3510981
1634.0000 -5.3597517
1635.5000 -5.3729062
1637.0000 -5.3822446
1638.5000 -5.3905654
1640.0000 -5.3935685
1641.5000 -5.3989277
1643.0000 -5.4060407
1644.5000 -5.4122777
1646.0000 -5.4212103
1647.5000 -5.4313493
1649.0000 -5.4426975
1650.5000 -5.4518785
1652.0000 -5.4571209
1653.5000 -5.4626732
1655.0000 -5.4670844
1656.5000 -5.4707580
1658.0000 -5.4778128
1659.5000 -5.4889779
1661.0000 -5.5026751
1662.5000 -5.5104284
1664.0000 -5.5172677
1665.5000 -5.5241780
1667.0000 -5.5277839
1668.5000 -5.5340161
1670.0000 -5.5439568
1671.5000 -5.5522237
1673.0000 -5.5617104
1674.5000 -5.5747805
1676.0000 -5.5836735
1677.5000 -5.5892339
1679.0000 -5.5913482
1680.5000 -5.5951815
1682.0000 -5.6019468
1683.5000 -5.6096907
1685.0000 -5.6227136
1686.5000 -5.6355586
1688.0000 -5.6445222
1689.5000 -5.6505275
1691.0000 -5.6534147
1692.5000 -5.6579123
1694.0000 -5.6638918
1695.5000 -5.6732473
1697.0000 -5.6835155
1698.5000 -5.6959319
1700.0000 -5.7059145
1701.5000 -5.7114415
1703.0000 -5.7191958
1704.5000 -5.7228403
1706.0000 -5.7300210
1707.5000 -5.7376180
1709.0000 -5.7455187
1710.5000 -5.7563300
1712.0000 -5.7640719
1713.5000 -5.7719560
1715.0000 -5.7777233
1716.5000 -5.7832475
1718.0000 -5.7878804
1719.5000 -5.7948995
1721.0000 -5.8032527
1722.5000 -5.8109589
1724.0000 -5.8200455
1725.5000 -5.8261023
1727.0000 -5.8303056
1728.5000 -5.8339028
1730.0000 -5.8353000
1731.5000 -5.8351803
1733.0000 -5.8380971
1734.5000 -5.8443604
1736.0000 -5.8523636
1737.5000 -5.8578887
1739.0000 -5.8658476
1740.5000 -5.8707585
1742.0000 -5.8731346
1743.5000 -5.8771129
1745.0000 -5.8805108
1746.5000 -5.8859282
1748.0000 -5.8916965
1749.5000 -5.8985553
1751.0000 -5.9053917
1752.5000 -5.9102845
1754.0000 -5.9158368
1755.5000 -5.9194527
1757.0000 -5.9239030
1758.5000 -5.9287519
1760.0000 -5.9351263
1761.5000 -5.9399271
1763.0000 -5.9446111
1764.5000 -5.9527011
1766.0000 -5.9557590
1767.5000 -5.9590497
1769.0000 -5.9619489
1770.5000 -5.9657207
1772.0000 -5.9704237
1773.5000 -5.9745011
1775.0000 -5.9779401
1776.5000 -5.9825430
1778.0000 -5.9864898
1779.5000 -5.9869547
1781.0000 -5.9894156
1782.5000 -5.9903789
1784.0000 -5.9932303
1785.5000 -5.9995823
1787.0000 -6.0068226
1788.5000 -6.0113883
1790.0000 -6.1171722
1791.5000 -6.0774155
1793.0000 -6.0296154
1794.5000 -6.0239325
1796.0000 -6.0894966
1797.5000 -6.1376028
1799.0000 -6.1217556
1800.5000 -6.1755686
1802.0000 -6.1280622
1803.5000 -6.1062212
1805.0000 -6.0663104
1806.5000 -6.1141171
1808.0000 -6.1115026
1809.5000 -6.0947213
1811.0000 -6.1968622
1812.5000 -6.1667924
1814.0000 -6.1553588
1815.5000 -6.1383972
1817.0000 -6.1753607
1818.5000 -6.1586194
1820.0000 -6.1804175
1821.5000 -6.1957393
1823.0000 -6.1453099
1824.5000 -6.2575283
1826.0000 -6.2358775
1827.5000 -6.2202463
1829.0000 -6.2626934
1830.5000 -6.2265916
1832.0000 -6.1912694
1833.5000 -6.2354550
1835.0000 -6.2402072
1836.5000 -6.0830851
1838.0000 -6.3028030
1839.5000 -6.1803994
1841.0000 -6.1201515
1842.5000 -6.2314758
1844.0000 -6.2517877
1845.5000 -6.2897515
1847.0000 -6.3504195
1848.5000 -6.2980976
1850.0000 -6.3123784
1851.5000 -6.3070874
1853.0000 -6.3114400
1854.5000 -6.2014995
1856.0000 -6.3349075
1857.5000 -6.3163986
1859.0000 -6.3164039
1860.5000 -6.3741894
1862.0000 -6.3978124
1863.5000 -6.3765602
1865.0000 -6.3687029
1866.5000 -6.2776289
1868.0000 -6.3994966
1869.5000 -6.3558273
1871.0000 -6.3517132
1872.5000 -6.3335881
1874.0000 -6.4417553
1875.5000 -6.3966880
1877.0000 -6.4533219
1878.5000 -6.3921061
1880.0000 -6.5351005
1881.5000 -6.3907762
1883.0000 -6.3540215
1884.5000 -6.4533062
1886.0000 -6.4487982
1887.5000 -6.4466891
1889.0000 -6.4193625
1890.5000 -6.4635653
1892.0000 -6.5018506
1893.5000 -6.4782114
1895.0000 -6.4849620
1896.5000 -6.5086799
1898.0000 -6.5053387
1899.5000 -6.5104651
1901.0000 -6.5316968
1902.5000 -6.5127869
1904.0000 -6.5895410
1905.5000 -6.5106878
1907.0000 -6.4718652
1908.5000 -6.4777169
1910.0000 -6.5265808
1911.5000 -6.5449901
1913.0000 -6.5939941
1914.5000 -6.5786076
1916.0000 -6.6220889
1917.5000 -6.7281260
1919.0000 -6.6839852
1920.5000 -6.7275233
1922.0000 -6.7134800
1923.5000 -6.7113957
1925.0000 -6.6917753
1926.5000 -6.6863694
1928.0000 -6.6496420
1929.5000 -6.6379647
1931.0000 -6.6153755
1932.5000 -6.6021276
1934.0000 -6.6007867
1935.5000 -6.6211128
1937.0000 -6.6504726
1938.5000 -6.6769643
1940.0000 -6.6763148
1941.5000 -6.6989102
1943.0000 -6.6895838
1944.5000 -6.6846199
1946.0000 -6.6430631
1947.5000 -6.6743326
1949.0000 -6.7089343
1950.5000 -6.7219305
1952.0000 -6.7301073
1953.5000 -6.7204490
1955.0000 -6.7115850
1956.5000 -6.7411304
1958.0000 -6.7671218
1959.5000 -6.7891893
1961.0000 -6.8240628
1962.5000 -6.8563256
1964.0000 -6.8103681
1965.5000 -6.8304281
1967.0000 -6.8126736
1968.5000 -6.7964683
1970.0000 -6.7864742
1971.5000 -6.7699080
1973.0000 -6.7956429
1974.5000 -6.7734904
1976.0000 -6.7859478
1977.5000 -6.7750602
1979.0000 -6.7820296
1980.5000 -6.7995048
1982.0000 -6.7868838
1983.5000 -6.8227892
1985.0000 -6.8840332
1986.5000 -6.8484244
1988.0000 -6.8474469
1989.5000 -6.8540778
1991.0000 -6.8386645
1992.5000 -6.8265123
1994.0000 -6.8442917
1995.5000 -6.8214340
1997.0000 -6.8409858
1998.5000 -6.8184476
2000.0000 -6.8315210
2001.5000 -6.8738708
2003.0000 -6.8820720
2004.5000 -6.8635387
2006.0000 -6.8306012
2007.5000 -6.8615046
2009.0000 -6.8858595
2010.5000 -6.8973303
2012.0000 -6.8597794
2013.5000 -6.9142013
2015.0000 -6.9441009
2016.5000 -6.9188194
2018.0000 -6.9267087
2019.5000 -6.9144855
2021.0000 -6.9174066
2022.5000 -6.9227352
2024.0000 -7.0205393
2025.5000 -6.9692621
2027.0000 -6.9729319
2028.5000 -6.9972520
2030.0000 -7.0412736
2031.5000 -6.9426837
2033.0000 -6.9924817
2034.5000 -7.0331278
2036.0000 -7.0302310
2037.5000 -7.1201887
2039.0000 -7.1521096
2040.5000 -7.1651421
2042.0000 -7.1479917
2043.5000 -7.6982355
2045.0000 -7.3635793
2046.5000 -7.3702331
2048.0000 -7.3048043
2049.5000 -7.2178111
2051.0000 -7.1652193
2052.5000 -7.0917597
2054.0000 -7.1423011
2055.5000 -7.2392726
2057.0000 -7.3281307
2058.5000 -7.3218412
2060.0000 -7.2339931
2061.5000 -7.1275315
2063.0000 -7.1838837
2064.5000 -7.4357944
2066.0000 -7.2419186
2067.5000 -7.4342055
2069.0000 -7.1789942
2070.5000 -7.3420582
2072.0000 -7.3048472
2073.5000 -7.3112617
2075.0000 -7.3669944
2076.5000 -7.3857875
2078.0000 -7.3244438
2079.5000 -7.2955642
2081.0000 -7.3815751
2082.5000 -7.2672801
2084.0000 -7.3595376
2085.5000 -7.4388313
2087.0000 -7.4259152
2088.5000 -7.4386482
2090.0000 -7.4866242
2091.5000 -7.3973050
2093.0000 -7.4044032
2094.5000 -7.4504204
2096.0000 -7.4578815
2097.5000 -7.4665322
2099.0000 -7.4314160
2100.5000 -7.5412989
2102.0000 -7.4982476
2103.5000 -7.4324045
2105.0000 -7.5200982
2106.5000 -7.5128975
2108.0000 -7.5530534
2109.5000 -7.5479774
2111.0000 -7.5693674
2112.5000 -7.4529009
2114.0000 -7.5084147
2115.5000 -7.4956574
2117.0000 -7.6471400
2118.5000 -7.6755972
2120.0000 -7.4883885
2121.5000 -7.6571598
2123.0000 -7.6502814
2124.5000 -7.6875763
2126.0000 -7.6564255
2127.5000 -7.6764345
2129.0000 -7.6848655
2130.5000 -7.6853709
2132.0000 -7.6674614
2133.5000 -7.7036738
2135.0000 -7.7179832
2136.5000 -7.7246804
2138.0000 -7.7558665
2139.5000 -7.7675185
2141.0000 -7.7688746
2142.5000 -7.7877445
2144.0000 -7.7924361
2145.5000 -7.8000283
2147.0000 -7.8113976
2148.5000 -7.8308930
2150.0000 -7.7945628
2151.5000 -7.8644700
2153.0000 -7.9064155
2154.5000 -7.9593315
2156.0000 -7.8979416
2157.5000 -7.8950486
2159.0000 -8.0073099
2160.5000 -7.7910919
2162.0000 -7.9490156
2163.5000 -7.9856176
2165.0000 -8.0308704
2166.5000 -8.0034475
2168.0000 -8.0405369
2169.5000 -8.0494413
2171.0000 -8.0978870
2172.5000 -8.0845108
2174.0000 -8.1671915
2175.5000 -8.1570988
2177.0000 -8.2742310
2178.5000 -8.3380299
2180.0000 -8.3432302
2181.5000 -8.3245831
2183.0000 -8.2986326
2184.5000 -8.2042503
2186.0000 -8.1717863
2187.5000 -8.2545471
2189.0000 -8.2865915
2190.5000 -8.3792171
2192.0000 -8.3012543
2193.5000 -8.3609352
2195.0000 -8.2826729
2196.5000 -8.3571653
2198.0000 -8.3345900
2199.5000 -8.4076567
2201.0000 -8.3623257
2202.5000 -8.4635344
2204.0000 -8.4706631
2205.5000 -8.4555788
2207.0000 -8.4841557
2208.5000 -8.5385437
2210.0000 -8.4989033
2211.5000 -8.5691090
2213.0000 -8.6014442
2214.5000 -8.5964680
2216.0000 -8.6101027
2217.5000 -8.6733427
2219.0000 -8.7105427
2220.5000 -8.6537256
2222.0000 -8.7249622
2223.5000 -8.7974396
2225.0000 -8.8049822
2226.5000 -8.8123741
2228.0000 -8.8121881
2229.5000 -8.8993301
2231.0000 -8.8474312
2232.5000 -8.9156370
2234.0000 -8.9648991
2235.5000 -9.0391502
2237.0000 -9.0668879
2238.5000 -9.1773491
2240.0000 -9.2195072
2241.5000 -9.1852140
2243.0000 -9.2323122
2244.5000 -9.3766165
2246.0000 -9.4350662
2247.5000 -9.3949099
2249.0000 -9.3687496
2250.5000 -9.5116262
2252.0000 -9.6013937
2253.5000 -9.5391865
2255.0000 -9.6538849
2256.5000 -9.7215738
2258.0000 -9.7616558
2259.5000 -9.8049936
2261.0000 -9.9029865
2262.5000 -9.9724894
2264.0000 -10.011607
2265.5000 -10.060570
2267.0000 -10.121405
2268.5000 -10.179920
2270.0000 -10.256258
2271.5000 -10.320369
2273.0000 -10.379805
2274.5000 -10.420396
2276.0000 -10.464913
2277.5000 -10.513508
2279.0000 -10.586545
2280.5000 -10.647868
2282.0000 -10.733597
2283.5000 -10.803201
2285.0000 -10.856977
2286.5000 -10.906653
2288.0000 -10.967182
2289.5000 -11.010451
2291.0000 -11.060144
2292.5000 -11.131641
2294.0000 -11.214743
2295.5000 -11.295530
2297.0000 -11.387417
2298.5000 -11.447506
2300.0000 -11.515812
2301.5000 -11.595301
2303.0000 -11.603806
2304.5000 -11.645033
2306.0000 -11.674741
2307.5000 -11.692989
2309.0000 -11.772594
2310.5000 -11.827459
2312.0000 -11.840099
2313.5000 -12.014564
2315.0000 -12.203012
2316.5000 -12.218243
2318.0000 -12.312940
2319.5000 -12.241301
2321.0000 -11.884059
2322.5000 -11.634753
2324.0000 -11.491072
2325.5000 -11.584030
2327.0000 -11.622914
2328.5000 -11.767179
2330.0000 -11.816710
2331.5000 -11.714186
2333.0000 -11.415197
2334.5000 -11.371221
2336.0000 -11.445855
2337.5000 -11.429724
2339.0000 -11.465886
2340.5000 -11.588440
2342.0000 -11.598373
2343.5000 -11.843017
2345.0000 -11.854335
2346.5000 -11.637619
2348.0000 -11.727023
2349.5000 -11.848430
2351.0000 -11.974601
2352.5000 -11.879559
2354.0000 -11.592472
2355.5000 -11.672775
2357.0000 -11.717088
2358.5000 -11.616792
2360.0000 -11.700587
2361.5000 -11.733110
2363.0000 -11.524547
2364.5000 -11.574037
2366.0000 -11.566768
2367.5000 -11.584759
2369.0000 -11.579755
2370.5000 -11.667372
2372.0000 -11.542625
2373.5000 -11.402867
2375.0000 -11.380774
2376.5000 -11.412086
2378.0000 -11.514298
2379.5000 -11.506661
2381.0000 -11.593387
2382.5000 -11.677117
2384.0000 -11.701962
2385.5000 -11.511621
2387.0000 -11.422882
2388.5000 -11.534737
2390.0000 -11.601328
2391.5000 -11.568192
2393.0000 -11.800483
2394.5000 -11.776203
2396.0000 -11.943975
2397.5000 -11.866512
2399.0000 -11.829512
2400.5000 -11.775755
2402.0000 -11.818206
2403.5000 -11.965521
2405.0000 -12.233373
2406.5000 -12.232837
2408.0000 -12.280699
2409.5000 -12.451700
2411.0000 -12.709010
2412.5000 -12.959652
2414.0000 -13.159493
2415.5000 -12.872964
2417.0000 -12.904908
2418.5000 -13.028558
2420.0000 -13.117952
2421.5000 -13.175883
2423.0000 -13.219028
2424.5000 -13.377777
2426.0000 -13.565556
2427.5000 -13.565708
2429.0000 -13.721501
2430.5000 -13.689751
2432.0000 -13.715675
2433.5000 -13.539770
2435.0000 -13.676569
2436.5000 -13.656859
2438.0000 -13.806966
2439.5000 -13.816517
2441.0000 -13.959960
2442.5000 -14.140633
2444.0000 -14.075209
2445.5000 -14.158031
2447.0000 -14.187689
2448.5000 -14.127302
2450.0000 -14.201203
2451.5000 -14.287676
2453.0000 -14.356568
2454.5000 -14.415894
2456.0000 -14.541255
2457.5000 -14.513527
2459.0000 -14.660990
2460.5000 -14.752460
2462.0000 -14.681972
2463.5000 -14.616994
2465.0000 -14.644992
2466.5000 -14.647485
2468.0000 -14.565953
2469.5000 -14.577103
2471.0000 -14.655021
2472.5000 -14.699797
2474.0000 -14.696587
2475.5000 -14.929329
2477.0000 -15.024286
2478.5000 -15.084029
2480.0000 -14.948379
2481.5000 -14.817022
2483.0000 -14.721944
2484.5000 -14.708876
2486.0000 -14.729515
2487.5000 -14.782643
2489.0000 -14.869237
2490.5000 -14.892298
2492.0000 -14.916561
2493.5000 -14.917035
2495.0000 -14.870706
2496.5000 -14.815715
2498.0000 -14.760604
2499.5000 -14.660786
2501.0000 -14.586205
2502.5000 -14.560328
2504.0000 -14.507674
2505.5000 -14.408048
2507.0000 -14.223802
2508.5000 -14.044927
2510.0000 -14.009691
2511.5000 -14.139500
2513.0000 -13.787798
2514.5000 -13.908365
2516.0000 -13.656262
2517.5000 -13.809826
2519.0000 -13.797418
2520.5000 -13.934893
2522.0000 -13.806499
2523.5000 -13.993804
2525.0000 -13.744720
2526.5000 -13.806053
2528.0000 -13.890448
2529.5000 -13.667142
2531.0000 -13.658592
2532.5000 -13.669365
2534.0000 -13.802697
2535.5000 -13.711563
2537.0000 -13.549629
2538.5000 -13.420743
2540.0000 -13.592908
2541.5000 -13.576289
2543.0000 -13.607797
2544.5000 -13.593957
2546.0000 -13.478503
2547.5000 -13.418969
2549.0000 -13.408049
2550.5000 -13.522624
2552.0000 -13.480966
2553.5000 -13.394942
2555.0000 -13.355878
2556.5000 -13.368065
2558.0000 -13.365617
2559.5000 -13.353898
2561.0000 -13.334243
2562.5000 -13.322797
2564.0000 -13.312971
2565.5000 -13.310031
2567.0000 -13.306437
2568.5000 -13.350213
2570.0000 -13.360027
2571.5000 -13.258510
2573.0000 -13.236298
2574.5000 -13.518959
2576.0000 -13.504717
2577.5000 -13.548939
2579.0000 -13.492349
2580.5000 -13.383126
2582.0000 -13.263795
2583.5000 -13.287229
2585.0000 -13.372355
2586.5000 -13.402812
2588.0000 -13.445481
2589.5000 -13.507162
2591.0000 -13.686120
2592.5000 -13.699999
2594.0000 -13.762342
2595.5000 -13.738303
2597.0000 -13.562010
2598.5000 -13.368553
2600.0000 -13.433208
2601.5000 -13.331499
2603.0000 -13.297470
2604.5000 -13.590915
2606.0000 -13.724342
2607.5000 -13.934308
2609.0000 -14.033216
2610.5000 -14.000100
2612.0000 -13.813261
2613.5000 -13.660039
2615.0000 -13.550606
2616.5000 -13.503375
2618.0000 -13.574670
2619.5000 -13.784861
2621.0000 -14.069275
2622.5000 -14.319877
2624.0000 -14.405673
2625.5000 -14.286341
2627.0000 -13.845922
2628.5000 -13.662623
2630.0000 -13.576130
2631.5000 -13.496789
2633.0000 -13.618773
2634.5000 -13.922653
2636.0000 -14.364962
2637.5000 -14.860524
2639.0000 -14.439859
2640.5000 -14.029563
2642.0000 -13.864100
2643.5000 -13.644502
2645.0000 -13.569540
2646.5000 -13.612817
2648.0000 -13.815135
2649.5000 -14.365283
2651.0000 -14.689489
2652.5000 -14.906355
2654.0000 -14.498340
2655.5000 -14.105968
2657.0000 -13.870040
2658.5000 -13.717411
2660.0000 -13.793526
2661.5000 -13.842634
2663.0000 -14.482647
2664.5000 -14.830507
2666.0000 -14.765444
2667.5000 -14.574065
2669.0000 -14.233642
2670.5000 -14.203720
2672.0000 -14.008016
2673.5000 -14.104978
2675.0000 -14.360321
2676.5000 -14.748625
2678.0000 -14.963895
2679.5000 -14.832984
2681.0000 -14.464671
2682.5000 -14.227581
2684.0000 -14.229957
2685.5000 -14.351292
2687.0000 -14.602597
2688.5000 -14.847412
2690.0000 -15.039462
2691.5000 -14.984718
2693.0000 -14.637832
2694.5000 -14.423954
2696.0000 -14.377411
2697.5000 -14.689185
2699.0000 -14.953469
2700.5000 -15.294453
2702.0000 -15.150476
2703.5000 -14.937923
2705.0000 -14.686440
2706.5000 -14.664465
2708.0000 -14.733228
2709.5000 -15.018063
2711.0000 -14.974695
2712.5000 -14.917268
2714.0000 -14.572051
2715.5000 -14.025099
2717.0000 -13.673521
2718.5000 -13.348016
2720.0000 -13.565472
2721.5000 -13.480733
2723.0000 -13.146305
2724.5000 -13.082649
2726.0000 -13.191647
2727.5000 -13.317936
2729.0000 -13.425719
2730.5000 -13.143323
2732.0000 -12.983269
2733.5000 -13.170317
2735.0000 -13.445708
2736.5000 -13.725074
2738.0000 -13.955185
2739.5000 -14.117963
2741.0000 -14.045651
2742.5000 -13.818433
2744.0000 -13.747329
2745.5000 -13.944729
2747.0000 -13.779710
2748.5000 -13.784142
2750.0000 -13.960434
2751.5000 -14.096298
2753.0000 -14.198084
2754.5000 -14.197203
2756.0000 -14.275342
2757.5000 -14.355034
2759.0000 -14.290600
2760.5000 -14.420979
2762.0000 -14.694066
2763.5000 -14.987629
2765.0000 -14.203414
2766.5000 -14.134575
2768.0000 -14.528466
2769.5000 -14.829338
2771.0000 -14.800344
2772.5000 -14.773640
2774.0000 -14.554721
2775.5000 -14.407060
2777.0000 -14.161968
2778.5000 -14.092538
2780.0000 -14.279442
2781.5000 -14.490150
2783.0000 -14.524932
2784.5000 -14.396333
2786.0000 -14.476012
2787.5000 -14.393205
2789.0000 -14.128623
2790.5000 -14.115072
2792.0000 -14.060316
2793.5000 -14.130990
2795.0000 -13.955251
2796.5000 -13.618204
2798.0000 -13.371421
2799.5000 -13.193443
2801.0000 -13.075289
2802.5000 -13.044362
2804.0000 -12.927404
2805.5000 -12.778613
2807.0000 -12.661102
2808.5000 -12.600253
2810.0000 -12.482902
2811.5000 -12.421658
2813.0000 -12.369830
2814.5000 -12.542933
2816.0000 -12.593586
2817.5000 -12.415397
2819.0000 -12.514932
2820.5000 -12.694371
2822.0000 -12.661445
2823.5000 -12.947632
2825.0000 -12.892925
2826.5000 -13.113293
2828.0000 -12.906998
2829.5000 -12.894395
2831.0000 -13.384014
2832.5000 -13.206452
2834.0000 -13.025718
2835.5000 -13.210778
2837.0000 -13.344511
2838.5000 -13.334746
2840.0000 -12.909977
2841.5000 -12.989779
2843.0000 -13.244617
2844.5000 -13.329886
2846.0000 -13.415469
2847.5000 -13.437634
2849.0000 -13.427218
2850.5000 -13.462362
2852.0000 -13.453931
2853.5000 -13.644501
2855.0000 -13.727962
2856.5000 -13.886871
2858.0000 -13.837071
2859.5000 -13.967656
2861.0000 -13.820656
2862.5000 -13.733730
2864.0000 -13.758349
2865.5000 -13.799419
2867.0000 -13.808771
2868.5000 -13.905567
2870.0000 -13.947416
2871.5000 -13.914042
2873.0000 -14.046303
2874.5000 -14.131866
2876.0000 -14.185474
2877.5000 -14.213836
2879.0000 -14.265258
2880.5000 -14.220244
2882.0000 -14.214334
2883.5000 -14.084397
2885.0000 -14.060982
2886.5000 -14.125384
2888.0000 -14.083790
2889.5000 -14.190851
2891.0000 -14.217124
2892.5000 -14.268749
2894.0000 -14.418726
2895.5000 -14.424507
2897.0000 -14.306731
2898.5000 -14.197796
2900.0000 -14.171954
2901.5000 -14.142607
2903.0000 -14.103968
2904.5000 -14.144388
2906.0000 -14.189258
2907.5000 -14.041783
2909.0000 -14.115186
2910.5000 -14.256692
2912.0000 -14.089515
2913.5000 -14.356231
2915.0000 -14.351620
2916.5000 -14.268089
2918.0000 -14.243109
2919.5000 -14.380145
2921.0000 -14.211832
2922.5000 -14.438209
2924.0000 -14.324938
2925.5000 -14.254955
2927.0000 -14.440986
2928.5000 -14.386238
2930.0000 -14.373909
2931.5000 -14.375516
2933.0000 -14.368209
2934.5000 -14.343114
2936.0000 -14.196141
2937.5000 -14.189196
2939.0000 -14.114176
2940.5000 -14.285029
2942.0000 -14.130167
2943.5000 -14.535004
2945.0000 -14.358562
2946.5000 -14.305236
2948.0000 -14.244764
2949.5000 -14.205248
2951.0000 -14.201167
2952.5000 -14.207170
2954.0000 -14.152692
2955.5000 -14.157198
2957.0000 -14.251998
2958.5000 -14.446853
2960.0000 -14.367269
2961.5000 -14.398753
2963.0000 -14.614216
2964.5000 -14.664623
2966.0000 -14.693211
2967.5000 -14.608351
2969.0000 -14.768763
2970.5000 -14.725110
2972.0000 -14.794560
2973.5000 -14.825433
2975.0000 -15.148383
2976.5000 -15.393413
2978.0000 -15.604353
2979.5000 -15.823764
2981.0000 -16.024679
2982.5000 -16.005201
2984.0000 -16.106787
2985.5000 -16.128126
2987.0000 -15.934377
2988.5000 -15.867911
2990.0000 -16.165504
2991.5000 -17.011730
2993.0000 -16.763189
2994.5000 -16.497326
2996.0000 -16.219265
2997.5000 -15.927382
2999.0000 -15.960654
3000.0000 -16.126980
3001.5000 -16.093742
3003.0000 -15.762461
3004.5000 -15.508242
3006.0000 -15.773752
3007.5000 -15.667463
3009.0000 -15.479097
3010.5000 -15.510378
3012.0000 -14.981830
3013.5000 -16.696768
3015.0000 -23.418438
3016.5000 -28.288689
3018.0000 -23.319324
3019.5000 -16.095438
3021.0000 -10.174687
3022.5000 -8.1329956
3024.0000 -6.9808803
3025.5000 -6.0346713
3027.0000 -5.8177271
3028.5000 -7.6657748
3030.0000 -7.7461309
3031.5000 -7.8800831
3033.0000 -6.9052844
3034.5000 -5.5205693
3036.0000 -6.1585460
3037.5000 -6.6028419
3039.0000 -5.6538477
3040.5000 -5.0054660
3042.0000 -4.4754906
3043.5000 -4.2744074
3045.0000 -4.2059016
3046.5000 -4.1552691
3048.0000 -4.1084466
3049.5000 -4.0736332
3051.0000 -4.0439773
3052.5000 -4.0111518
3054.0000 -3.9829388
3055.5000 -3.9751201
3057.0000 -3.9620702
3058.5000 -3.9433711
3060.0000 -3.9269021
3061.5000 -3.9040189
3063.0000 -3.8724947
3064.5000 -3.8432164
3066.0000 -3.8201582
3067.5000 -3.8023429
3069.0000 -3.7801499
3070.5000 -3.7531831
3072.0000 -3.7291446
3073.5000 -3.7148597
3075.0000 -3.7012751
3076.5000 -3.6844659
3078.0000 -3.6686642
3079.5000 -3.6563809
3081.0000 -3.6452582
3082.5000 -3.6351247
3084.0000 -3.6254179
3085.5000 -3.6219339
3087.0000 -3.6218996
3088.5000 -3.6193712
3090.0000 -3.6079574
3091.5000 -3.5933399
3093.0000 -3.5811772
3094.5000 -3.5712814
3096.0000 -3.5645850
3097.5000 -3.5615921
3099.0000 -3.5668006
3100.5000 -3.5796022
3102.0000 -3.5873775
3103.5000 -3.5891972
3105.0000 -3.5945494
3106.5000 -3.6081305
3108.0000 -3.6103761
3109.5000 -3.6101432
3111.0000 -3.6330023
3112.5000 -3.6519387
3114.0000 -3.6889510
3115.5000 -3.7344122
3117.0000 -3.7784882
3118.5000 -3.8147590
3120.0000 -3.8488986
3121.5000 -3.8690102
3123.0000 -3.9006217
3124.5000 -3.9482350
3126.0000 -3.9791458
3127.5000 -4.0173512
3129.0000 -4.0689034
3130.5000 -4.0943222
3132.0000 -4.1309919
3133.5000 -4.1779890
3135.0000 -4.1975775
3136.5000 -4.2332258
3138.0000 -4.2918401
3139.5000 -4.3102250
3141.0000 -4.3511977
3142.5000 -4.4162951
3144.0000 -4.7266707
3145.5000 -5.1198726
3147.0000 -4.8269691
3148.5000 -4.9953108
3150.0000 -5.0063162
3151.5000 -4.7152619
3153.0000 -4.8298244
3154.5000 -4.7285452
3156.0000 -4.7356687
3157.5000 -4.8185396
3159.0000 -4.7475586
3160.5000 -4.6711469
3162.0000 -4.6479964
3163.5000 -4.6887698
3165.0000 -4.5393314
3166.5000 -4.3727145
3168.0000 -4.4992700
3169.5000 -4.6117110
3171.0000 -4.5341640
3172.5000 -4.3335285
3174.0000 -4.4104218
3175.5000 -4.5654883
3177.0000 -4.4487991
3178.5000 -4.3643823
3180.0000 -4.4273429
3181.5000 -4.5347400
3183.0000 -4.4272647
3184.5000 -4.2501545
3186.0000 -4.4927588
3187.5000 -4.5417829
3189.0000 -4.3360143
3190.5000 -4.3720384
3192.0000 -4.5569048
3193.5000 -4.5143991
3195.0000 -4.5276942
3196.5000 -4.3562994
3198.0000 -5.0340533
3199.5000 -4.4992914
3201.0000 -4.5324922
3202.5000 -4.6144586
3204.0000 -4.5710273
3205.5000 -4.6425171
3207.0000 -4.4751248
3208.5000 -4.6231623
3210.0000 -4.7420917
3211.5000 -4.5048642
3213.0000 -4.3926053
3214.5000 -4.6151056
3216.0000 -4.5022764
3217.5000 -4.6359806
3219.0000 -4.5714216
3220.5000 -4.8911343
3222.0000 -4.9302182
3223.5000 -4.9344378
3225.0000 -4.7367845
3226.5000 -4.9100990
3228.0000 -4.8804412
3229.5000 -4.8583245
3231.0000 -4.8779354
3232.5000 -4.9915824
3234.0000 -4.9178109
3235.5000 -4.8533106
3237.0000 -4.9016700
3238.5000 -4.9562740
3240.0000 -4.9145026
3241.5000 -4.9483137
3243.0000 -5.0927377
3244.5000 -5.1083565
3246.0000 -5.1308136
3247.5000 -5.2085910
3249.0000 -5.3411169
3250.5000 -5.3517175
3252.0000 -5.3397179
3253.5000 -5.4180341
3255.0000 -5.5392094
3256.5000 -5.5222359
3258.0000 -5.5015397
3259.5000 -5.5567770
3261.0000 -5.6014962
3262.5000 -5.5784097
3264.0000 -5.5791650
3265.5000 -5.6415906
3267.0000 -5.6976514
3268.5000 -5.7274384
3270.0000 -6.0686412
3271.5000 -6.4297042
3273.0000 -6.4807768
3274.5000 -6.7005954
3276.0000 -7.1773376
3277.5000 -7.3864794
3279.0000 -7.5150061
3280.5000 -7.5698423
3282.0000 -7.8766527
3283.5000 -8.3835115
3285.0000 -8.6614161
3286.5000 -9.1995964
3288.0000 -9.3537312
3289.5000 -9.2473755
3291.0000 -8.8945427
3292.5000 -8.8186483
3294.0000 -8.9002485
3295.5000 -9.0271502
3297.0000 -9.1756210
3298.5000 -9.2203169
3300.0000 -9.2491674
3301.5000 -9.4048996
3303.0000 -9.6277399
3304.5000 -9.5498905
3306.0000 -9.2672596
3307.5000 -9.2832756
3309.0000 -9.5582914
3310.5000 -9.6700735
3312.0000 -9.4217091
3313.5000 -9.7056932
3315.0000 -9.3852882
3316.5000 -9.3519077
3318.0000 -9.2689800
3319.5000 -9.6452217
3321.0000 -9.6675701
3322.5000 -9.8259697
3324.0000 -9.8069096
3325.5000 -9.6926079
3327.0000 -9.5427151
3328.5000 -9.5852003
3330.0000 -9.6113091
3331.5000 -9.6850529
3333.0000 -9.7919531
3334.5000 -9.8759232
3336.0000 -9.6954918
3337.5000 -9.8511992
3339.0000 -9.9642878
3340.5000 -9.7746077
3342.0000 -9.4717445
3343.5000 -9.3876820
3345.0000 -9.5388041
3346.5000 -9.8698950
3348.0000 -9.9993906
3349.5000 -9.9665165
3351.0000 -9.9418077
3352.5000 -9.7299471
3354.0000 -9.6677055
3355.5000 -9.8156824
3357.0000 -9.9688568
3358.5000 -9.8949089
3360.0000 -9.8916826
3361.5000 -9.8482122
3363.0000 -9.9097281
3364.5000 -9.9554815
3366.0000 -10.061581
3367.5000 -10.119769
3369.0000 -9.9733477
3370.5000 -9.9043474
3372.0000 -10.040586
3373.5000 -9.9275026
3375.0000 -9.9099970
3376.5000 -10.026467
3378.0000 -10.051256
3379.5000 -10.130600
3381.0000 -10.019821
3382.5000 -9.9263926
3384.0000 -9.9244604
3385.5000 -9.9307833
3387.0000 -9.9857216
3388.5000 -9.9913235
3390.0000 -9.9767151
3391.5000 -9.9573174
3393.0000 -10.005376
3394.5000 -9.9586763
3396.0000 -9.9038687
3397.5000 -10.020716
3399.0000 -10.132794
3400.5000 -10.151329
3402.0000 -10.119485
3403.5000 -10.047758
3405.0000 -9.9818735
3406.5000 -10.093273
3408.0000 -10.212537
3409.5000 -9.9834051
3411.0000 -10.273066
3412.5000 -10.324739
3414.0000 -10.376301
3415.5000 -10.358744
3417.0000 -10.507033
3418.5000 -10.227334
3420.0000 -10.601509
3421.5000 -10.295588
3423.0000 -10.694467
3424.5000 -10.386340
3426.0000 -10.417871
3427.5000 -10.635676
3429.0000 -10.715437
3430.5000 -10.491842
3432.0000 -10.477941
3433.5000 -10.484624
3435.0000 -10.850907
3436.5000 -10.879995
3438.0000 -10.515892
3439.5000 -10.649258
3441.0000 -10.642741
3442.5000 -10.721110
3444.0000 -10.615196
3445.5000 -10.636330
3447.0000 -10.829171
3448.5000 -10.833593
3450.0000 -10.826487
3451.5000 -10.871049
3453.0000 -11.000838
3454.5000 -10.952693
3456.0000 -11.031468
3457.5000 -11.077083
3459.0000 -11.124844
3460.5000 -11.026643
3462.0000 -11.102828
3463.5000 -11.258945
3465.0000 -11.445404
3466.5000 -11.516714
3468.0000 -11.778701
3469.5000 -11.892869
3471.0000 -12.284770
3472.5000 -12.522776
3474.0000 -12.867987
3475.5000 -13.070860
3477.0000 -12.940816
3478.5000 -12.765825
3480.0000 -12.607286
3481.5000 -12.529500
3483.0000 -12.596691
3484.5000 -12.689516
3486.0000 -12.752954
3487.5000 -12.927660
3489.0000 -12.775991
3490.5000 -12.588826
3492.0000 -12.703144
3493.5000 -13.171546
3495.0000 -13.272718
3496.5000 -13.285358
3498.0000 -13.142945
3499.5000 -13.412228
3501.0000 -13.543218
3502.5000 -13.514646
3504.0000 -13.839186
3505.5000 -14.168783
3507.0000 -14.259420
3508.5000 -14.221252
3510.0000 -14.235096
3511.5000 -14.296033
3513.0000 -14.141855
3514.5000 -14.094455
3516.0000 -14.264935
3517.5000 -14.195977
3519.0000 -14.367864
3520.5000 -14.306153
3522.0000 -14.458982
3523.5000 -14.623183
3525.0000 -14.574430
3526.5000 -14.546774
3528.0000 -14.780297
3529.5000 -14.794344
3531.0000 -14.654318
3532.5000 -14.679719
3534.0000 -14.770314
3535.5000 -14.896004
3537.0000 -14.862079
3538.5000 -14.824012
3540.0000 -14.838330
3541.5000 -14.941124
3543.0000 -15.003707
3544.5000 -14.958866
3546.0000 -14.941147
3547.5000 -14.987746
3549.0000 -15.057718
3550.5000 -15.030987
3552.0000 -15.009209
3553.5000 -15.016029
3555.0000 -15.103686
3556.5000 -15.060169
3558.0000 -14.981271
3559.5000 -14.929834
3561.0000 -15.056402
3562.5000 -15.186048
3564.0000 -15.193873
3565.5000 -15.248833
3567.0000 -15.299212
3568.5000 -15.254700
3570.0000 -15.041082
3571.5000 -14.996764
3573.0000 -15.009873
3574.5000 -14.980117
3576.0000 -14.991569
3577.5000 -14.995408
3579.0000 -15.005203
3580.5000 -15.093697
3582.0000 -15.195441
3583.5000 -15.147922
3585.0000 -15.115908
3586.5000 -15.252976
3588.0000 -15.094888
3589.5000 -14.442756
3591.0000 -14.246935
3592.5000 -14.337459
3594.0000 -14.635412
3595.5000 -14.877459
3597.0000 -14.822613
3598.5000 -14.709149
3600.0000 -14.476020
3601.5000 -14.524907
3603.0000 -14.595023
3604.5000 -14.733508
3606.0000 -14.661887
3607.5000 -14.672041
3609.0000 -14.436099
3610.5000 -14.498983
3612.0000 -14.731079
3613.5000 -14.729948
3615.0000 -14.826465
3616.5000 -14.589565
3618.0000 -14.596369
3619.5000 -14.754900
3621.0000 -14.701775
3622.5000 -14.867013
3624.0000 -14.661852
3625.5000 -14.550116
3627.0000 -14.645061
3628.5000 -14.639096
3630.0000 -14.841481
3631.5000 -14.680547
3633.0000 -14.633940
3634.5000 -14.670466
3636.0000 -14.586276
3637.5000 -14.824079
3639.0000 -14.707338
3640.5000 -14.649134
3642.0000 -14.705594
3643.5000 -14.644115
3645.0000 -14.815854
3646.5000 -14.716062
3648.0000 -14.688748
3649.5000 -14.741401
3651.0000 -14.623302
3652.5000 -14.820796
3654.0000 -14.725394
3655.5000 -14.726561
3657.0000 -14.813298
3658.5000 -14.723368
3660.0000 -14.910884
3661.5000 -14.760694
3663.0000 -14.788454
3664.5000 -14.736398
3666.0000 -14.718910
3667.5000 -14.755039
3669.0000 -14.777461
3670.5000 -14.805233
3672.0000 -14.766927
3673.5000 -14.760395
3675.0000 -14.770050
3676.5000 -14.806873
3678.0000 -14.822337
3679.5000 -14.782746
3681.0000 -14.799542
3682.5000 -14.816904
3684.0000 -14.831511
3685.5000 -14.842552
3687.0000 -14.838778
3688.5000 -14.854714
3690.0000 -14.868812
3691.5000 -14.873146
3693.0000 -14.862659
3694.5000 -14.867417
3696.0000 -14.885383
3697.5000 -14.895587
3699.0000 -14.902449
3700.5000 -14.891471
3702.0000 -14.901679
3703.5000 -14.909186
3705.0000 -14.914092
3706.5000 -14.915251
3708.0000 -14.926151
3709.5000 -14.932303
3711.0000 -14.917780
3712.5000 -14.902853
3714.0000 -14.887493
3715.5000 -14.896654
3717.0000 -14.905873
3718.5000 -14.897282
3720.0000 -14.865752
3721.5000 -14.883732
3723.0000 -14.826471
3724.5000 -14.784571
3726.0000 -14.741873
3727.5000 -14.728734
3729.0000 -14.769027
3730.5000 -14.768159
3732.0000 -14.806638
3733.5000 -14.823483
3735.0000 -14.870681
3736.5000 -14.898892
3738.0000 -14.894238
3739.5000 -14.885262
3741.0000 -14.872254
3742.5000 -14.866274
3744.0000 -14.862271
3745.5000 -14.863945
3747.0000 -14.893372
3748.5000 -14.917582
3750.0000 -14.923323
3751.5000 -14.910416
3753.0000 -14.891479
3754.5000 -14.887187
3756.0000 -14.897370
3757.5000 -14.905324
3759.0000 -14.917891
3760.5000 -14.939754
3762.0000 -14.945570
3763.5000 -14.922624
3765.0000 -14.889439
3766.5000 -14.872358
3768.0000 -14.898595
3769.5000 -14.935869
3771.0000 -14.977987
3772.5000 -14.977509
3774.0000 -14.976890
3775.5000 -14.990117
3777.0000 -14.931724
3778.5000 -14.918587
3780.0000 -14.823252
3781.5000 -14.829180
3783.0000 -14.543018
3784.5000 -14.338647
3786.0000 -13.837640
3787.5000 -13.191957
3789.0000 -12.972343
3790.5000 -12.637976
3792.0000 -12.172270
3793.5000 -11.909687
3795.0000 -12.267406
3796.5000 -12.954159
3798.0000 -12.391743
3799.5000 -12.048863
3801.0000 -11.858724
3802.5000 -12.213464
3804.0000 -12.713647
3805.5000 -12.544750
3807.0000 -12.289371
3808.5000 -12.265788
3810.0000 -11.773980
3811.5000 -11.751987
3813.0000 -12.078989
3814.5000 -12.292600
3816.0000 -12.598365
3817.5000 -12.705519
3819.0000 -12.766417
3820.5000 -12.678535
3822.0000 -12.399586
3823.5000 -12.210919
3825.0000 -12.360884
3826.5000 -12.687934
3828.0000 -13.017550
3829.5000 -13.182894
3831.0000 -13.204626
3832.5000 -13.052271
3834.0000 -12.699501
3835.5000 -12.407714
3837.0000 -13.004413
3838.5000 -13.016793
3840.0000 -12.485112
3841.5000 -12.836577
3843.0000 -13.178064
3844.5000 -13.388715
3846.0000 -13.649629
3847.5000 -13.468277
3849.0000 -12.916569
3850.5000 -13.527692
3852.0000 -13.779454
3853.5000 -13.438770
3855.0000 -13.016861
3856.5000 -13.080116
3858.0000 -13.457274
3859.5000 -13.461502
3861.0000 -13.417991
3862.5000 -13.732992
3864.0000 -13.659464
3865.5000 -13.489074
3867.0000 -13.538128
3868.5000 -13.028393
3870.0000 -12.953969
3871.5000 -13.404586
3873.0000 -13.615130
3874.5000 -13.714074
3876.0000 -13.419289
3877.5000 -13.294678
3879.0000 -13.133646
3880.5000 -12.831476
3882.0000 -12.751508
3883.5000 -12.319783
3885.0000 -11.664981
3886.5000 -11.586989
3888.0000 -12.035953
3889.5000 -12.452923
3891.0000 -12.499466
3892.5000 -12.526170
3894.0000 -12.657123
3895.5000 -12.878156
3897.0000 -12.729100
3898.5000 -12.733476
3900.0000 -12.704156
3901.5000 -12.484227
3903.0000 -12.575281
3904.5000 -12.595387
3906.0000 -12.656077
3907.5000 -12.608622
3909.0000 -12.268444
3910.5000 -11.746978
3912.0000 -11.502271
3913.5000 -11.476146
3915.0000 -11.634051
3916.5000 -11.961126
3918.0000 -12.143359
3919.5000 -12.276120
3921.0000 -12.154028
3922.5000 -12.168705
3924.0000 -12.073113
3925.5000 -11.847889
3927.0000 -11.869379
3928.5000 -11.848125
3930.0000 -11.836967
3931.5000 -12.020187
3933.0000 -12.010482
3934.5000 -12.181079
3936.0000 -12.575242
3937.5000 -12.510555
3939.0000 -12.270108
3940.5000 -12.198815
3942.0000 -12.237420
3943.5000 -12.271901
3945.0000 -12.316275
3946.5000 -12.410783
3948.0000 -12.397122
3949.5000 -12.372481
3951.0000 -12.455085
3952.5000 -12.444951
3954.0000 -12.339478
3955.5000 -12.369416
3957.0000 -12.184328
3958.5000 -12.298866
3960.0000 -12.275034
3961.5000 -12.435419
3963.0000 -12.765603
3964.5000 -12.829513
3966.0000 -12.931050
3967.5000 -13.037833
3969.0000 -13.077972
3970.5000 -13.247970
3972.0000 -13.163432
3973.5000 -13.078348
3975.0000 -13.016223
3976.5000 -13.022293
3978.0000 -12.930419
3979.5000 -13.040541
3981.0000 -13.011741
3982.5000 -12.941470
3984.0000 -13.253406
3985.5000 -13.164000
3987.0000 -13.168773
3988.5000 -13.351824
3990.0000 -13.276594
3991.5000 -13.168228
3993.0000 -13.200177
3994.5000 -13.172108
3996.0000 -13.196747
3997.5000 -13.187713
3999.0000 -13.196246
4000.5000 -13.261078
4002.0000 -13.294910
4003.5000 -13.289052
4005.0000 -13.315977
4006.5000 -13.285126
4008.0000 -13.251698
4009.5000 -13.206634
4011.0000 -13.258316
4012.5000 -13.340472
4014.0000 -13.455483
4015.5000 -13.397581
4017.0000 -13.369946
4018.5000 -13.508780
4020.0000 -13.320329
4021.5000 -13.478803
4023.0000 -13.554365
4024.5000 -13.559499
4026.0000 -13.499946
4027.5000 -13.462890
4029.0000 -13.440023
4030.5000 -13.452550
4032.0000 -13.359788
4033.5000 -13.575348
4035.0000 -13.359884
4036.5000 -13.387719
4038.0000 -13.483289
4039.5000 -13.576373
4041.0000 -13.592558
4042.5000 -13.531816
4044.0000 -13.492667
4045.5000 -13.497176
4047.0000 -13.492577
4048.5000 -13.480235
4050.0000 -13.444174
4051.5000 -13.438084
4053.0000 -13.414245
4054.5000 -13.444703
4056.0000 -13.534334
4057.5000 -13.590294
4059.0000 -13.576099
4060.5000 -13.543674
4062.0000 -13.535677
4063.5000 -13.528828
4065.0000 -13.504775
4066.5000 -13.494139
4068.0000 -13.446672
4069.5000 -13.451667
4071.0000 -13.483332
4072.5000 -13.521928
4074.0000 -13.579854
4075.5000 -13.635967
4077.0000 -13.604664
4078.5000 -13.496331
4080.0000 -13.444164
4081.5000 -13.410078
4083.0000 -13.387455
4084.5000 -13.410325
4086.0000 -13.381020
4087.5000 -13.360929
4089.0000 -13.414275
4090.5000 -13.501891
4092.0000 -13.543611
4093.5000 -13.539218
4095.0000 -13.522184
4096.5000 -13.526761
4098.0000 -13.474058
4099.5000 -13.476110
4101.0000 -13.491623
4102.5000 -13.567410
4104.0000 -13.460845
4105.5000 -13.487920
4107.0000 -13.614808
4108.5000 -13.878399
4110.0000 -13.628119
4111.5000 -13.644094
4113.0000 -13.526420
4114.5000 -13.613873
4116.0000 -13.463418
4117.5000 -13.442075
4119.0000 -13.379786
4120.5000 -13.390453
4122.0000 -13.437016
4123.5000 -13.508133
4125.0000 -13.617859
4126.5000 -13.686369
4128.0000 -13.635313
4129.5000 -13.656689
4131.0000 -13.574367
4132.5000 -13.587192
4134.0000 -13.637277
4135.5000 -13.580907
4137.0000 -13.525449
4138.5000 -13.504362
4140.0000 -13.532185
4141.5000 -13.571797
4143.0000 -13.661043
4144.5000 -13.598750
4146.0000 -13.548067
4147.5000 -13.484333
4149.0000 -13.428502
4150.5000 -13.597250
4152.0000 -13.565957
4153.5000 -13.534122
4155.0000 -13.478295
4156.5000 -13.438691
4158.0000 -13.467750
4159.5000 -13.566952
4161.0000 -13.578611
4162.5000 -13.620163
4164.0000 -13.558380
4165.5000 -13.442369
4167.0000 -13.551289
4168.5000 -13.615739
4170.0000 -13.726884
4171.5000 -13.714005
4173.0000 -13.683232
4174.5000 -13.622474
4176.0000 -13.650946
4177.5000 -13.704263
4179.0000 -13.789202
4180.5000 -13.742513
4182.0000 -13.781003
4183.5000 -13.762544
4185.0000 -13.811103
4186.5000 -13.844452
4188.0000 -13.867271
4189.5000 -13.878453
4191.0000 -13.903850
4192.5000 -13.967382
4194.0000 -13.941942
4195.5000 -13.904545
4197.0000 -14.055523
4198.5000 -13.995557
4200.0000 -13.846230
4201.5000 -13.950722
4203.0000 -14.006593
4204.5000 -14.074720
4206.0000 -14.102834
4207.5000 -14.037282
4209.0000 -14.134664
4210.5000 -14.137839
4212.0000 -14.247082
4213.5000 -14.266872
4215.0000 -14.115312
4216.5000 -14.083150
4218.0000 -14.215835
4219.5000 -14.305982
4221.0000 -14.295500
4222.5000 -14.313342
4224.0000 -14.281561
4225.5000 -14.283002
4227.0000 -14.390120
4228.5000 -14.437164
4230.0000 -14.510586
4231.5000 -14.517064
4233.0000 -14.623293
4234.5000 -14.594242
4236.0000 -14.585781
4237.5000 -14.548868
4239.0000 -14.541336
4240.5000 -14.580370
4242.0000 -14.551746
4243.5000 -14.574646
4245.0000 -14.632342
4246.5000 -14.741167
4248.0000 -14.788703
4249.5000 -14.818371
4251.0000 -14.797725
4252.5000 -14.746889
4254.0000 -14.799693
4255.5000 -14.744200
4257.0000 -14.736693
4258.5000 -14.708442
4260.0000 -14.744290
4261.5000 -14.780590
4263.0000 -14.847565
4264.5000 -14.873226
4266.0000 -14.911265
4267.5000 -14.905701
4269.0000 -14.944032
4270.5000 -14.924160
4272.0000 -14.907892
4273.5000 -14.904129
4275.0000 -14.918254
4276.5000 -14.892399
4278.0000 -14.908150
4279.5000 -14.936450
4281.0000 -15.009408
4282.5000 -15.035035
4284.0000 -15.062026
4285.5000 -15.048897
4287.0000 -15.092985
4288.5000 -15.011304
4290.0000 -15.049840
4291.5000 -14.990759
4293.0000 -15.009968
4294.5000 -14.997712
4296.0000 -15.052390
4297.5000 -15.070434
4299.0000 -15.044349
4300.5000 -15.101009
4302.0000 -15.133199
4303.5000 -15.070576
4305.0000 -15.042636
4306.5000 -15.022710
4308.0000 -15.001045
4309.5000 -15.002226
4311.0000 -14.991209
4312.5000 -15.002769
4314.0000 -15.063676
4315.5000 -15.080638
4317.0000 -15.091776
4318.5000 -15.106748
4320.0000 -15.147648
4321.5000 -15.065401
4323.0000 -15.090966
4324.5000 -15.070344
4326.0000 -15.013605
4327.5000 -14.979283
4329.0000 -14.993488
4330.5000 -15.056029
4332.0000 -15.087543
4333.5000 -15.087031
4335.0000 -15.103055
4336.5000 -15.125711
4338.0000 -15.097402
4339.5000 -15.054719
4341.0000 -15.100402
4342.5000 -15.046391
4344.0000 -15.010015
4345.5000 -15.018971
4347.0000 -15.038737
4348.5000 -15.055205
4350.0000 -15.109324
4351.5000 -15.103137
4353.0000 -15.114106
4354.5000 -15.171424
4356.0000 -15.103830
4357.5000 -15.129874
4359.0000 -15.079744
4360.5000 -15.053466
4362.0000 -14.938441
4363.5000 -14.955530
4365.0000 -14.954765
4366.5000 -14.994592
4368.0000 -14.998919
4369.5000 -15.045739
4371.0000 -15.138494
4372.5000 -14.989845
4374.0000 -15.035589
4375.5000 -15.052362
4377.0000 -14.975612
4378.5000 -14.962544
4380.0000 -15.011070
4381.5000 -15.027801
4383.0000 -14.968098
4384.5000 -14.993786
4386.0000 -15.028693
4387.5000 -15.047504
4389.0000 -15.012399
4390.5000 -15.025542
4392.0000 -15.061550
4393.5000 -14.967861
4395.0000 -14.953885
4396.5000 -14.929564
4398.0000 -14.930672
4399.5000 -14.943245
4401.0000 -14.974034
4402.5000 -14.997833
4404.0000 -15.025548
4405.5000 -15.093610
4407.0000 -14.981122
4408.5000 -15.009629
4410.0000 -15.009731
4411.5000 -14.936955
4413.0000 -14.934445
4414.5000 -14.917016
4416.0000 -14.916469
4417.5000 -14.951292
4419.0000 -14.957897
4420.5000 -15.063190
4422.0000 -15.018558
4423.5000 -14.952713
4425.0000 -15.048272
4426.5000 -14.962542
4428.0000 -14.940729
4429.5000 -14.918588
4431.0000 -14.907741
4432.5000 -14.884067
4434.0000 -14.914276
4435.5000 -14.937168
4437.0000 -14.963527
4438.5000 -15.047182
4440.0000 -14.956609
4441.5000 -14.963862
4443.0000 -15.014292
4444.5000 -14.933135
4446.0000 -14.904957
4447.5000 -14.897996
4449.0000 -14.888421
4450.5000 -14.880950
4452.0000 -14.920970
4453.5000 -14.938100
4455.0000 -14.970010
4456.5000 -15.069310
4458.0000 -14.932106
4459.5000 -14.974472
4461.0000 -15.017394
4462.5000 -14.906615
4464.0000 -14.896672
4465.5000 -14.881665
4467.0000 -14.873484
4468.5000 -14.895670
4470.0000 -14.919683
4471.5000 -14.951182
4473.0000 -14.981358
4474.5000 -14.980206
4476.0000 -14.999039
4477.5000 -15.014651
4479.0000 -14.961764
4480.5000 -14.997099
4482.0000 -14.928706
4483.5000 -14.899979
4485.0000 -14.900670
4486.5000 -14.912606
4488.0000 -14.919141
4489.5000 -14.944721
4491.0000 -14.948247
4492.5000 -14.961109
4494.0000 -15.056508
4495.5000 -14.905464
4497.0000 -14.952462
4498.5000 -14.989264
4500.0000 -14.883179
4501.5000 -14.876112
4503.0000 -14.878238
4504.5000 -14.904037
4506.0000 -14.911756
4507.5000 -14.935191
4509.0000 -14.941254
4510.5000 -14.971488
4512.0000 -14.935521
4513.5000 -14.961237
4515.0000 -14.941799
4516.5000 -14.958421
4518.0000 -14.954731
4519.5000 -14.966088
4521.0000 -14.980660
4522.5000 -15.009364
4524.0000 -15.056543
4525.5000 -15.043773
4527.0000 -15.037220
4528.5000 -15.077745
4530.0000 -15.011770
4531.5000 -14.995249
4533.0000 -14.958447
4534.5000 -14.962988
4536.0000 -14.936203
4537.5000 -14.965598
4539.0000 -14.979759
4540.5000 -15.000744
4542.0000 -15.075999
4543.5000 -15.021132
4545.0000 -15.014848
4546.5000 -15.059802
4548.0000 -14.988684
4549.5000 -14.982081
4551.0000 -14.949875
4552.5000 -14.943669
4554.0000 -14.939211
4555.5000 -14.973333
4557.0000 -14.981098
4558.5000 -15.027797
4560.0000 -15.039812
4561.5000 -15.007323
4563.0000 -15.047588
4564.5000 -15.017493
4566.0000 -14.962017
4567.5000 -14.969036
4569.0000 -14.962274
4570.5000 -14.946955
4572.0000 -14.963901
4573.5000 -14.983540
4575.0000 -15.004419
4576.5000 -15.020861
4578.0000 -15.122999
4579.5000 -14.970286
4581.0000 -15.031217
4582.5000 -15.048899
4584.0000 -14.928942
4585.5000 -14.935689
4587.0000 -14.912968
4588.5000 -15.045465
4590.0000 -14.853735
4591.5000 -14.900075
4593.0000 -14.959577
4594.5000 -15.081603
4596.0000 -15.060761
4597.5000 -15.007701
4599.0000 -14.999423
4600.5000 -15.022481
4602.0000 -14.912834
4603.5000 -14.829100
4605.0000 -14.902224
4606.5000 -14.887484
4608.0000 -14.855297
4609.5000 -15.038059
4611.0000 -14.987810
4612.5000 -14.975986
4614.0000 -15.021135
4615.5000 -14.985165
4617.0000 -14.956202
4618.5000 -14.800898
4620.0000 -14.850108
4621.5000 -14.904620
4623.0000 -14.946211
4624.5000 -14.926535
4626.0000 -15.070736
4627.5000 -15.085182
4629.0000 -15.027101
4630.5000 -14.966742
4632.0000 -14.999487
4633.5000 -14.982599
4635.0000 -15.002995
4636.5000 -15.001785
4638.0000 -15.063447
4639.5000 -15.071118
4641.0000 -14.957172
4642.5000 -14.908606
4644.0000 -14.889267
4645.5000 -14.981810
4647.0000 -14.986329
4648.5000 -15.186424
4650.0000 -14.961379
4651.5000 -14.885718
4653.0000 -14.942942
4654.5000 -14.883801
4656.0000 -14.898618
4657.5000 -14.844295
4659.0000 -14.924674
4660.5000 -14.914181
4662.0000 -14.926833
4663.5000 -14.924325
4665.0000 -14.977739
4666.5000 -14.911078
4668.0000 -14.940047
4669.5000 -14.985725
4671.0000 -14.933719
4672.5000 -14.943959
4674.0000 -14.926610
4675.5000 -14.948802
4677.0000 -14.981378
4678.5000 -15.002328
4680.0000 -15.046187
4681.5000 -15.065443
4683.0000 -15.076767
4684.5000 -15.076187
4686.0000 -15.080194
4687.5000 -15.082931
4689.0000 -15.077281
4690.5000 -15.065890
4692.0000 -15.082684
4693.5000 -15.083552
4695.0000 -15.120657
4696.5000 -15.131229
4698.0000 -15.165179
4699.5000 -15.118024
4701.0000 -15.117035
4702.5000 -15.193931
4704.0000 -15.067424
4705.5000 -15.069807
4707.0000 -15.007301
4708.5000 -15.026612
4710.0000 -14.991642
4711.5000 -15.033291
4713.0000 -15.036485
4714.5000 -15.066102
4716.0000 -15.123064
4717.5000 -15.053024
4719.0000 -15.081935
4720.5000 -15.151912
4722.0000 -15.041638
4723.5000 -15.042977
4725.0000 -14.993522
4726.5000 -15.018631
4728.0000 -14.995075
4729.5000 -15.038746
4731.0000 -15.037287
4732.5000 -15.080680
4734.0000 -15.185799
4735.5000 -15.014228
4737.0000 -15.077561
4738.5000 -15.124126
4740.0000 -15.039881
4741.5000 -15.013018
4743.0000 -15.007892
4744.5000 -15.030398
4746.0000 -15.008463
4747.5000 -15.057827
4749.0000 -15.110080
4750.5000 -15.165689
4752.0000 -15.093673
4753.5000 -15.121768
4755.0000 -15.111936
4756.5000 -14.985543
4758.0000 -15.063450
4759.5000 -15.006794
4761.0000 -15.024147
4762.5000 -15.006058
4764.0000 -15.039639
4765.5000 -15.047228
4767.0000 -15.190998
4768.5000 -15.253625
4770.0000 -15.065564
4771.5000 -15.071251
4773.0000 -15.028897
4774.5000 -15.010966
4776.0000 -15.081621
4777.5000 -15.070646
4779.0000 -15.045779
4780.5000 -15.057591
4782.0000 -14.889993
4783.5000 -14.998432
4785.0000 -15.052727
4786.5000 -14.927608
4788.0000 -14.901628
4789.5000 -14.844571
4791.0000 -14.889000
4792.5000 -14.863044
4794.0000 -15.074220
4795.5000 -14.863572
4797.0000 -14.867183
4798.5000 -14.917557
4800.0000 -15.054012
4801.5000 -14.914913
4803.0000 -14.835164
4804.5000 -14.936580
4806.0000 -14.901462
4807.5000 -14.809507
4809.0000 -14.800074
4810.5000 -14.844883
4812.0000 -14.843369
4813.5000 -14.785033
4815.0000 -14.883672
4816.5000 -14.933393
4818.0000 -14.917464
4819.5000 -14.919795
4821.0000 -14.827573
4822.5000 -14.815067
4824.0000 -14.798161
4825.5000 -14.771458
4827.0000 -14.813319
4828.5000 -14.807220
4830.0000 -14.826795
4831.5000 -14.790765
4833.0000 -14.827835
4834.5000 -14.805044
4836.0000 -14.849195
4837.5000 -14.895146
4839.0000 -15.017704
4840.5000 -14.880314
4842.0000 -14.888633
4843.5000 -14.825299
4845.0000 -14.754150
4846.5000 -14.815553
4848.0000 -14.923432
4849.5000 -14.839336
4851.0000 -14.768246
4852.5000 -14.696410
4854.0000 -14.758247
4855.5000 -14.983341
4857.0000 -14.609577
4858.5000 -14.607428
4860.0000 -14.367977
4861.5000 -14.467854
4863.0000 -14.404866
4864.5000 -14.358322
4866.0000 -14.224657
4867.5000 -14.444948
4869.0000 -14.408915
4870.5000 -14.360340
4872.0000 -14.370138
4873.5000 -14.533129
4875.0000 -14.597645
4876.5000 -14.708156
4878.0000 -14.704852
4879.5000 -14.614659
4881.0000 -14.603769
4882.5000 -14.653463
4884.0000 -14.702176
4885.5000 -14.734952
4887.0000 -14.763097
4888.5000 -14.762556
4890.0000 -14.845649
4891.5000 -14.892725
4893.0000 -14.924669
4894.5000 -14.799223
4896.0000 -14.744031
4897.5000 -14.719939
4899.0000 -14.707011
4900.5000 -14.841909
4902.0000 -14.808402
4903.5000 -14.903101
4905.0000 -14.832108
4906.5000 -14.893583
4908.0000 -14.775327
4909.5000 -14.827386
4911.0000 -14.879041
4912.5000 -14.867116
4914.0000 -14.895555
4915.5000 -14.869182
4917.0000 -14.856712
4918.5000 -14.858650
4920.0000 -14.698504
4921.5000 -14.803496
4923.0000 -14.891411
4924.5000 -14.897856
4926.0000 -14.816179
4927.5000 -14.746676
4929.0000 -14.627665
4930.5000 -14.579862
4932.0000 -14.707472
4933.5000 -14.626902
4935.0000 -14.608716
4936.5000 -14.741617
4938.0000 -14.782110
4939.5000 -14.766215
4941.0000 -14.834595
4942.5000 -14.793864
4944.0000 -14.817104
4945.5000 -14.865866
4947.0000 -14.833934
4948.5000 -14.829167
4950.0000 -14.775914
4951.5000 -14.777748
4953.0000 -14.804309
4954.5000 -14.882830
4956.0000 -14.897730
4957.5000 -14.888017
4959.0000 -14.946300
4960.5000 -14.921447
4962.0000 -14.904176
4963.5000 -14.913095
4965.0000 -14.924735
4966.5000 -14.844565
4968.0000 -14.930237
4969.5000 -14.977428
4971.0000 -14.995456
4972.5000 -14.953515
4974.0000 -14.826175
4975.5000 -14.836849
4977.0000 -14.923846
4978.5000 -14.898135
4980.0000 -14.870578
4981.5000 -14.865503
4983.0000 -14.954271
4984.5000 -14.930981
4986.0000 -14.907043
4987.5000 -14.897501
4989.0000 -14.919203
4990.5000 -14.944863
4992.0000 -14.907990
4993.5000 -14.944310
4995.0000 -14.912950
4996.5000 -14.948302
4998.0000 -15.026181
4999.5000 -14.919353
5001.0000 -14.920103
5002.5000 -14.918923
5004.0000 -14.943783
5005.5000 -14.941228
5007.0000 -14.984093
5008.5000 -14.959418
5010.0000 -15.000164
5011.5000 -15.114511
5013.0000 -14.982480
5014.5000 -15.017043
5016.0000 -15.088933
5017.5000 -15.044211
5019.0000 -15.037149
5020.5000 -14.974443
5022.0000 -15.045988
5023.5000 -15.047810
5025.0000 -15.062036
5026.5000 -15.080504
5028.0000 -15.096346
5029.5000 -15.084967
5031.0000 -15.118765
5032.5000 -15.104378
5034.0000 -15.142544
5035.5000 -15.139441
5037.0000 -15.182070
5038.5000 -15.130278
5040.0000 -15.150122
5041.5000 -15.188633
5043.0000 -15.225104
5044.5000 -15.234435
5046.0000 -15.206505
5047.5000 -15.247910
5049.0000 -15.224268
5050.5000 -15.183938
5052.0000 -15.235094
5053.5000 -15.146382
5055.0000 -15.184210
5056.5000 -15.222355
5058.0000 -15.205503
5059.5000 -15.230431
5061.0000 -15.260203
5062.5000 -15.272210
5064.0000 -15.262281
5065.5000 -15.221633
5067.0000 -15.269032
5068.5000 -15.238880
5070.0000 -15.243542
5071.5000 -15.224835
5073.0000 -15.228603
5074.5000 -15.171858
5076.0000 -15.134192
5077.5000 -15.174750
5079.0000 -15.273697
5080.5000 -15.294073
5082.0000 -15.296499
5083.5000 -15.289778
5085.0000 -15.203860
5086.5000 -15.334599
5088.0000 -15.177452
5089.5000 -15.235108
5091.0000 -15.212775
5092.5000 -15.206098
5094.0000 -15.247135
5095.5000 -15.080936
5097.0000 -15.172914
5098.5000 -15.157203
5100.0000 -15.173814
5101.5000 -15.196702
5103.0000 -15.164506
5104.5000 -15.180363
5106.0000 -15.123405
5107.5000 -15.084601
5109.0000 -15.011717
5110.5000 -14.951254
5112.0000 -14.978380
5113.5000 -15.161464
5115.0000 -15.253513
5116.5000 -15.101445
5118.0000 -15.080337
5119.5000 -15.142414
5121.0000 -14.994241
5122.5000 -14.871994
5124.0000 -14.892321
5125.5000 -15.008346
5127.0000 -15.110116
5128.5000 -15.041698
5130.0000 -15.006671
5131.5000 -14.838873
5133.0000 -14.866261
5134.5000 -14.988234
5136.0000 -15.037188
5137.5000 -14.952912
5139.0000 -14.985773
5140.5000 -14.941140
5142.0000 -14.776750
5143.5000 -14.691487
5145.0000 -14.731488
5146.5000 -14.857373
5148.0000 -14.927150
5149.5000 -14.884922
5151.0000 -14.708809
5152.5000 -14.675042
5154.0000 -14.752423
5155.5000 -14.820773
5157.0000 -14.935876
5158.5000 -14.961906
5160.0000 -14.991960
5161.5000 -14.940822
5163.0000 -14.787067
5164.5000 -14.782208
5166.0000 -14.854604
5167.5000 -14.990341
5169.0000 -15.097688
5170.5000 -15.023935
5172.0000 -14.868654
5173.5000 -14.699086
5175.0000 -14.700372
5176.5000 -14.733430
5178.0000 -14.776977
5179.5000 -14.804969
5181.0000 -14.835682
5182.5000 -14.711399
5184.0000 -14.691748
5185.5000 -14.727009
5187.0000 -14.817010
5188.5000 -15.046147
5190.0000 -15.000781
5191.5000 -14.874167
5193.0000 -14.645315
5194.5000 -14.875420
5196.0000 -14.858204
5197.5000 -14.910723
5199.0000 -14.869252
5200.5000 -14.873317
5202.0000 -14.880630
5203.5000 -14.953963
5205.0000 -15.043219
5206.5000 -14.995310
5208.0000 -15.006194
5209.5000 -15.030025
5211.0000 -15.006984
5212.5000 -15.021588
5214.0000 -15.021891
5215.5000 -15.035931
5217.0000 -15.052828
5218.5000 -15.098427
5220.0000 -15.200051
5221.5000 -15.067467
5223.0000 -15.156054
5224.5000 -15.142162
5226.0000 -15.111227
5227.5000 -15.154055
5229.0000 -15.125210
5230.5000 -15.100278
5232.0000 -15.082577
5233.5000 -15.096627
5235.0000 -15.114964
5236.5000 -15.157384
5238.0000 -15.078243
5239.5000 -14.960245
5241.0000 -15.102161
5242.5000 -15.031564
5244.0000 -14.952336
5245.5000 -14.941362
5247.0000 -14.917615
5248.5000 -14.835534
5250.0000 -14.826391
5251.5000 -14.873239
5253.0000 -14.916504
5254.5000 -14.945555
5256.0000 -14.920520
5257.5000 -14.911719
5259.0000 -14.918463
5260.5000 -14.936634
5262.0000 -14.950977
5263.5000 -14.941344
5265.0000 -14.950659
5266.5000 -14.955016
5268.0000 -14.972638
5269.5000 -14.981756
5271.0000 -15.035502
5272.5000 -15.058785
5274.0000 -15.086430
5275.5000 -15.098524
5277.0000 -15.090852
5278.5000 -15.085773
5280.0000 -15.089971
5281.5000 -15.078329
5283.0000 -15.070516
5284.5000 -15.057989
5286.0000 -15.080391
5287.5000 -15.096525
5289.0000 -15.124949
5290.5000 -15.120103
5292.0000 -15.165209
5293.5000 -15.151838
5295.0000 -15.134935
5296.5000 -15.149499
5298.0000 -15.139961
5299.5000 -15.140395
5301.0000 -15.107469
5302.5000 -15.117486
5304.0000 -15.101594
5305.5000 -15.166642
5307.0000 -15.190316
5308.5000 -15.252144
5310.0000 -15.291154
5311.5000 -15.216609
5313.0000 -15.200337
5314.5000 -15.079013
5316.0000 -15.138402
5317.5000 -15.171356
5319.0000 -15.119659
5320.5000 -15.137476
5322.0000 -15.119139
5323.5000 -15.154497
5325.0000 -15.158279
5326.5000 -15.193366
5328.0000 -15.169747
5329.5000 -15.162230
5331.0000 -15.187735
5332.5000 -15.247663
5334.0000 -15.296744
5335.5000 -15.290916
5337.0000 -15.289233
5338.5000 -15.258053
5340.0000 -15.274587
5341.5000 -15.296207
5343.0000 -15.307558
5344.5000 -15.334612
5346.0000 -15.311657
5347.5000 -15.326623
5349.0000 -15.194864
5350.5000 -15.203208
5352.0000 -15.228877
5353.5000 -15.209244
5355.0000 -15.179379
5356.5000 -15.189722
5358.0000 -15.212238
5359.5000 -15.239098
5361.0000 -15.258527
5362.5000 -15.269883
5364.0000 -15.277598
5365.5000 -15.284107
5367.0000 -15.261841
5368.5000 -15.274309
5370.0000 -15.257483
5371.5000 -15.264688
5373.0000 -15.239912
5374.5000 -15.261395
5376.0000 -15.273818
5377.5000 -15.309076
5379.0000 -15.312866
5380.5000 -15.343868
5382.0000 -15.237334
5383.5000 -15.230097
5385.0000 -15.264338
5386.5000 -15.309334
5388.0000 -15.256808
5389.5000 -15.367502
5391.0000 -15.347604
5392.5000 -15.380071
5394.0000 -15.296220
5395.5000 -15.356127
5397.0000 -15.340602
5398.5000 -15.339618
5400.0000 -15.272348
5401.5000 -15.349253
5403.0000 -15.398274
5404.5000 -15.255256
5406.0000 -15.262622
5407.5000 -15.473887
5409.0000 -15.379367
5410.5000 -15.326005
5412.0000 -15.224810
5413.5000 -15.213711
5415.0000 -15.236506
5416.5000 -15.183467
5418.0000 -15.304685
5419.5000 -15.345738
5421.0000 -15.325727
5422.5000 -15.352753
5424.0000 -15.244820
5425.5000 -15.239618
5427.0000 -15.255891
5428.5000 -15.259012
5430.0000 -15.144473
5431.5000 -15.282882
5433.0000 -15.312541
5434.5000 -15.377281
5436.0000 -15.279096
5437.5000 -15.277565
5439.0000 -15.245666
5440.5000 -15.233245
5442.0000 -15.407102
5443.5000 -15.383817
5445.0000 -15.374487
5446.5000 -15.388586
5448.0000 -15.425989
5449.5000 -15.430125
5451.0000 -15.386498
5452.5000 -15.383322
5454.0000 -15.328856
5455.5000 -15.317113
5457.0000 -15.260730
5458.5000 -15.276362
5460.0000 -15.234613
5461.5000 -15.457624
5463.0000 -15.375916
5464.5000 -15.417231
5466.0000 -15.419760
5467.5000 -15.484177
5469.0000 -15.312209
5470.5000 -15.456587
5472.0000 -15.530278
5473.5000 -15.399200
5475.0000 -15.282355
5476.5000 -15.290306
5478.0000 -15.361658
5479.5000 -15.400219
5481.0000 -15.447026
5482.5000 -15.433378
5484.0000 -15.528352
5485.5000 -15.543515
5487.0000 -15.534324
5488.5000 -15.567222
5490.0000 -15.511960
5491.5000 -15.521082
5493.0000 -15.527005
5494.5000 -15.530759
5496.0000 -15.543077
5497.5000 -15.591457
5499.0000 -15.544104
5500.5000 -15.664374
5502.0000 -15.715672
5503.5000 -15.626382
5505.0000 -15.613840
5506.5000 -15.705871
5508.0000 -15.674362
5509.5000 -15.560009
5511.0000 -15.585463
5512.5000 -15.543412
5514.0000 -15.560223
5515.5000 -15.598865
5517.0000 -15.591519
5518.5000 -15.665276
5520.0000 -15.749585
5521.5000 -15.684004
5523.0000 -15.651394
5524.5000 -15.703163
5526.0000 -15.706277
5527.5000 -15.611990
5529.0000 -15.647615
5530.5000 -15.705002
5532.0000 -15.674388
5533.5000 -15.640371
5535.0000 -15.733654
5536.5000 -15.770167
5538.0000 -15.777117
5539.5000 -15.825468
5541.0000 -15.760565
5542.5000 -15.697938
5544.0000 -15.843825
5545.5000 -15.796747
5547.0000 -15.703407
5548.5000 -15.767295
5550.0000 -15.794753
5551.5000 -15.773248
5553.0000 -15.846872
5554.5000 -15.974276
5556.0000 -15.970325
5557.5000 -15.982032
5559.0000 -16.011606
5560.5000 -16.026823
5562.0000 -16.049255
5563.5000 -16.083559
5565.0000 -16.133476
5566.5000 -16.161255
5568.0000 -16.182014
5569.5000 -16.278187
5571.0000 -16.339853
5572.5000 -16.304537
5574.0000 -16.339380
5575.5000 -16.355429
5577.0000 -16.321178
5578.5000 -16.287580
5580.0000 -16.294651
5581.5000 -16.293854
5583.0000 -16.253918
5584.5000 -16.267551
5586.0000 -16.282986
5587.5000 -16.357321
5589.0000 -16.291515
5590.5000 -16.312916
5592.0000 -16.327358
5593.5000 -16.330704
5595.0000 -16.275835
5596.5000 -16.244843
5598.0000 -16.138641
5599.5000 -16.136726
5601.0000 -16.355396
5602.5000 -16.301323
5604.0000 -16.411530
5605.5000 -16.439833
5607.0000 -16.426731
5608.5000 -16.558167
5610.0000 -16.430916
5611.5000 -16.499060
5613.0000 -16.388908
5614.5000 -16.502010
5616.0000 -16.613430
5617.5000 -16.494547
5619.0000 -16.856207
5620.5000 -17.063692
5622.0000 -16.906654
5623.5000 -16.682949
5625.0000 -18.081917
5626.5000 -18.466936
5628.0000 -18.917250
5629.5000 -18.877098
5631.0000 -19.139696
5632.5000 -19.385302
5634.0000 -19.091560
5635.5000 -19.140673
5637.0000 -19.432163
5638.5000 -19.190647
5640.0000 -19.149340
5641.5000 -19.436979
5643.0000 -19.280975
5644.5000 -19.027084
5646.0000 -19.252117
5647.5000 -19.142475
5649.0000 -18.936277
5650.5000 -19.215094
5652.0000 -19.141586
5653.5000 -18.878004
5655.0000 -19.073439
5656.5000 -19.232294
5658.0000 -19.144764
5659.5000 -19.242466
5661.0000 -19.308887
5662.5000 -19.169882
5664.0000 -19.274361
5665.5000 -19.271053
5667.0000 -18.993618
5668.5000 -19.146816
5670.0000 -19.403650
5671.5000 -19.112366
5673.0000 -19.217459
5674.5000 -19.580124
5676.0000 -19.326172
5677.5000 -19.340021
5679.0000 -19.682020
5680.5000 -19.792233
5682.0000 -19.459726
5683.5000 -19.127913
5685.0000 -19.285730
5686.5000 -19.472811
5688.0000 -19.387346
5689.5000 -19.300875
5691.0000 -19.445993
5692.5000 -19.732008
5694.0000 -19.629238
5695.5000 -19.645859
5697.0000 -19.812550
5698.5000 -19.722967
5700.0000 -19.512508
5701.5000 -19.608076
5703.0000 -19.789684
5704.5000 -19.640726
5706.0000 -19.578611
5707.5000 -19.894279
5709.0000 -19.971706
5710.5000 -19.845140
5712.0000 -19.986727
5713.5000 -20.049585
5715.0000 -19.845781
5716.5000 -19.803377
5718.0000 -20.156555
5719.5000 -20.139793
5721.0000 -19.803602
5722.5000 -19.995230
5724.0000 -19.992306
5725.5000 -19.896141
5727.0000 -19.961903
5728.5000 -20.220259
5730.0000 -20.302574
5731.5000 -20.138016
5733.0000 -20.153992
5734.5000 -20.239763
5736.0000 -20.134109
5737.5000 -20.010027
5739.0000 -20.111712
5740.5000 -20.327318
5742.0000 -20.270905
5743.5000 -20.189039
5745.0000 -20.500328
5746.5000 -20.658312
5748.0000 -20.532921
5749.5000 -20.382923
5751.0000 -20.668911
5752.5000 -20.811161
5754.0000 -20.511683
5755.5000 -20.340195
5757.0000 -20.633438
5758.5000 -20.834793
5760.0000 -20.717794
5761.5000 -20.557108
5763.0000 -20.762499
5764.5000 -21.073399
5766.0000 -21.051567
5767.5000 -20.859894
5769.0000 -20.877720
5770.5000 -20.993532
5772.0000 -20.836090
5773.5000 -20.743149
5775.0000 -20.923967
5776.5000 -21.072430
5778.0000 -20.900002
5779.5000 -21.095716
5781.0000 -21.379316
5782.5000 -21.337990
5784.0000 -21.214928
5785.5000 -21.324589
5787.0000 -21.530497
5788.5000 -21.455643
5790.0000 -21.189600
5791.5000 -21.183321
5793.0000 -21.360092
5794.5000 -21.355932
5796.0000 -21.372900
5797.5000 -21.471031
5799.0000 -21.898634
5800.5000 -21.893028
5802.0000 -21.679853
5803.5000 -21.887211
5805.0000 -22.123865
5806.5000 -22.011330
5808.0000 -21.711985
5809.5000 -21.889603
5811.0000 -22.176523
5812.5000 -22.042795
5814.0000 -21.744553
5815.5000 -22.142139
5817.0000 -22.353153
5818.5000 -22.370415
5820.0000 -22.375616
5821.5000 -22.500376
5823.0000 -22.662285
5824.5000 -22.209351
5826.0000 -21.796989
5827.5000 -22.142246
5829.0000 -22.382809
5830.5000 -22.341246
5832.0000 -22.345936
5833.5000 -22.536518
5835.0000 -22.878025
5836.5000 -22.676805
5838.0000 -22.576494
5839.5000 -22.877869
5841.0000 -22.962355
5842.5000 -22.729631
5844.0000 -22.451603
5845.5000 -22.583120
5847.0000 -22.669582
5848.5000 -22.944374
5850.0000 -22.999344
5851.5000 -22.911831
5853.0000 -23.073860
5854.5000 -23.208454
5856.0000 -23.447409
5857.5000 -23.180063
5859.0000 -23.048046
5860.5000 -23.160759
5862.0000 -23.271799
5863.5000 -23.185652
5865.0000 -22.945633
5866.5000 -23.186741
5868.0000 -23.435406
5869.5000 -23.342197
5871.0000 -23.172028
5872.5000 -23.662424
5874.0000 -23.769865
5875.5000 -20.633169
5877.0000 -19.747015
5878.5000 -18.564919
5880.0000 -19.424194
5881.5000 -15.546485
5883.0000 -16.808187
5884.5000 -15.985338
5886.0000 -15.550984
5887.5000 -18.683554
5889.0000 -15.295144
5890.5000 -15.515078
5892.0000 -15.587902
5893.5000 -15.102292
5895.0000 -16.498337
5896.5000 -15.804476
5898.0000 -17.778982
5899.5000 -14.695817
5901.0000 -17.043085
5902.5000 -16.930376
5904.0000 -15.407577
5905.5000 -18.249334
5907.0000 -15.909079
5908.5000 -15.255687
5910.0000 -15.465546
5911.5000 -15.697254
5913.0000 -14.494766
5914.5000 -16.373678
5916.0000 -15.307035
5917.5000 -16.798679
5919.0000 -16.228476
5920.5000 -17.177580
5922.0000 -16.735161
5923.5000 -16.737490
5925.0000 -16.369810
5926.5000 -16.115999
5928.0000 -16.890024
5929.5000 -16.438057
5931.0000 -16.727510
5932.5000 -16.805779
5934.0000 -16.926327
5935.5000 -15.779963
5937.0000 -16.915606
5938.5000 -16.276754
5940.0000 -15.410932
5941.5000 -16.030079
5943.0000 -16.910898
5944.5000 -17.775032
5946.0000 -16.915588
5947.5000 -16.823364
5949.0000 -16.915361
5950.5000 -16.848066
5952.0000 -17.647364
5953.5000 -16.409229
5955.0000 -17.102356
5956.5000 -15.914385
5958.0000 -16.451250
5959.5000 -16.145487
5961.0000 -17.101698
5962.5000 -16.601864
5964.0000 -16.912880
5965.5000 -17.004450
5967.0000 -17.412613
5968.5000 -17.695290
5970.0000 -17.630993
5971.5000 -17.484554
5973.0000 -17.203283
5974.5000 -17.913363
5976.0000 -16.619053
5977.5000 -18.233931
5979.0000 -16.564938
5980.5000 -17.776419
5982.0000 -15.744048
5983.5000 -15.812985
5985.0000 -15.879812
5986.5000 -16.877636
5988.0000 -16.623001
5989.5000 -17.503117
5991.0000 -17.467834
5992.5000 -17.393215
5994.0000 -18.041609
5995.5000 -16.366566
5997.0000 -17.402298
5998.5000 -16.566250
6000.0000 -16.615097