0.0000000 1.4025000e+09
0.10000000 1.3972093e+09
0.20000000 1.3907552e+09
0.30000001 1.3842985e+09
0.40000001 1.3779647e+09
0.50000000 1.3718986e+09
0.60000002 1.3661646e+09
0.69999999 1.3604165e+09
0.80000001 1.3551699e+09
0.89999998 1.3508772e+09
1.0000000 1.3480918e+09
1.1000000 1.3469161e+09
1.2000000 1.3472054e+09
1.3000000 1.3492358e+09
1.4000000 1.3530618e+09
1.5000000 1.3579141e+09
1.6000000 1.3629313e+09
1.7000000 1.3673217e+09
1.8000000 1.3704774e+09
1.9000000 1.3720581e+09
2.0000000 1.3720177e+09
2.0999999 1.3705914e+09
2.2000000 1.3682328e+09
2.3000000 1.3655176e+09
2.4000001 1.3630412e+09
2.5000000 1.3613614e+09
2.5999999 1.3608566e+09
2.7000000 1.3616012e+09
2.8000000 1.3634211e+09
2.9000001 1.3659817e+09
3.0000000 1.3688632e+09
3.0999999 1.3716348e+09
3.2000000 1.3739228e+09
3.3000000 1.3754641e+09
3.4000001 1.3761389e+09
3.5000000 1.3759924e+09
3.5999999 1.3751794e+09
3.7000000 1.3739195e+09
3.8000000 1.3724658e+09
3.9000001 1.3710597e+09
4.0000000 1.3698892e+09
4.0999999 1.3690646e+09
4.1999998 1.3686177e+09
4.3000002 1.3685111e+09
4.4000001 1.3686587e+09
4.5000000 1.3689523e+09
4.5999999 1.3692837e+09
4.6999998 1.3695587e+09
4.8000002 1.3697073e+09
4.9000001 1.3696865e+09
5.0000000 1.3694835e+09
6.5000000 1.3628088e+09
8.0000000 1.3545697e+09
9.5000000 1.3460196e+09
11.000000 1.3404365e+09
12.500000 1.3350354e+09
14.000000 1.3279546e+09
15.500000 1.3225149e+09
17.000000 1.3169009e+09
18.500000 1.3117396e+09
20.000000 1.3065482e+09
21.500000 1.3020289e+09
23.000000 1.2970008e+09
24.500000 1.0357441e+09
26.000000 8.6193542e+08
27.500000 5.9998848e+08
29.000000 4.4378842e+08
30.500000 3.3510781e+08
32.000000 2.1150864e+08
33.500000 1.4929776e+08
35.000000 1.1240568e+08
36.500000 1.0376602e+08
38.000000 98889144
39.500000 94887968
41.000000 91545176
42.500000 88659648
44.000000 86163520
45.500000 83941720
47.000000 81934760
48.500000 80103112
50.000000 78418416
51.500000 76855984
53.000000 75405664
54.500000 74054496
56.000000 72794048
57.500000 71609360
59.000000 70495568
60.500000 69446304
62.000000 68456064
63.500000 67516576
65.000000 66620332
66.500000 65768072
68.000000 64959764
69.500000 64095080
71.000000 63219872
72.500000 62259652
74.000000 61310260
75.500000 60453744
77.000000 59736356
78.500000 59016684
80.000000 58459688
81.500000 58083972
83.000000 57775992
84.500000 57473220
86.000000 57386952
87.500000 57263996
89.000000 57040292
90.500000 56738112
92.000000 56357992
93.500000 55970420
95.000000 55580212
96.500000 55184596
98.000000 54791492
99.500000 54403608
101.00000 54022760
102.50000 53650636
104.00000 53286672
105.50000 52932976
107.00000 52515008
108.50000 52108760
110.00000 51680672
111.50000 51201316
113.00000 50766424
114.50000 50380988
116.00000 50069764
117.50000 49817720
119.00000 49562284
120.50000 49304888
122.00000 49068424
123.50000 48814664
125.00000 48572384
126.50000 48347084
128.00000 48134500
129.50000 47921788
131.00000 47728060
132.50000 47534172
134.00000 47355908
135.50000 47175944
137.00000 47009524
138.50000 46841116
140.00000 46681220
141.50000 46527296
143.00000 46378740
144.50000 46234544
146.00000 46086976
147.50000 45936432
149.00000 45786540
150.50000 45636956
152.00000 45491336
153.50000 45353428
155.00000 45215688
156.50000 45079916
158.00000 44947768
159.50000 44818096
161.00000 44686768
162.50000 44555844
164.00000 44430880
165.50000 44318240
167.00000 44212964
168.50000 44106124
170.00000 43997172
171.50000 43886840
173.00000 43777024
174.50000 43664180
176.00000 43564288
177.50000 43466248
179.00000 43371128
180.50000 43275376
182.00000 43181272
183.50000 43089868
185.00000 42998856
186.50000 42908964
188.00000 42819668
189.50000 42732288
191.00000 42648300
192.50000 42562688
194.00000 42479400
195.50000 42396376
197.00000 42313576
198.50000 42233796
200.00000 42153356
201.50000 42069756
203.00000 41987964
204.50000 41908988
206.00000 41828392
207.50000 41752524
209.00000 41679016
210.50000 41603624
212.00000 41530720
213.50000 41457820
215.00000 41384364
216.50000 41306796
218.00000 41228004
219.50000 41152424
221.00000 41076304
222.50000 41007116
224.00000 40934940
225.50000 40860676
227.00000 40789756
228.50000 40724036
230.00000 40654108
231.50000 40581384
233.00000 40512704
234.50000 40448884
236.00000 40385836
237.50000 40319468
239.00000 40251968
240.50000 40185988
242.00000 40125468
243.50000 40068112
245.00000 40014372
246.50000 39965136
248.00000 39916624
249.50000 39863676
251.00000 39810848
252.50000 39757656
254.00000 39706476
255.50000 39653264
257.00000 39600580
258.50000 39547776
260.00000 39492272
261.50000 39442724
263.00000 39391548
264.50000 39339836
266.00000 39286156
267.50000 39231516
269.00000 39173176
270.50000 39116744
272.00000 39065468
273.50000 39015184
275.00000 38965292
276.50000 38916912
278.00000 38869324
279.50000 38823148
281.00000 38776708
282.50000 38729772
284.00000 38683772
285.50000 38639448
287.00000 38595040
288.50000 38550088
290.00000 38505960
291.50000 38462624
293.00000 38419316
294.50000 38375804
296.00000 38331792
297.50000 38287964
299.00000 38244764
300.50000 38201796
302.00000 38159464
303.50000 38118112
305.00000 38077756
306.50000 38037544
308.00000 37997672
309.50000 37958308
311.00000 37918816
312.50000 37878708
314.00000 37839040
315.50000 37799492
317.00000 37759876
318.50000 37720476
320.00000 37681296
321.50000 37642292
323.00000 37603524
324.50000 37565048
326.00000 37527212
327.50000 37489272
329.00000 37451788
330.50000 37415016
332.00000 37378196
333.50000 37341772
335.00000 37305320
336.50000 37268756
338.00000 37232704
339.50000 37196900
341.00000 37160756
342.50000 37125424
344.00000 37090728
345.50000 37055936
347.00000 37021140
348.50000 36986996
350.00000 36952616
351.50000 36918476
353.00000 36884504
354.50000 36850628
356.00000 36817036
357.50000 36783760
359.00000 36750732
360.50000 36717472
362.00000 36684500
363.50000 36651876
365.00000 36619412
366.50000 36586836
368.00000 36554560
369.50000 36522688
371.00000 36490900
372.50000 36459328
374.00000 36427840
375.50000 36396468
377.00000 36365120
378.50000 36334004
380.00000 36303296
381.50000 36272640
383.00000 36242220
384.50000 36211952
386.00000 36181820
387.50000 36151760
389.00000 36121708
390.50000 36091856
392.00000 36062244
393.50000 36032856
395.00000 36003312
396.50000 35973828
398.00000 35944780
399.50000 35915996
401.00000 35887412
402.50000 35858664
404.00000 35829884
405.50000 35801300
407.00000 35772976
408.50000 35744848
410.00000 35716640
411.50000 35688600
413.00000 35660756
414.50000 35632968
416.00000 35605388
417.50000 35578024
419.00000 35550756
420.50000 35523384
422.00000 35496116
423.50000 35469040
425.00000 35442116
426.50000 35415244
428.00000 35388460
429.50000 35361928
431.00000 35335704
432.50000 35309588
434.00000 35283396
435.50000 35257104
437.00000 35230828
438.50000 35204620
440.00000 35178636
441.50000 35153028
443.00000 35127620
444.50000 35102300
446.00000 35077088
447.50000 35051908
449.00000 35026564
450.50000 35001136
452.00000 34975928
453.50000 34951012
455.00000 34926212
456.50000 34901360
458.00000 34876448
459.50000 34851620
461.00000 34827084
462.50000 34802840
464.00000 34778648
465.50000 34754416
467.00000 34730292
468.50000 34706364
470.00000 34682440
471.50000 34658452
473.00000 34634592
474.50000 34611024
476.00000 34587548
477.50000 34563820
479.00000 34539860
480.50000 34515968
482.00000 34492428
483.50000 34469696
485.00000 34447192
486.50000 34424000
488.00000 34400856
489.50000 34377776
491.00000 34354752
492.50000 34331872
494.00000 34309188
495.50000 34286592
497.00000 34264024
498.50000 34241428
500.00000 34218848
501.50000 34196376
503.00000 34174096
504.50000 34151956
506.00000 34129884
507.50000 34107772
509.00000 34085636
510.50000 34063612
512.00000 34041960
513.50000 34020868
515.00000 33999760
516.50000 33978396
518.00000 33957040
519.50000 33935696
521.00000 33913988
522.50000 33892708
524.00000 33871228
525.50000 33849844
527.00000 33828328
528.50000 33806680
530.00000 33785188
531.50000 33763896
533.00000 33742772
534.50000 33721788
536.00000 33700888
537.50000 33680044
539.00000 33659244
540.50000 33638520
542.00000 33617884
543.50000 33597304
545.00000 33576772
546.50000 33556292
548.00000 33535854
549.50000 33515468
551.00000 33495156
552.50000 33474944
554.00000 33454804
555.50000 33434738
557.00000 33414732
558.50000 33394752
560.00000 33374782
561.50000 33354814
563.00000 33334862
564.50000 33315156
566.00000 33295926
567.50000 33276632
569.00000 33257248
570.50000 33237792
572.00000 33218302
573.50000 33198814
575.00000 33179354
576.50000 33159952
578.00000 33140590
579.50000 33121294
581.00000 33102050
582.50000 33082852
584.00000 33063694
585.50000 33044596
587.00000 33025524
588.50000 33006492
590.00000 32987446
591.50000 32968492
593.00000 32949682
594.50000 32930824
596.00000 32912062
597.50000 32893366
599.00000 32874738
600.50000 32856128
602.00000 32837558
603.50000 32819018
605.00000 32800540
606.50000 32782062
608.00000 32763678
609.50000 32745346
611.00000 32726940
612.50000 32708680
614.00000 32690462
615.50000 32672282
617.00000 32654162
618.50000 32636126
620.00000 32617986
621.50000 32599952
623.00000 32582040
624.50000 32564120
626.00000 32546270
627.50000 32528424
629.00000 32510630
630.50000 32492912
632.00000 32475128
633.50000 32457476
635.00000 32439828
636.50000 32422246
638.00000 32404706
639.50000 32387214
641.00000 32369752
642.50000 32352300
644.00000 32334926
645.50000 32317610
647.00000 32300298
648.50000 32283018
650.00000 32265790
651.50000 32248614
653.00000 32231482
654.50000 32214364
656.00000 32197302
657.50000 32180250
659.00000 32163252
660.50000 32146298
662.00000 32129382
663.50000 32112500
665.00000 32095642
666.50000 32078842
668.00000 32062056
669.50000 32045320
671.00000 32028620
672.50000 32011960
674.00000 31995330
675.50000 31978734
677.00000 31962174
678.50000 31945648
680.00000 31929164
681.50000 31912700
683.00000 31896286
684.50000 31879906
686.00000 31863544
687.50000 31847234
689.00000 31830956
690.50000 31814718
692.00000 31798500
693.50000 31782330
695.00000 31766188
696.50000 31750086
698.00000 31734004
699.50000 31717976
701.00000 31701948
702.50000 31685976
704.00000 31670030
705.50000 31654124
707.00000 31638266
708.50000 31622406
710.00000 31606600
711.50000 31590824
713.00000 31575086
714.50000 31559372
716.00000 31543682
717.50000 31528026
719.00000 31512400
720.50000 31496816
722.00000 31481262
723.50000 31465740
725.00000 31450248
726.50000 31434786
728.00000 31419354
729.50000 31403950
731.00000 31388576
732.50000 31373236
734.00000 31357926
735.50000 31342646
737.00000 31327396
738.50000 31312174
740.00000 31296978
741.50000 31281822
743.00000 31266686
744.50000 31251588
746.00000 31236518
747.50000 31221476
749.00000 31206462
750.50000 31191476
752.00000 31176522
753.50000 31161594
755.00000 31146696
756.50000 31131824
758.00000 31116984
759.50000 31102170
761.00000 31087386
762.50000 31072630
764.00000 31057900
765.50000 31043200
767.00000 31028528
768.50000 31013882
770.00000 30999264
771.50000 30984674
773.00000 30970110
774.50000 30955574
776.00000 30941066
777.50000 30926584
779.00000 30912126
780.50000 30897700
782.00000 30883298
783.50000 30868924
785.00000 30854576
786.50000 30840256
788.00000 30825960
789.50000 30811692
791.00000 30797450
792.50000 30783236
794.00000 30769038
795.50000 30754870
797.00000 30740730
798.50000 30726616
800.00000 30712530
801.50000 30698472
803.00000 30684434
804.50000 30670420
806.00000 30656436
807.50000 30642476
809.00000 30628540
810.50000 30614630
812.00000 30600742
813.50000 30586882
815.00000 30573040
816.50000 30559232
818.00000 30545442
819.50000 30531678
821.00000 30517940
822.50000 30504226
824.00000 30490534
825.50000 30476870
827.00000 30463226
828.50000 30449606
830.00000 30436014
831.50000 30422440
833.00000 30408894
834.50000 30395370
836.00000 30381868
837.50000 30368396
839.00000 30354940
840.50000 30341508
842.00000 30328102
843.50000 30314716
845.00000 30301358
846.50000 30288020
848.00000 30274706
849.50000 30261410
851.00000 30248142
852.50000 30234896
854.00000 30221672
855.50000 30208470
857.00000 30195290
858.50000 30182130
860.00000 30168996
861.50000 30155884
863.00000 30142792
864.50000 30129720
866.00000 30116674
867.50000 30103650
869.00000 30090644
870.50000 30077662
872.00000 30064702
873.50000 30051766
875.00000 30038848
876.50000 30025952
878.00000 30013076
879.50000 30000226
881.00000 29987390
882.50000 29974580
884.00000 29961790
885.50000 29949020
887.00000 29936274
888.50000 29923548
890.00000 29910842
891.50000 29898160
893.00000 29885498
894.50000 29872856
896.00000 29860232
897.50000 29847630
899.00000 29835046
900.50000 29822484
902.00000 29809942
903.50000 29797420
905.00000 29784920
906.50000 29772440
908.00000 29759976
909.50000 29747536
911.00000 29735114
912.50000 29722712
914.00000 29710332
915.50000 29697970
917.00000 29685630
918.50000 29673306
920.00000 29661006
921.50000 29648720
923.00000 29636458
924.50000 29624212
926.00000 29611986
927.50000 29599782
929.00000 29587594
930.50000 29575428
932.00000 29563278
933.50000 29551150
935.00000 29539038
936.50000 29526948
938.00000 29514876
939.50000 29502822
941.00000 29490788
942.50000 29478772
944.00000 29466774
945.50000 29454794
947.00000 29442832
948.50000 29430890
950.00000 29418966
951.50000 29407060
953.00000 29395174
954.50000 29383304
956.00000 29371452
957.50000 29359618
959.00000 29347804
960.50000 29336006
962.00000 29324226
963.50000 29312464
965.00000 29300720
966.50000 29288996
968.00000 29277286
969.50000 29265596
971.00000 29253924
972.50000 29242268
974.00000 29230632
975.50000 29219012
977.00000 29207408
978.50000 29195822
980.00000 29184254
981.50000 29172704
983.00000 29161170
984.50000 29149654
986.00000 29138154
987.50000 29126670
989.00000 29115206
990.50000 29103758
992.00000 29092326
993.50000 29080912
995.00000 29069514
996.50000 29058132
998.00000 29046768
999.50000 29035420
1001.0000 29024090
1002.5000 29012776
1004.0000 29001478
1005.5000 28990196
1007.0000 28978932
1008.5000 28967684
1010.0000 28956450
1011.5000 28945236
1013.0000 28934036
1014.5000 28922852
1016.0000 28911684
1017.5000 28900534
1019.0000 28889398
1020.5000 28878280
1022.0000 28867176
1023.5000 28856090
1025.0000 28845018
1026.5000 28833962
1028.0000 28822922
1029.5000 28811900
1031.0000 28800892
1032.5000 28789898
1034.0000 28778922
1035.5000 28767960
1037.0000 28757016
1038.5000 28746086
1040.0000 28735170
1041.5000 28724272
1043.0000 28713388
1044.5000 28702518
1046.0000 28691666
1047.5000 28680828
1049.0000 28670004
1050.5000 28659196
1052.0000 28648404
1053.5000 28637626
1055.0000 28626864
1056.5000 28616118
1058.0000 28605384
1059.5000 28594668
1061.0000 28583964
1062.5000 28573276
1064.0000 28562604
1065.5000 28551946
1067.0000 28541302
1068.5000 28530674
1070.0000 28520060
1071.5000 28509460
1073.0000 28498874
1074.5000 28488304
1076.0000 28477748
1077.5000 28467206
1079.0000 28456680
1080.5000 28446166
1082.0000 28435668
1083.5000 28425184
1085.0000 28414714
1086.5000 28404258
1088.0000 28393818
1089.5000 28383390
1091.0000 28372978
1092.5000 28362578
1094.0000 28352194
1095.5000 28341822
1097.0000 28331466
1098.5000 28321122
1100.0000 28310792
1101.5000 28300478
1103.0000 28290176
1104.5000 28279888
1106.0000 28269614
1107.5000 28259354
1109.0000 28249108
1110.5000 28238874
1112.0000 28228656
1113.5000 28218450
1115.0000 28208258
1116.5000 28198078
1118.0000 28187914
1119.5000 28177762
1121.0000 28167624
1122.5000 28157498
1124.0000 28147386
1125.5000 28137288
1127.0000 28127204
1128.5000 28117132
1130.0000 28107072
1131.5000 28097028
1133.0000 28086994
1134.5000 28076976
1136.0000 28066970
1137.5000 28056976
1139.0000 28046996
1140.5000 28037030
1142.0000 28027076
1143.5000 28017134
1145.0000 28007206
1146.5000 27997290
1148.0000 27987388
1149.5000 27977498
1151.0000 27967620
1152.5000 27957756
1154.0000 27947904
1155.5000 27938064
1157.0000 27928238
1158.5000 27918424
1160.0000 27908622
1161.5000 27898834
1163.0000 27889058
1164.5000 27879294
1166.0000 27869542
1167.5000 27859804
1169.0000 27850076
1170.5000 27840362
1172.0000 27830660
1173.5000 27820970
1175.0000 27811294
1176.5000 27801628
1178.0000 27791976
1179.5000 27782334
1181.0000 27772706
1182.5000 27763090
1184.0000 27753486
1185.5000 27743892
1187.0000 27734312
1188.5000 27724744
1190.0000 27715188
1191.5000 27705644
1193.0000 27696112
1194.5000 27686590
1196.0000 27677082
1197.5000 27667586
1199.0000 27658100
1200.5000 27648628
1202.0000 27639166
1203.5000 27629716
1205.0000 27620278
1206.5000 27610852
1208.0000 27601436
1209.5000 27592034
1211.0000 27582642
1212.5000 27573262
1214.0000 27563894
1215.5000 27554536
1217.0000 27545190
1218.5000 27535856
1220.0000 27526534
1221.5000 27517222
1223.0000 27507922
1224.5000 27498634
1226.0000 27489358
1227.5000 27480092
1229.0000 27470836
1230.5000 27461594
1232.0000 27452362
1233.5000 27443140
1235.0000 27433930
1236.5000 27424732
1238.0000 27415544
1239.5000 27406368
1241.0000 27397202
1242.5000 27388048
1244.0000 27378904
1245.5000 27369772
1247.0000 27360650
1248.5000 27351540
1250.0000 27342440
1251.5000 27333352
1253.0000 27324274
1254.5000 27315208
1256.0000 27306152
1257.5000 27297106
1259.0000 27288072
1260.5000 27279048
1262.0000 27270034
1263.5000 27261032
1265.0000 27252040
1266.5000 27243060
1268.0000 27234090
1269.5000 27225130
1271.0000 27216180
1272.5000 27207242
1274.0000 27198314
1275.5000 27189396
1277.0000 27180488
1278.5000 27171592
1280.0000 27162706
1281.5000 27153830
1283.0000 27144964
1284.5000 27136110
1286.0000 27127264
1287.5000 27118430
1289.0000 27109606
1290.5000 27100792
1292.0000 27091990
1293.5000 27083196
1295.0000 27074412
1296.5000 27065640
1298.0000 27056878
1299.5000 27048124
1301.0000 27039382
1302.5000 27030650
1304.0000 27021928
1305.5000 27013216
1307.0000 27004514
1308.5000 26995822
1310.0000 26987140
1311.5000 26978468
1313.0000 26969806
1314.5000 26961154
1316.0000 26952512
1317.5000 26943878
1319.0000 26935256
1320.5000 26926644
1322.0000 26918040
1323.5000 26909448
1325.0000 26900864
1326.5000 26892292
1328.0000 26883728
1329.5000 26875174
1331.0000 26866630
1332.5000 26858094
1334.0000 26849570
1335.5000 26841054
1337.0000 26832548
1338.5000 26824052
1340.0000 26815566
1341.5000 26807090
1343.0000 26798622
1344.5000 26790164
1346.0000 26781716
1347.5000 26773278
1349.0000 26764848
1350.5000 26756428
1352.0000 26748018
1353.5000 26739618
1355.0000 26731226
1356.5000 26722844
1358.0000 26714470
1359.5000 26706106
1361.0000 26697752
1362.5000 26689408
1364.0000 26681072
1365.5000 26672746
1367.0000 26664428
1368.5000 26656120
1370.0000 26647822
1371.5000 26639532
1373.0000 26631252
1374.5000 26622980
1376.0000 26614718
1377.5000 26606466
1379.0000 26598222
1380.5000 26589988
1382.0000 26581762
1383.5000 26573544
1385.0000 26565338
1386.5000 26557138
1388.0000 26548948
1389.5000 26540768
1391.0000 26532596
1392.5000 26524434
1394.0000 26516280
1395.5000 26508134
1397.0000 26499998
1398.5000 26491872
1400.0000 26483752
1401.5000 26475642
1403.0000 26467542
1404.5000 26459450
1406.0000 26451366
1407.5000 26443292
1409.0000 26435226
1410.5000 26427170
1412.0000 26419122
1413.5000 26411082
1415.0000 26403050
1416.5000 26395028
1418.0000 26387014
1419.5000 26379010
1421.0000 26371014
1422.5000 26363026
1424.0000 26355046
1425.5000 26347076
1427.0000 26339114
1428.5000 26331160
1430.0000 26323214
1431.5000 26315278
1433.0000 26307350
1434.5000 26299430
1436.0000 26291518
1437.5000 26283616
1439.0000 26275722
1440.5000 26267836
1442.0000 26259958
1443.5000 26252088
1445.0000 26244228
1446.5000 26236374
1448.0000 26228530
1449.5000 26220694
1451.0000 26212866
1452.5000 26205046
1454.0000 26197236
1455.5000 26189432
1457.0000 26181638
1458.5000 26173852
1460.0000 26166072
1461.5000 26158302
1463.0000 26150540
1464.5000 26142786
1466.0000 26135040
1467.5000 26127304
1469.0000 26119574
1470.5000 26111852
1472.0000 26104138
1473.5000 26096434
1475.0000 26088736
1476.5000 26081046
1478.0000 26073366
1479.5000 26065692
1481.0000 26058026
1482.5000 26050370
1484.0000 26042720
1485.5000 26035078
1487.0000 26027444
1488.5000 26019820
1490.0000 26012202
1491.5000 26004592
1493.0000 25996990
1494.5000 25989396
1496.0000 25981808
1497.5000 25974230
1499.0000 25966660
1500.5000 25959096
1502.0000 25951542
1503.5000 25943994
1505.0000 25936454
1506.5000 25928922
1508.0000 25921398
1509.5000 25913882
1511.0000 25906372
1512.5000 25898872
1514.0000 25891378
1515.5000 25883892
1517.0000 25876414
1518.5000 25868944
1520.0000 25861480
1521.5000 25854026
1523.0000 25846578
1524.5000 25839138
1526.0000 25831704
1527.5000 25824280
1529.0000 25816862
1530.5000 25809452
1532.0000 25802050
1533.5000 25794654
1535.0000 25787266
1536.5000 25779886
1538.0000 25772514
1539.5000 25765148
1541.0000 25757792
1542.5000 25750440
1544.0000 25743098
1545.5000 25735762
1547.0000 25728434
1548.5000 25721112
1550.0000 25713800
1551.5000 25706494
1553.0000 25699194
1554.5000 25691902
1556.0000 25684618
1557.5000 25677342
1559.0000 25670072
1560.5000 25662810
1562.0000 25655554
1563.5000 25648306
1565.0000 25641066
1566.5000 25633832
1568.0000 25626606
1569.5000 25619386
1571.0000 25612174
1572.5000 25604968
1574.0000 25597772
1575.5000 25590580
1577.0000 25583398
1578.5000 25576220
1580.0000 25569052
1581.5000 25561890
1583.0000 25554734
1584.5000 25547586
1586.0000 25540444
1587.5000 25533310
1589.0000 25526184
1590.5000 25519064
1592.0000 25511952
1593.5000 25504846
1595.0000 25497746
1596.5000 25490654
1598.0000 25483568
1599.5000 25476490
1601.0000 25469420
1602.5000 25462356
1604.0000 25455298
1605.5000 25448248
1607.0000 25441204
1608.5000 25434168
1610.0000 25427138
1611.5000 25420114
1613.0000 25413098
1614.5000 25406088
1616.0000 25399086
1617.5000 25392090
1619.0000 25385102
1620.5000 25378120
1622.0000 25371144
1623.5000 25364174
1625.0000 25357214
1626.5000 25350258
1628.0000 25343310
1629.5000 25336368
1631.0000 25329432
1632.5000 25322504
1634.0000 25315582
1635.5000 25308668
1637.0000 25301760
1638.5000 25294858
1640.0000 25287962
1641.5000 25281074
1643.0000 25274192
1644.5000 25267316
1646.0000 25260448
1647.5000 25253586
1649.0000 25246730
1650.5000 25239882
1652.0000 25233040
1653.5000 25226204
1655.0000 25219374
1656.5000 25212552
1658.0000 25205736
1659.5000 25198926
1661.0000 25192122
1662.5000 25185326
1664.0000 25178534
1665.5000 25171750
1667.0000 25164974
1668.5000 25158202
1670.0000 25151438
1671.5000 25144680
1673.0000 25137928
1674.5000 25131182
1676.0000 25124444
1677.5000 25117710
1679.0000 25110984
1680.5000 25104264
1682.0000 25097550
1683.5000 25090844
1685.0000 25084142
1686.5000 25077448
1688.0000 25070760
1689.5000 25064078
1691.0000 25057402
1692.5000 25050732
1694.0000 25044070
1695.5000 25037412
1697.0000 25030762
1698.5000 25024116
1700.0000 25017478
1701.5000 25010846
1703.0000 25004220
1704.5000 24997602
1706.0000 24990988
1707.5000 24984380
1709.0000 24977780
1710.5000 24971184
1712.0000 24964596
1713.5000 24958012
1715.0000 24951436
1716.5000 24944866
1718.0000 24938302
1719.5000 24931742
1721.0000 24925190
1722.5000 24918644
1724.0000 24912104
1725.5000 24905570
1727.0000 24899042
1728.5000 24892520
1730.0000 24886004
1731.5000 24879496
1733.0000 24872992
1734.5000 24866494
1736.0000 24860002
1737.5000 24853516
1739.0000 24847036
1740.5000 24840562
1742.0000 24834094
1743.5000 24827632
1745.0000 24821176
1746.5000 24814726
1748.0000 24808282
1749.5000 24801844
1751.0000 24795410
1752.5000 24788984
1754.0000 24782564
1755.5000 24776150
1757.0000 24769740
1758.5000 24763338
1760.0000 24756940
1761.5000 24750548
1763.0000 24744164
1764.5000 24737784
1766.0000 24731410
1767.5000 24725042
1769.0000 24718680
1770.5000 24712322
1772.0000 24705972
1773.5000 24699628
1775.0000 24693288
1776.5000 24686954
1778.0000 24680628
1779.5000 24674306
1781.0000 24667988
1782.5000 24661678
1784.0000 24655374
1785.5000 24649074
1787.0000 24642782
1788.5000 24636494
1790.0000 24630212
1791.5000 24623936
1793.0000 24617664
1794.5000 24611400
1796.0000 24605140
1797.5000 24598886
1799.0000 24592638
1800.5000 24586396
1802.0000 24580158
1803.5000 24573928
1805.0000 24567702
1806.5000 24561482
1808.0000 24555266
1809.5000 24549058
1811.0000 24542854
1812.5000 24536656
1814.0000 24530464
1815.5000 24524278
1817.0000 24518096
1818.5000 24511920
1820.0000 24505750
1821.5000 24499586
1823.0000 24493426
1824.5000 24487272
1826.0000 24481124
1827.5000 24474982
1829.0000 24468844
1830.5000 24462712
1832.0000 24456586
1833.5000 24450464
1835.0000 24444348
1836.5000 24438238
1838.0000 24432134
1839.5000 24426034
1841.0000 24419940
1842.5000 24413852
1844.0000 24407768
1845.5000 24401690
1847.0000 24395618
1848.5000 24389552
1850.0000 24383490
1851.5000 24377434
1853.0000 24371382
1854.5000 24365336
1856.0000 24359296
1857.5000 24353262
1859.0000 24347232
1860.5000 24341206
1862.0000 24335188
1863.5000 24329174
1865.0000 24323166
1866.5000 24317162
1868.0000 24311164
1869.5000 24305172
1871.0000 24299184
1872.5000 24293202
1874.0000 24287224
1875.5000 24281252
1877.0000 24275286
1878.5000 24269324
1880.0000 24263368
1881.5000 24257416
1883.0000 24251470
1884.5000 24245530
1886.0000 24239594
1887.5000 24233664
1889.0000 24227738
1890.5000 24221818
1892.0000 24215904
1893.5000 24209994
1895.0000 24204090
1896.5000 24198190
1898.0000 24192296
1899.5000 24186406
1901.0000 24180522
1902.5000 24174644
1904.0000 24168770
1905.5000 24162900
1907.0000 24157036
1908.5000 24151178
1910.0000 24145324
1911.5000 24139474
1913.0000 24133632
1914.5000 24127792
1916.0000 24121960
1917.5000 24116130
1919.0000 24110306
1920.5000 24104488
1922.0000 24098674
1923.5000 24092866
1925.0000 24087062
1926.5000 24081264
1928.0000 24075470
1929.5000 24069682
1931.0000 24063898
1932.5000 24058120
1934.0000 24052346
1935.5000 24046576
1937.0000 24040814
1938.5000 24035054
1940.0000 24029300
1941.5000 24023550
1943.0000 24017806
1944.5000 24012068
1946.0000 24006332
1947.5000 24000604
1949.0000 23994878
1950.5000 23989158
1952.0000 23983444
1953.5000 23977734
1955.0000 23972028
1956.5000 23966328
1958.0000 23960632
1959.5000 23954942
1961.0000 23949256
1962.5000 23943574
1964.0000 23937898
1965.5000 23932228
1967.0000 23926560
1968.5000 23920898
1970.0000 23915242
1971.5000 23909590
1973.0000 23903942
1974.5000 23898300
1976.0000 23892662
1977.5000 23887028
1979.0000 23881400
1980.5000 23875776
1982.0000 23870156
1983.5000 23864542
1985.0000 23858932
1986.5000 23853328
1988.0000 23847728
1989.5000 23842132
1991.0000 23836542
1992.5000 23830956
1994.0000 23825374
1995.5000 23819798
1997.0000 23814226
1998.5000 23808658
2000.0000 23803096
2001.5000 23797538
2003.0000 23791984
2004.5000 23786436
2006.0000 23780892
2007.5000 23775352
2009.0000 23769818
2010.5000 23764288
2012.0000 23758762
2013.5000 23753240
2015.0000 23747724
2016.5000 23742212
2018.0000 23736706
2019.5000 23731202
2021.0000 23725704
2022.5000 23720210
2024.0000 23714722
2025.5000 23709238
2027.0000 23703758
2028.5000 23698282
2030.0000 23692812
2031.5000 23687346
2033.0000 23681884
2034.5000 23676426
2036.0000 23670974
2037.5000 23665526
2039.0000 23660082
2040.5000 23654644
2042.0000 23649208
2043.5000 23643778
2045.0000 23638352
2046.5000 23632932
2048.0000 23627514
2049.5000 23622102
2051.0000 23616694
2052.5000 23611292
2054.0000 23605892
2055.5000 23600498
2057.0000 23595108
2058.5000 23589722
2060.0000 23584340
2061.5000 23578964
2063.0000 23573592
2064.5000 23568224
2066.0000 23562860
2067.5000 23557500
2069.0000 23552146
2070.5000 23546796
2072.0000 23541450
2073.5000 23536108
2075.0000 23530770
2076.5000 23525438
2078.0000 23520108
2079.5000 23514784
2081.0000 23509464
2082.5000 23504150
2084.0000 23498838
2085.5000 23493532
2087.0000 23488228
2088.5000 23482930
2090.0000 23477636
2091.5000 23472346
2093.0000 23467062
2094.5000 23461780
2096.0000 23456504
2097.5000 23451230
2099.0000 23445962
2100.5000 23440698
2102.0000 23435438
2103.5000 23430184
2105.0000 23424932
2106.5000 23419686
2108.0000 23414442
2109.5000 23409204
2111.0000 23403970
2112.5000 23398740
2114.0000 23393514
2115.5000 23388292
2117.0000 23383076
2118.5000 23377862
2120.0000 23372652
2121.5000 23367448
2123.0000 23362248
2124.5000 23357052
2126.0000 23351858
2127.5000 23346670
2129.0000 23341488
2130.5000 23336308
2132.0000 23331132
2133.5000 23325960
2135.0000 23320794
2136.5000 23315630
2138.0000 23310472
2139.5000 23305316
2141.0000 23300166
2142.5000 23295020
2144.0000 23289876
2145.5000 23284738
2147.0000 23279604
2148.5000 23274474
2150.0000 23269348
2151.5000 23264226
2153.0000 23259108
2154.5000 23253994
2156.0000 23248884
2157.5000 23243778
2159.0000 23238678
2160.5000 23233580
2162.0000 23228486
2163.5000 23223396
2165.0000 23218312
2166.5000 23213230
2168.0000 23208152
2169.5000 23203080
2171.0000 23198010
2172.5000 23192944
2174.0000 23187884
2175.5000 23182826
2177.0000 23177774
2178.5000 23172724
2180.0000 23167678
2181.5000 23162638
2183.0000 23157600
2184.5000 23152568
2186.0000 23147538
2187.5000 23142512
2189.0000 23137492
2190.5000 23132474
2192.0000 23127460
2193.5000 23122452
2195.0000 23117446
2196.5000 23112444
2198.0000 23107446
2199.5000 23102452
2201.0000 23097462
2202.5000 23092478
2204.0000 23087496
2205.5000 23082518
2207.0000 23077542
2208.5000 23072572
2210.0000 23067606
2211.5000 23062644
2213.0000 23057686
2214.5000 23052730
2216.0000 23047780
2217.5000 23042834
2219.0000 23037890
2220.5000 23032950
2222.0000 23028016
2223.5000 23023084
2225.0000 23018156
2226.5000 23013232
2228.0000 23008312
2229.5000 23003396
2231.0000 22998484
2232.5000 22993576
2234.0000 22988672
2235.5000 22983770
2237.0000 22978874
2238.5000 22973980
2240.0000 22969092
2241.5000 22964206
2243.0000 22959324
2244.5000 22954446
2246.0000 22949572
2247.5000 22944702
2249.0000 22939834
2250.5000 22934972
2252.0000 22930112
2253.5000 22925258
2255.0000 22920406
2256.5000 22915558
2258.0000 22910714
2259.5000 22905874
2261.0000 22901038
2262.5000 22896204
2264.0000 22891376
2265.5000 22886550
2267.0000 22881728
2268.5000 22876910
2270.0000 22872096
2271.5000 22867286
2273.0000 22862478
2274.5000 22857676
2276.0000 22852876
2277.5000 22848080
2279.0000 22843288
2280.5000 22838500
2282.0000 22833716
2283.5000 22828934
2285.0000 22824158
2286.5000 22819384
2288.0000 22814614
2289.5000 22809848
2291.0000 22805084
2292.5000 22800326
2294.0000 22795570
2295.5000 22790818
2297.0000 22786070
2298.5000 22781326
2300.0000 22776586
2301.5000 22771848
2303.0000 22767114
2304.5000 22762384
2306.0000 22757658
2307.5000 22752936
2309.0000 22748216
2310.5000 22743500
2312.0000 22738788
2313.5000 22734080
2315.0000 22729376
2316.5000 22724674
2318.0000 22719976
2319.5000 22715282
2321.0000 22710592
2322.5000 22705904
2324.0000 22701222
2325.5000 22696542
2327.0000 22691866
2328.5000 22687192
2330.0000 22682524
2331.5000 22677858
2333.0000 22673196
2334.5000 22668536
2336.0000 22663882
2337.5000 22659230
2339.0000 22654582
2340.5000 22649938
2342.0000 22645296
2343.5000 22640660
2345.0000 22636026
2346.5000 22631394
2348.0000 22626768
2349.5000 22622144
2351.0000 22617524
2352.5000 22612908
2354.0000 22608294
2355.5000 22603684
2357.0000 22599078
2358.5000 22594476
2360.0000 22589876
2361.5000 22585280
2363.0000 22580688
2364.5000 22576100
2366.0000 22571514
2367.5000 22566932
2369.0000 22562354
2370.5000 22557778
2372.0000 22553206
2373.5000 22548638
2375.0000 22544074
2376.5000 22539512
2378.0000 22534954
2379.5000 22530400
2381.0000 22525848
2382.5000 22521300
2384.0000 22516756
2385.5000 22512216
2387.0000 22507678
2388.5000 22503144
2390.0000 22498612
2391.5000 22494086
2393.0000 22489562
2394.5000 22485040
2396.0000 22480524
2397.5000 22476010
2399.0000 22471498
2400.5000 22466992
2402.0000 22462488
2403.5000 22457986
2405.0000 22453490
2406.5000 22448996
2408.0000 22444504
2409.5000 22440018
2411.0000 22435534
2412.5000 22431054
2414.0000 22426576
2415.5000 22422102
2417.0000 22417632
2418.5000 22413164
2420.0000 22408700
2421.5000 22404240
2423.0000 22399782
2424.5000 22395328
2426.0000 22390876
2427.5000 22386430
2429.0000 22381986
2430.5000 22377544
2432.0000 22373106
2433.5000 22368672
2435.0000 22364240
2436.5000 22359812
2438.0000 22355388
2439.5000 22350966
2441.0000 22346548
2442.5000 22342134
2444.0000 22337722
2445.5000 22333314
2447.0000 22328908
2448.5000 22324506
2450.0000 22320108
2451.5000 22315712
2453.0000 22311320
2454.5000 22306932
2456.0000 22302546
2457.5000 22298162
2459.0000 22293784
2460.5000 22289408
2462.0000 22285034
2463.5000 22280664
2465.0000 22276298
2466.5000 22271934
2468.0000 22267574
2469.5000 22263218
2471.0000 22258864
2472.5000 22254512
2474.0000 22250166
2475.5000 22245820
2477.0000 22241480
2478.5000 22237142
2480.0000 22232806
2481.5000 22228476
2483.0000 22224146
2484.5000 22219822
2486.0000 22215500
2487.5000 22211180
2489.0000 22206864
2490.5000 22202552
2492.0000 22198242
2493.5000 22193936
2495.0000 22189632
2496.5000 22185332
2498.0000 22181034
2499.5000 22176740
2501.0000 22172450
2502.5000 22168162
2504.0000 22163876
2505.5000 22159594
2507.0000 22155316
2508.5000 22151040
2510.0000 22146768
2511.5000 22142498
2513.0000 22138232
2514.5000 22133970
2516.0000 22129710
2517.5000 22125452
2519.0000 22121198
2520.5000 22116948
2522.0000 22112700
2523.5000 22108456
2525.0000 22104214
2526.5000 22099976
2528.0000 22095740
2529.5000 22091506
2531.0000 22087278
2532.5000 22083050
2534.0000 22078828
2535.5000 22074608
2537.0000 22070390
2538.5000 22066176
2540.0000 22061964
2541.5000 22057756
2543.0000 22053550
2544.5000 22049348
2546.0000 22045150
2547.5000 22040952
2549.0000 22036760
2550.5000 22032570
2552.0000 22028382
2553.5000 22024198
2555.0000 22020016
2556.5000 22015838
2558.0000 22011664
2559.5000 22007490
2561.0000 22003322
2562.5000 21999156
2564.0000 21994992
2565.5000 21990832
2567.0000 21986674
2568.5000 21982520
2570.0000 21978368
2571.5000 21974220
2573.0000 21970074
2574.5000 21965930
2576.0000 21961790
2577.5000 21957654
2579.0000 21953520
2580.5000 21949390
2582.0000 21945262
2583.5000 21941136
2585.0000 21937014
2586.5000 21932894
2588.0000 21928778
2589.5000 21924666
2591.0000 21920554
2592.5000 21916448
2594.0000 21912342
2595.5000 21908240
2597.0000 21904142
2598.5000 21900046
2600.0000 21895952
2601.5000 21891862
2603.0000 21887776
2604.5000 21883690
2606.0000 21879610
2607.5000 21875530
2609.0000 21871454
2610.5000 21867382
2612.0000 21863312
2613.5000 21859244
2615.0000 21855180
2616.5000 21851118
2618.0000 21847060
2619.5000 21843004
2621.0000 21838952
2622.5000 21834902
2624.0000 21830854
2625.5000 21826810
2627.0000 21822768
2628.5000 21818730
2630.0000 21814694
2631.5000 21810660
2633.0000 21806630
2634.5000 21802602
2636.0000 21798578
2637.5000 21794556
2639.0000 21790538
2640.5000 21786522
2642.0000 21782508
2643.5000 21778498
2645.0000 21774490
2646.5000 21770484
2648.0000 21766482
2649.5000 21762484
2651.0000 21758486
2652.5000 21754494
2654.0000 21750502
2655.5000 21746514
2657.0000 21742528
2658.5000 21738546
2660.0000 21734566
2661.5000 21730588
2663.0000 21726614
2664.5000 21722642
2666.0000 21718674
2667.5000 21714708
2669.0000 21710744
2670.5000 21706784
2672.0000 21702826
2673.5000 21698872
2675.0000 21694920
2676.5000 21690970
2678.0000 21687022
2679.5000 21683078
2681.0000 21679138
2682.5000 21675198
2684.0000 21671262
2685.5000 21667330
2687.0000 21663398
2688.5000 21659470
2690.0000 21655546
2691.5000 21651624
2693.0000 21647704
2694.5000 21643786
2696.0000 21639872
2697.5000 21635962
2699.0000 21632052
2700.5000 21628146
2702.0000 21624242
2703.5000 21620342
2705.0000 21616444
2706.5000 21612548
2708.0000 21608656
2709.5000 21604766
2711.0000 21600878
2712.5000 21596994
2714.0000 21593112
2715.5000 21589232
2717.0000 21585356
2718.5000 21581482
2720.0000 21577610
2721.5000 21573742
2723.0000 21569876
2724.5000 21566012
2726.0000 21562152
2727.5000 21558292
2729.0000 21554438
2730.5000 21550584
2732.0000 21546734
2733.5000 21542886
2735.0000 21539042
2736.5000 21535200
2738.0000 21531360
2739.5000 21527522
2741.0000 21523688
2742.5000 21519856
2744.0000 21516026
2745.5000 21512200
2747.0000 21508376
2748.5000 21504554
2750.0000 21500736
2751.5000 21496920
2753.0000 21493106
2754.5000 21489294
2756.0000 21485486
2757.5000 21481680
2759.0000 21477878
2760.5000 21474076
2762.0000 21470278
2763.5000 21466482
2765.0000 21462690
2766.5000 21458900
2768.0000 21455112
2769.5000 21451326
2771.0000 21447544
2772.5000 21443764
2774.0000 21439986
2775.5000 21436212
2777.0000 21432438
2778.5000 21428668
2780.0000 21424902
2781.5000 21421136
2783.0000 21417374
2784.5000 21413614
2786.0000 21409858
2787.5000 21406102
2789.0000 21402350
2790.5000 21398600
2792.0000 21394854
2793.5000 21391110
2795.0000 21387368
2796.5000 21383628
2798.0000 21379890
2799.5000 21376156
2801.0000 21372424
2802.5000 21368694
2804.0000 21364968
2805.5000 21361244
2807.0000 21357522
2808.5000 21353802
2810.0000 21350086
2811.5000 21346370
2813.0000 21342658
2814.5000 21338950
2816.0000 21335242
2817.5000 21331538
2819.0000 21327836
2820.5000 21324136
2822.0000 21320440
2823.5000 21316744
2825.0000 21313052
2826.5000 21309362
2828.0000 21305676
2829.5000 21301990
2831.0000 21298308
2832.5000 21294628
2834.0000 21290952
2835.5000 21287276
2837.0000 21283604
2838.5000 21279934
2840.0000 21276266
2841.5000 21272602
2843.0000 21268938
2844.5000 21265278
2846.0000 21261620
2847.5000 21257966
2849.0000 21254312
2850.5000 21250662
2852.0000 21247014
2853.5000 21243368
2855.0000 21239724
2856.5000 21236084
2858.0000 21232446
2859.5000 21228810
2861.0000 21225176
2862.5000 21221544
2864.0000 21217916
2865.5000 21214290
2867.0000 21210666
2868.5000 21207044
2870.0000 21203426
2871.5000 21199808
2873.0000 21196194
2874.5000 21192582
2876.0000 21188972
2877.5000 21185366
2879.0000 21181760
2880.5000 21178158
2882.0000 21174558
2883.5000 21170960
2885.0000 21167364
2886.5000 21163772
2888.0000 21160182
2889.5000 21156592
2891.0000 21153008
2892.5000 21149424
2894.0000 21145842
2895.5000 21142264
2897.0000 21138688
2898.5000 21135114
2900.0000 21131542
2901.5000 21127972
2903.0000 21124406
2904.5000 21120840
2906.0000 21117278
2907.5000 21113718
2909.0000 21110160
2910.5000 21106604
2912.0000 21103052
2913.5000 21099502
2915.0000 21095952
2916.5000 21092406
2918.0000 21088862
2919.5000 21085322
2921.0000 21081782
2922.5000 21078246
2924.0000 21074712
2925.5000 21071180
2927.0000 21067650
2928.5000 21064122
2930.0000 21060596
2931.5000 21057074
2933.0000 21053552
2934.5000 21050034
2936.0000 21046518
2937.5000 21043004
2939.0000 21039494
2940.5000 21035984
2942.0000 21032476
2943.5000 21028972
2945.0000 21025470
2946.5000 21021970
2948.0000 21018472
2949.5000 21014976
2951.0000 21011484
2952.5000 21007992
2954.0000 21004504
2955.5000 21001018
2957.0000 20997532
2958.5000 20994050
2960.0000 20990572
2961.5000 20987094
2963.0000 20983618
2964.5000 20980146
2966.0000 20976674
2967.5000 20973206
2969.0000 20969740
2970.5000 20966276
2972.0000 20962814
2973.5000 20959356
2975.0000 20955898
2976.5000 20952442
2978.0000 20948990
2979.5000 20945540
2981.0000 20942092
2982.5000 20938646
2984.0000 20935202
2985.5000 20931760
2987.0000 20928320
2988.5000 20924882
2990.0000 20921448
2991.5000 20918014
2993.0000 20914584
2994.5000 20911156
2996.0000 20907730
2997.5000 20904306
2999.0000 20900884
3000.0000 20898604
3001.5000 20895186
3003.0000 20891770
3004.5000 20888356
3006.0000 20884944
3007.5000 20881536
3009.0000 20878128
3010.5000 20874722
3012.0000 20871320
3013.5000 20867920
3015.0000 20864520
3016.5000 20861124
3018.0000 20857730
3019.5000 20854338
3021.0000 20850948
3022.5000 20847562
3024.0000 20844176
3025.5000 20840792
3027.0000 20837412
3028.5000 20834032
3030.0000 20830656
3031.5000 20827280
3033.0000 20823908
3034.5000 20820538
3036.0000 20817170
3037.5000 20813804
3039.0000 20810440
3040.5000 20807078
3042.0000 20803718
3043.5000 20800360
3045.0000 20797006
3046.5000 20793652
3048.0000 20790300
3049.5000 20786952
3051.0000 20783604
3052.5000 20780260
3054.0000 20776918
3055.5000 20773578
3057.0000 20770238
3058.5000 20766902
3060.0000 20763568
3061.5000 20760236
3063.0000 20756906
3064.5000 20753578
3066.0000 20750252
3067.5000 20746928
3069.0000 20743608
3070.5000 20740288
3072.0000 20736970
3073.5000 20733656
3075.0000 20730342
3076.5000 20727032
3078.0000 20723722
3079.5000 20720416
3081.0000 20717110
3082.5000 20713808
3084.0000 20710508
3085.5000 20707208
3087.0000 20703912
3088.5000 20700618
3090.0000 20697326
3091.5000 20694036
3093.0000 20690748
3094.5000 20687460
3096.0000 20684176
3097.5000 20680894
3099.0000 20677616
3100.5000 20674338
3102.0000 20671062
3103.5000 20667788
3105.0000 20664516
3106.5000 20661246
3108.0000 20657978
3109.5000 20654714
3111.0000 20651450
3112.5000 20648188
3114.0000 20644928
3115.5000 20641672
3117.0000 20638416
3118.5000 20635162
3120.0000 20631912
3121.5000 20628662
3123.0000 20625414
3124.5000 20622170
3126.0000 20618926
3127.5000 20615686
3129.0000 20612446
3130.5000 20609210
3132.0000 20605974
3133.5000 20602740
3135.0000 20599510
3136.5000 20596280
3138.0000 20593054
3139.5000 20589828
3141.0000 20586606
3142.5000 20583384
3144.0000 20580166
3145.5000 20576948
3147.0000 20573734
3148.5000 20570520
3150.0000 20567310
3151.5000 20564100
3153.0000 20560894
3154.5000 20557688
3156.0000 20554486
3157.5000 20551284
3159.0000 20548086
3160.5000 20544888
3162.0000 20541692
3163.5000 20538500
3165.0000 20535308
3166.5000 20532120
3168.0000 20528932
3169.5000 20525746
3171.0000 20522564
3172.5000 20519382
3174.0000 20516202
3175.5000 20513026
3177.0000 20509850
3178.5000 20506676
3180.0000 20503506
3181.5000 20500336
3183.0000 20497168
3184.5000 20494002
3186.0000 20490838
3187.5000 20487676
3189.0000 20484516
3190.5000 20481360
3192.0000 20478204
3193.5000 20475050
3195.0000 20471898
3196.5000 20468746
3198.0000 20465598
3199.5000 20462452
3201.0000 20459308
3202.5000 20456166
3204.0000 20453026
3205.5000 20449886
3207.0000 20446750
3208.5000 20443616
3210.0000 20440482
3211.5000 20437352
3213.0000 20434222
3214.5000 20431096
3216.0000 20427970
3217.5000 20424848
3219.0000 20421726
3220.5000 20418606
3222.0000 20415490
3223.5000 20412374
3225.0000 20409260
3226.5000 20406148
3228.0000 20403038
3229.5000 20399930
3231.0000 20396824
3232.5000 20393720
3234.0000 20390618
3235.5000 20387518
3237.0000 20384420
3238.5000 20381322
3240.0000 20378228
3241.5000 20375134
3243.0000 20372044
3244.5000 20368954
3246.0000 20365868
3247.5000 20362782
3249.0000 20359698
3250.5000 20356618
3252.0000 20353538
3253.5000 20350460
3255.0000 20347384
3256.5000 20344310
3258.0000 20341238
3259.5000 20338166
3261.0000 20335098
3262.5000 20332032
3264.0000 20328966
3265.5000 20325904
3267.0000 20322842
3268.5000 20319784
3270.0000 20316726
3271.5000 20313670
3273.0000 20310616
3274.5000 20307564
3276.0000 20304514
3277.5000 20301466
3279.0000 20298420
3280.5000 20295376
3282.0000 20292334
3283.5000 20289292
3285.0000 20286254
3286.5000 20283216
3288.0000 20280180
3289.5000 20277148
3291.0000 20274116
3292.5000 20271086
3294.0000 20268058
3295.5000 20265032
3297.0000 20262006
3298.5000 20258984
3300.0000 20255964
3301.5000 20252944
3303.0000 20249928
3304.5000 20246912
3306.0000 20243898
3307.5000 20240886
3309.0000 20237876
3310.5000 20234868
3312.0000 20231862
3313.5000 20228858
3315.0000 20225856
3316.5000 20222854
3318.0000 20219856
3319.5000 20216858
3321.0000 20213862
3322.5000 20210868
3324.0000 20207876
3325.5000 20204886
3327.0000 20201898
3328.5000 20198912
3330.0000 20195926
3331.5000 20192944
3333.0000 20189962
3334.5000 20186982
3336.0000 20184006
3337.5000 20181030
3339.0000 20178054
3340.5000 20175082
3342.0000 20172112
3343.5000 20169144
3345.0000 20166176
3346.5000 20163210
3348.0000 20160248
3349.5000 20157286
3351.0000 20154326
3352.5000 20151366
3354.0000 20148410
3355.5000 20145456
3357.0000 20142502
3358.5000 20139552
3360.0000 20136602
3361.5000 20133654
3363.0000 20130708
3364.5000 20127764
3366.0000 20124822
3367.5000 20121880
3369.0000 20118942
3370.5000 20116004
3372.0000 20113068
3373.5000 20110134
3375.0000 20107202
3376.5000 20104272
3378.0000 20101344
3379.5000 20098416
3381.0000 20095492
3382.5000 20092568
3384.0000 20089646
3385.5000 20086726
3387.0000 20083808
3388.5000 20080892
3390.0000 20077976
3391.5000 20075064
3393.0000 20072152
3394.5000 20069242
3396.0000 20066334
3397.5000 20063428
3399.0000 20060524
3400.5000 20057620
3402.0000 20054720
3403.5000 20051820
3405.0000 20048922
3406.5000 20046026
3408.0000 20043132
3409.5000 20040240
3411.0000 20037348
3412.5000 20034458
3414.0000 20031572
3415.5000 20028686
3417.0000 20025802
3418.5000 20022918
3420.0000 20020038
3421.5000 20017158
3423.0000 20014282
3424.5000 20011406
3426.0000 20008532
3427.5000 20005660
3429.0000 20002788
3430.5000 19999920
3432.0000 19997052
3433.5000 19994186
3435.0000 19991322
3436.5000 19988460
3438.0000 19985600
3439.5000 19982740
3441.0000 19979882
3442.5000 19977028
3444.0000 19974172
3445.5000 19971320
3447.0000 19968470
3448.5000 19965620
3450.0000 19962774
3451.5000 19959928
3453.0000 19957084
3454.5000 19954242
3456.0000 19951400
3457.5000 19948562
3459.0000 19945724
3460.5000 19942888
3462.0000 19940054
3463.5000 19937222
3465.0000 19934390
3466.5000 19931562
3468.0000 19928734
3469.5000 19925908
3471.0000 19923084
3472.5000 19920260
3474.0000 19917440
3475.5000 19914620
3477.0000 19911802
3478.5000 19908986
3480.0000 19906172
3481.5000 19903358
3483.0000 19900546
3484.5000 19897738
3486.0000 19894930
3487.5000 19892122
3489.0000 19889318
3490.5000 19886514
3492.0000 19883714
3493.5000 19880914
3495.0000 19878114
3496.5000 19875318
3498.0000 19872522
3499.5000 19869730
3501.0000 19866938
3502.5000 19864148
3504.0000 19861358
3505.5000 19858572
3507.0000 19855786
3508.5000 19853002
3510.0000 19850220
3511.5000 19847438
3513.0000 19844660
3514.5000 19841882
3516.0000 19839106
3517.5000 19836332
3519.0000 19833558
3520.5000 19830788
3522.0000 19828018
3523.5000 19825250
3525.0000 19822484
3526.5000 19819718
3528.0000 19816956
3529.5000 19814194
3531.0000 19811434
3532.5000 19808676
3534.0000 19805918
3535.5000 19803164
3537.0000 19800410
3538.5000 19797658
3540.0000 19794906
3541.5000 19792158
3543.0000 19789410
3544.5000 19786664
3546.0000 19783920
3547.5000 19781176
3549.0000 19778436
3550.5000 19775696
3552.0000 19772958
3553.5000 19770220
3555.0000 19767486
3556.5000 19764752
3558.0000 19762020
3559.5000 19759290
3561.0000 19756562
3562.5000 19753834
3564.0000 19751108
3565.5000 19748384
3567.0000 19745662
3568.5000 19742940
3570.0000 19740220
3571.5000 19737502
3573.0000 19734786
3574.5000 19732072
3576.0000 19729358
3577.5000 19726646
3579.0000 19723936
3580.5000 19721228
3582.0000 19718520
3583.5000 19715814
3585.0000 19713110
3586.5000 19710408
3588.0000 19707706
3589.5000 19705006
3591.0000 19702308
3592.5000 19699612
3594.0000 19696918
3595.5000 19694224
3597.0000 19691532
3598.5000 19688842
3600.0000 19686152
3601.5000 19683464
3603.0000 19680778
3604.5000 19678094
3606.0000 19675412
3607.5000 19672730
3609.0000 19670050
3610.5000 19667372
3612.0000 19664694
3613.5000 19662020
3615.0000 19659346
3616.5000 19656674
3618.0000 19654002
3619.5000 19651332
3621.0000 19648666
3622.5000 19645998
3624.0000 19643334
3625.5000 19640670
3627.0000 19638008
3628.5000 19635348
3630.0000 19632690
3631.5000 19630032
3633.0000 19627376
3634.5000 19624722
3636.0000 19622068
3637.5000 19619416
3639.0000 19616766
3640.5000 19614118
3642.0000 19611472
3643.5000 19608826
3645.0000 19606182
3646.5000 19603538
3648.0000 19600898
3649.5000 19598258
3651.0000 19595620
3652.5000 19592982
3654.0000 19590348
3655.5000 19587714
3657.0000 19585082
3658.5000 19582450
3660.0000 19579822
3661.5000 19577194
3663.0000 19574566
3664.5000 19571942
3666.0000 19569318
3667.5000 19566696
3669.0000 19564076
3670.5000 19561456
3672.0000 19558838
3673.5000 19556222
3675.0000 19553608
3676.5000 19550994
3678.0000 19548382
3679.5000 19545772
3681.0000 19543162
3682.5000 19540554
3684.0000 19537948
3685.5000 19535344
3687.0000 19532740
3688.5000 19530138
3690.0000 19527538
3691.5000 19524940
3693.0000 19522342
3694.5000 19519746
3696.0000 19517152
3697.5000 19514558
3699.0000 19511966
3700.5000 19509376
3702.0000 19506786
3703.5000 19504200
3705.0000 19501614
3706.5000 19499028
3708.0000 19496446
3709.5000 19493864
3711.0000 19491284
3712.5000 19488704
3714.0000 19486126
3715.5000 19483550
3717.0000 19480976
3718.5000 19478402
3720.0000 19475830
3721.5000 19473260
3723.0000 19470692
3724.5000 19468124
3726.0000 19465558
3727.5000 19462992
3729.0000 19460428
3730.5000 19457866
3732.0000 19455306
3733.5000 19452748
3735.0000 19450190
3736.5000 19447632
3738.0000 19445078
3739.5000 19442524
3741.0000 19439972
3742.5000 19437422
3744.0000 19434872
3745.5000 19432324
3747.0000 19429778
3748.5000 19427232
3750.0000 19424688
3751.5000 19422146
3753.0000 19419604
3754.5000 19417064
3756.0000 19414526
3757.5000 19411990
3759.0000 19409454
3760.5000 19406920
3762.0000 19404386
3763.5000 19401856
3765.0000 19399326
3766.5000 19396796
3768.0000 19394270
3769.5000 19391744
3771.0000 19389220
3772.5000 19386696
3774.0000 19384174
3775.5000 19381654
3777.0000 19379134
3778.5000 19376616
3780.0000 19374100
3781.5000 19371586
3783.0000 19369072
3784.5000 19366560
3786.0000 19364050
3787.5000 19361540
3789.0000 19359032
3790.5000 19356524
3792.0000 19354020
3793.5000 19351516
3795.0000 19349012
3796.5000 19346510
3798.0000 19344010
3799.5000 19341512
3801.0000 19339016
3802.5000 19336520
3804.0000 19334024
3805.5000 19331532
3807.0000 19329040
3808.5000 19326548
3810.0000 19324060
3811.5000 19321572
3813.0000 19319086
3814.5000 19316600
3816.0000 19314116
3817.5000 19311634
3819.0000 19309152
3820.5000 19306672
3822.0000 19304194
3823.5000 19301716
3825.0000 19299240
3826.5000 19296766
3828.0000 19294294
3829.5000 19291822
3831.0000 19289350
3832.5000 19286882
3834.0000 19284414
3835.5000 19281946
3837.0000 19279482
3838.5000 19277018
3840.0000 19274556
3841.5000 19272094
3843.0000 19269634
3844.5000 19267176
3846.0000 19264718
3847.5000 19262262
3849.0000 19259808
3850.5000 19257354
3852.0000 19254902
3853.5000 19252450
3855.0000 19250002
3856.5000 19247554
3858.0000 19245106
3859.5000 19242660
3861.0000 19240216
3862.5000 19237774
3864.0000 19235332
3865.5000 19232892
3867.0000 19230452
3868.5000 19228016
3870.0000 19225578
3871.5000 19223144
3873.0000 19220710
3874.5000 19218278
3876.0000 19215846
3877.5000 19213416
3879.0000 19210988
3880.5000 19208560
3882.0000 19206134
3883.5000 19203710
3885.0000 19201286
3886.5000 19198864
3888.0000 19196442
3889.5000 19194022
3891.0000 19191604
3892.5000 19189188
3894.0000 19186772
3895.5000 19184358
3897.0000 19181944
3898.5000 19179532
3900.0000 19177122
3901.5000 19174712
3903.0000 19172304
3904.5000 19169896
3906.0000 19167492
3907.5000 19165088
3909.0000 19162684
3910.5000 19160282
3912.0000 19157882
3913.5000 19155482
3915.0000 19153084
3916.5000 19150688
3918.0000 19148292
3919.5000 19145898
3921.0000 19143506
3922.5000 19141114
3924.0000 19138724
3925.5000 19136334
3927.0000 19133946
3928.5000 19131560
3930.0000 19129174
3931.5000 19126790
3933.0000 19124408
3934.5000 19122026
3936.0000 19119646
3937.5000 19117266
3939.0000 19114888
3940.5000 19112512
3942.0000 19110136
3943.5000 19107762
3945.0000 19105390
3946.5000 19103018
3948.0000 19100648
3949.5000 19098278
3951.0000 19095910
3952.5000 19093544
3954.0000 19091178
3955.5000 19088814
3957.0000 19086452
3958.5000 19084090
3960.0000 19081730
3961.5000 19079370
3963.0000 19077012
3964.5000 19074656
3966.0000 19072300
3967.5000 19069946
3969.0000 19067592
3970.5000 19065240
3972.0000 19062890
3973.5000 19060540
3975.0000 19058192
3976.5000 19055846
3978.0000 19053500
3979.5000 19051156
3981.0000 19048812
3982.5000 19046470
3984.0000 19044130
3985.5000 19041790
3987.0000 19039452
3988.5000 19037114
3990.0000 19034778
3991.5000 19032444
3993.0000 19030110
3994.5000 19027778
3996.0000 19025446
3997.5000 19023116
3999.0000 19020788
4000.5000 19018460
4002.0000 19016134
4003.5000 19013810
4005.0000 19011486
4006.5000 19009162
4008.0000 19006842
4009.5000 19004520
4011.0000 19002202
4012.5000 18999884
4014.0000 18997568
4015.5000 18995252
4017.0000 18992938
4018.5000 18990624
4020.0000 18988312
4021.5000 18986002
4023.0000 18983692
4024.5000 18981384
4026.0000 18979078
4027.5000 18976772
4029.0000 18974466
4030.5000 18972164
4032.0000 18969860
4033.5000 18967560
4035.0000 18965260
4036.5000 18962960
4038.0000 18960664
4039.5000 18958366
4041.0000 18956072
4042.5000 18953778
4044.0000 18951484
4045.5000 18949194
4047.0000 18946902
4048.5000 18944614
4050.0000 18942326
4051.5000 18940038
4053.0000 18937752
4054.5000 18935468
4056.0000 18933184
4057.5000 18930902
4059.0000 18928620
4060.5000 18926340
4062.0000 18924062
4063.5000 18921784
4065.0000 18919508
4066.5000 18917232
4068.0000 18914958
4069.5000 18912686
4071.0000 18910414
4072.5000 18908144
4074.0000 18905874
4075.5000 18903606
4077.0000 18901338
4078.5000 18899072
4080.0000 18896808
4081.5000 18894544
4083.0000 18892282
4084.5000 18890020
4086.0000 18887760
4087.5000 18885500
4089.0000 18883242
4090.5000 18880986
4092.0000 18878730
4093.5000 18876476
4095.0000 18874222
4096.5000 18871970
4098.0000 18869720
4099.5000 18867470
4101.0000 18865220
4102.5000 18862972
4104.0000 18860726
4105.5000 18858482
4107.0000 18856236
4108.5000 18853994
4110.0000 18851752
4111.5000 18849512
4113.0000 18847272
4114.5000 18845034
4116.0000 18842796
4117.5000 18840560
4119.0000 18838324
4120.5000 18836090
4122.0000 18833858
4123.5000 18831626
4125.0000 18829396
4126.5000 18827166
4128.0000 18824938
4129.5000 18822710
4131.0000 18820484
4132.5000 18818260
4134.0000 18816036
4135.5000 18813814
4137.0000 18811592
4138.5000 18809372
4140.0000 18807152
4141.5000 18804934
4143.0000 18802716
4144.5000 18800500
4146.0000 18798286
4147.5000 18796072
4149.0000 18793860
4150.5000 18791648
4152.0000 18789438
4153.5000 18787228
4155.0000 18785020
4156.5000 18782812
4158.0000 18780606
4159.5000 18778402
4161.0000 18776198
4162.5000 18773996
4164.0000 18771794
4165.5000 18769594
4167.0000 18767394
4168.5000 18765196
4170.0000 18763000
4171.5000 18760804
4173.0000 18758608
4174.5000 18756414
4176.0000 18754222
4177.5000 18752030
4179.0000 18749840
4180.5000 18747650
4182.0000 18745462
4183.5000 18743274
4185.0000 18741088
4186.5000 18738904
4188.0000 18736720
4189.5000 18734536
4191.0000 18732354
4192.5000 18730174
4194.0000 18727994
4195.5000 18725816
4197.0000 18723638
4198.5000 18721462
4200.0000 18719288
4201.5000 18717114
4203.0000 18714940
4204.5000 18712768
4206.0000 18710598
4207.5000 18708428
4209.0000 18706258
4210.5000 18704090
4212.0000 18701924
4213.5000 18699758
4215.0000 18697594
4216.5000 18695430
4218.0000 18693268
4219.5000 18691108
4221.0000 18688948
4222.5000 18686788
4224.0000 18684630
4225.5000 18682474
4227.0000 18680318
4228.5000 18678162
4230.0000 18676008
4231.5000 18673856
4233.0000 18671704
4234.5000 18669554
4236.0000 18667404
4237.5000 18665256
4239.0000 18663108
4240.5000 18660962
4242.0000 18658818
4243.5000 18656674
4245.0000 18654530
4246.5000 18652388
4248.0000 18650248
4249.5000 18648108
4251.0000 18645968
4252.5000 18643830
4254.0000 18641694
4255.5000 18639558
4257.0000 18637424
4258.5000 18635290
4260.0000 18633158
4261.5000 18631026
4263.0000 18628896
4264.5000 18626766
4266.0000 18624638
4267.5000 18622510
4269.0000 18620384
4270.5000 18618258
4272.0000 18616134
4273.5000 18614012
4275.0000 18611890
4276.5000 18609768
4278.0000 18607648
4279.5000 18605530
4281.0000 18603412
4282.5000 18601294
4284.0000 18599178
4285.5000 18597064
4287.0000 18594950
4288.5000 18592838
4290.0000 18590726
4291.5000 18588616
4293.0000 18586506
4294.5000 18584396
4296.0000 18582290
4297.5000 18580182
4299.0000 18578078
4300.5000 18575972
4302.0000 18573870
4303.5000 18571766
4305.0000 18569666
4306.5000 18567566
4308.0000 18565466
4309.5000 18563368
4311.0000 18561270
4312.5000 18559174
4314.0000 18557078
4315.5000 18554984
4317.0000 18552892
4318.5000 18550798
4320.0000 18548708
4321.5000 18546618
4323.0000 18544528
4324.5000 18542440
4326.0000 18540354
4327.5000 18538268
4329.0000 18536182
4330.5000 18534098
4332.0000 18532014
4333.5000 18529932
4335.0000 18527852
4336.5000 18525772
4338.0000 18523692
4339.5000 18521614
4341.0000 18519538
4342.5000 18517462
4344.0000 18515386
4345.5000 18513312
4347.0000 18511240
4348.5000 18509168
4350.0000 18507096
4351.5000 18505026
4353.0000 18502958
4354.5000 18500890
4356.0000 18498822
4357.5000 18496756
4359.0000 18494692
4360.5000 18492628
4362.0000 18490564
4363.5000 18488502
4365.0000 18486442
4366.5000 18484382
4368.0000 18482322
4369.5000 18480264
4371.0000 18478208
4372.5000 18476152
4374.0000 18474096
4375.5000 18472042
4377.0000 18469990
4378.5000 18467938
4380.0000 18465886
4381.5000 18463836
4383.0000 18461788
4384.5000 18459740
4386.0000 18457692
4387.5000 18455646
4389.0000 18453600
4390.5000 18451556
4392.0000 18449514
4393.5000 18447472
4395.0000 18445430
4396.5000 18443390
4398.0000 18441350
4399.5000 18439312
4401.0000 18437274
4402.5000 18435238
4404.0000 18433202
4405.5000 18431168
4407.0000 18429136
4408.5000 18427102
4410.0000 18425072
4411.5000 18423040
4413.0000 18421010
4414.5000 18418982
4416.0000 18416954
4417.5000 18414928
4419.0000 18412902
4420.5000 18410878
4422.0000 18408854
4423.5000 18406832
4425.0000 18404810
4426.5000 18402788
4428.0000 18400768
4429.5000 18398750
4431.0000 18396732
4432.5000 18394714
4434.0000 18392698
4435.5000 18390684
4437.0000 18388670
4438.5000 18386656
4440.0000 18384644
4441.5000 18382632
4443.0000 18380622
4444.5000 18378614
4446.0000 18376604
4447.5000 18374598
4449.0000 18372590
4450.5000 18370586
4452.0000 18368580
4453.5000 18366578
4455.0000 18364574
4456.5000 18362572
4458.0000 18360572
4459.5000 18358572
4461.0000 18356574
4462.5000 18354576
4464.0000 18352578
4465.5000 18350582
4467.0000 18348588
4468.5000 18346592
4470.0000 18344600
4471.5000 18342608
4473.0000 18340616
4474.5000 18338626
4476.0000 18336636
4477.5000 18334648
4479.0000 18332660
4480.5000 18330674
4482.0000 18328688
4483.5000 18326702
4485.0000 18324720
4486.5000 18322736
4488.0000 18320754
4489.5000 18318774
4491.0000 18316794
4492.5000 18314814
4494.0000 18312836
4495.5000 18310858
4497.0000 18308882
4498.5000 18306906
4500.0000 18304932
4501.5000 18302958
4503.0000 18300986
4504.5000 18299014
4506.0000 18297044
4507.5000 18295074
4509.0000 18293104
4510.5000 18291136
4512.0000 18289170
4513.5000 18287202
4515.0000 18285238
4516.5000 18283274
4518.0000 18281310
4519.5000 18279348
4521.0000 18277386
4522.5000 18275426
4524.0000 18273466
4525.5000 18271506
4527.0000 18269548
4528.5000 18267592
4530.0000 18265636
4531.5000 18263680
4533.0000 18261726
4534.5000 18259772
4536.0000 18257820
4537.5000 18255868
4539.0000 18253918
4540.5000 18251968
4542.0000 18250020
4543.5000 18248072
4545.0000 18246124
4546.5000 18244178
4548.0000 18242234
4549.5000 18240290
4551.0000 18238346
4552.5000 18236404
4554.0000 18234462
4555.5000 18232520
4557.0000 18230582
4558.5000 18228642
4560.0000 18226704
4561.5000 18224768
4563.0000 18222832
4564.5000 18220896
4566.0000 18218962
4567.5000 18217028
4569.0000 18215096
4570.5000 18213164
4572.0000 18211234
4573.5000 18209304
4575.0000 18207374
4576.5000 18205446
4578.0000 18203518
4579.5000 18201592
4581.0000 18199668
4582.5000 18197742
4584.0000 18195818
4585.5000 18193896
4587.0000 18191974
4588.5000 18190054
4590.0000 18188134
4591.5000 18186214
4593.0000 18184296
4594.5000 18182378
4596.0000 18180462
4597.5000 18178546
4599.0000 18176632
4600.5000 18174718
4602.0000 18172804
4603.5000 18170892
4605.0000 18168980
4606.5000 18167070
4608.0000 18165162
4609.5000 18163252
4611.0000 18161344
4612.5000 18159438
4614.0000 18157532
4615.5000 18155626
4617.0000 18153722
4618.5000 18151820
4620.0000 18149916
4621.5000 18148016
4623.0000 18146114
4624.5000 18144214
4626.0000 18142316
4627.5000 18140418
4629.0000 18138520
4630.5000 18136624
4632.0000 18134728
4633.5000 18132834
4635.0000 18130940
4636.5000 18129046
4638.0000 18127154
4639.5000 18125264
4641.0000 18123374
4642.5000 18121484
4644.0000 18119596
4645.5000 18117708
4647.0000 18115820
4648.5000 18113934
4650.0000 18112050
4651.5000 18110166
4653.0000 18108282
4654.5000 18106400
4656.0000 18104518
4657.5000 18102636
4659.0000 18100756
4660.5000 18098878
4662.0000 18097000
4663.5000 18095122
4665.0000 18093246
4666.5000 18091370
4668.0000 18089494
4669.5000 18087620
4671.0000 18085748
4672.5000 18083876
4674.0000 18082004
4675.5000 18080134
4677.0000 18078264
4678.5000 18076394
4680.0000 18074526
4681.5000 18072660
4683.0000 18070792
4684.5000 18068928
4686.0000 18067062
4687.5000 18065198
4689.0000 18063336
4690.5000 18061474
4692.0000 18059612
4693.5000 18057752
4695.0000 18055892
4696.5000 18054034
4698.0000 18052176
4699.5000 18050318
4701.0000 18048462
4702.5000 18046606
4704.0000 18044752
4705.5000 18042898
4707.0000 18041046
4708.5000 18039194
4710.0000 18037342
4711.5000 18035492
4713.0000 18033642
4714.5000 18031794
4716.0000 18029946
4717.5000 18028098
4719.0000 18026252
4720.5000 18024408
4722.0000 18022562
4723.5000 18020718
4725.0000 18018876
4726.5000 18017034
4728.0000 18015192
4729.5000 18013352
4731.0000 18011512
4732.5000 18009674
4734.0000 18007836
4735.5000 18005998
4737.0000 18004162
4738.5000 18002328
4740.0000 18000492
4741.5000 17998658
4743.0000 17996826
4744.5000 17994994
4746.0000 17993162
4747.5000 17991332
4749.0000 17989502
4750.5000 17987674
4752.0000 17985846
4753.5000 17984018
4755.0000 17982192
4756.5000 17980366
4758.0000 17978540
4759.5000 17976716
4761.0000 17974894
4762.5000 17973072
4764.0000 17971250
4765.5000 17969430
4767.0000 17967610
4768.5000 17965790
4770.0000 17963972
4771.5000 17962154
4773.0000 17960338
4774.5000 17958522
4776.0000 17956706
4777.5000 17954892
4779.0000 17953080
4780.5000 17951266
4782.0000 17949454
4783.5000 17947644
4785.0000 17945834
4786.5000 17944024
4788.0000 17942216
4789.5000 17940408
4791.0000 17938600
4792.5000 17936794
4794.0000 17934990
4795.5000 17933184
4797.0000 17931380
4798.5000 17929578
4800.0000 17927776
4801.5000 17925974
4803.0000 17924174
4804.5000 17922374
4806.0000 17920574
4807.5000 17918776
4809.0000 17916980
4810.5000 17915182
4812.0000 17913386
4813.5000 17911592
4815.0000 17909798
4816.5000 17908004
4818.0000 17906212
4819.5000 17904420
4821.0000 17902628
4822.5000 17900838
4824.0000 17899048
4825.5000 17897260
4827.0000 17895472
4828.5000 17893686
4830.0000 17891898
4831.5000 17890114
4833.0000 17888328
4834.5000 17886544
4836.0000 17884762
4837.5000 17882980
4839.0000 17881198
4840.5000 17879416
4842.0000 17877636
4843.5000 17875858
4845.0000 17874080
4846.5000 17872302
4848.0000 17870524
4849.5000 17868748
4851.0000 17866974
4852.5000 17865198
4854.0000 17863424
4855.5000 17861652
4857.0000 17859880
4858.5000 17858108
4860.0000 17856338
4861.5000 17854568
4863.0000 17852798
4864.5000 17851030
4866.0000 17849262
4867.5000 17847496
4869.0000 17845730
4870.5000 17843964
4872.0000 17842200
4873.5000 17840436
4875.0000 17838674
4876.5000 17836912
4878.0000 17835150
4879.5000 17833390
4881.0000 17831630
4882.5000 17829870
4884.0000 17828112
4885.5000 17826354
4887.0000 17824598
4888.5000 17822842
4890.0000 17821086
4891.5000 17819332
4893.0000 17817578
4894.5000 17815826
4896.0000 17814074
4897.5000 17812322
4899.0000 17810570
4900.5000 17808822
4902.0000 17807072
4903.5000 17805324
4905.0000 17803576
4906.5000 17801830
4908.0000 17800082
4909.5000 17798338
4911.0000 17796594
4912.5000 17794850
4914.0000 17793106
4915.5000 17791364
4917.0000 17789622
4918.5000 17787882
4920.0000 17786142
4921.5000 17784402
4923.0000 17782664
4924.5000 17780926
4926.0000 17779188
4927.5000 17777452
4929.0000 17775718
4930.5000 17773982
4932.0000 17772248
4933.5000 17770514
4935.0000 17768782
4936.5000 17767050
4938.0000 17765320
4939.5000 17763590
4941.0000 17761860
4942.5000 17760130
4944.0000 17758402
4945.5000 17756676
4947.0000 17754950
4948.5000 17753224
4950.0000 17751498
4951.5000 17749774
4953.0000 17748050
4954.5000 17746328
4956.0000 17744606
4957.5000 17742884
4959.0000 17741164
4960.5000 17739444
4962.0000 17737724
4963.5000 17736006
4965.0000 17734288
4966.5000 17732572
4968.0000 17730856
4969.5000 17729140
4971.0000 17727426
4972.5000 17725712
4974.0000 17723998
4975.5000 17722286
4977.0000 17720574
4978.5000 17718862
4980.0000 17717152
4981.5000 17715442
4983.0000 17713734
4984.5000 17712026
4986.0000 17710318
4987.5000 17708612
4989.0000 17706906
4990.5000 17705200
4992.0000 17703496
4993.5000 17701792
4995.0000 17700090
4996.5000 17698388
4998.0000 17696686
4999.5000 17694986
5001.0000 17693286
5002.5000 17691586
5004.0000 17689888
5005.5000 17688190
5007.0000 17686492
5008.5000 17684796
5010.0000 17683100
5011.5000 17681404
5013.0000 17679710
5014.5000 17678018
5016.0000 17676324
5017.5000 17674632
5019.0000 17672940
5020.5000 17671250
5022.0000 17669560
5023.5000 17667870
5025.0000 17666182
5026.5000 17664494
5028.0000 17662808
5029.5000 17661122
5031.0000 17659436
5032.5000 17657750
5034.0000 17656066
5035.5000 17654382
5037.0000 17652700
5038.5000 17651018
5040.0000 17649336
5041.5000 17647656
5043.0000 17645976
5044.5000 17644296
5046.0000 17642618
5047.5000 17640940
5049.0000 17639264
5050.5000 17637586
5052.0000 17635912
5053.5000 17634236
5055.0000 17632562
5056.5000 17630888
5058.0000 17629216
5059.5000 17627544
5061.0000 17625872
5062.5000 17624202
5064.0000 17622532
5065.5000 17620862
5067.0000 17619194
5068.5000 17617526
5070.0000 17615858
5071.5000 17614192
5073.0000 17612526
5074.5000 17610860
5076.0000 17609196
5077.5000 17607532
5079.0000 17605870
5080.5000 17604208
5082.0000 17602546
5083.5000 17600884
5085.0000 17599224
5086.5000 17597564
5088.0000 17595906
5089.5000 17594248
5091.0000 17592590
5092.5000 17590934
5094.0000 17589278
5095.5000 17587622
5097.0000 17585968
5098.5000 17584314
5100.0000 17582660
5101.5000 17581008
5103.0000 17579356
5104.5000 17577706
5106.0000 17576054
5107.5000 17574404
5109.0000 17572756
5110.5000 17571108
5112.0000 17569460
5113.5000 17567812
5115.0000 17566166
5116.5000 17564520
5118.0000 17562876
5119.5000 17561232
5121.0000 17559588
5122.5000 17557944
5124.0000 17556302
5125.5000 17554660
5127.0000 17553020
5128.5000 17551380
5130.0000 17549740
5131.5000 17548102
5133.0000 17546464
5134.5000 17544826
5136.0000 17543190
5137.5000 17541554
5139.0000 17539918
5140.5000 17538284
5142.0000 17536650
5143.5000 17535016
5145.0000 17533384
5146.5000 17531752
5148.0000 17530120
5149.5000 17528490
5151.0000 17526860
5152.5000 17525230
5154.0000 17523602
5155.5000 17521974
5157.0000 17520346
5158.5000 17518720
5160.0000 17517094
5161.5000 17515468
5163.0000 17513844
5164.5000 17512220
5166.0000 17510596
5167.5000 17508974
5169.0000 17507352
5170.5000 17505730
5172.0000 17504110
5173.5000 17502490
5175.0000 17500872
5176.5000 17499252
5178.0000 17497634
5179.5000 17496018
5181.0000 17494402
5182.5000 17492786
5184.0000 17491170
5185.5000 17489556
5187.0000 17487942
5188.5000 17486328
5190.0000 17484716
5191.5000 17483104
5193.0000 17481494
5194.5000 17479882
5196.0000 17478272
5197.5000 17476664
5199.0000 17475054
5200.5000 17473448
5202.0000 17471840
5203.5000 17470234
5205.0000 17468628
5206.5000 17467022
5208.0000 17465418
5209.5000 17463814
5211.0000 17462210
5212.5000 17460608
5214.0000 17459006
5215.5000 17457404
5217.0000 17455804
5218.5000 17454204
5220.0000 17452604
5221.5000 17451006
5223.0000 17449408
5224.5000 17447810
5226.0000 17446214
5227.5000 17444618
5229.0000 17443022
5230.5000 17441428
5232.0000 17439834
5233.5000 17438240
5235.0000 17436648
5236.5000 17435056
5238.0000 17433464
5239.5000 17431872
5241.0000 17430282
5242.5000 17428694
5244.0000 17427104
5245.5000 17425516
5247.0000 17423928
5248.5000 17422342
5250.0000 17420756
5251.5000 17419170
5253.0000 17417584
5254.5000 17416000
5256.0000 17414416
5257.5000 17412834
5259.0000 17411252
5260.5000 17409670
5262.0000 17408088
5263.5000 17406508
5265.0000 17404928
5266.5000 17403348
5268.0000 17401770
5269.5000 17400192
5271.0000 17398614
5272.5000 17397038
5274.0000 17395462
5275.5000 17393886
5277.0000 17392312
5278.5000 17390738
5280.0000 17389164
5281.5000 17387592
5283.0000 17386020
5284.5000 17384448
5286.0000 17382878
5287.5000 17381306
5289.0000 17379738
5290.5000 17378168
5292.0000 17376600
5293.5000 17375032
5295.0000 17373466
5296.5000 17371898
5298.0000 17370332
5299.5000 17368768
5301.0000 17367202
5302.5000 17365640
5304.0000 17364076
5305.5000 17362514
5307.0000 17360952
5308.5000 17359390
5310.0000 17357828
5311.5000 17356268
5313.0000 17354710
5314.5000 17353150
5316.0000 17351592
5317.5000 17350034
5319.0000 17348478
5320.5000 17346922
5322.0000 17345366
5323.5000 17343810
5325.0000 17342256
5326.5000 17340702
5328.0000 17339148
5329.5000 17337596
5331.0000 17336044
5332.5000 17334492
5334.0000 17332942
5335.5000 17331392
5337.0000 17329842
5338.5000 17328294
5340.0000 17326744
5341.5000 17325198
5343.0000 17323650
5344.5000 17322104
5346.0000 17320558
5347.5000 17319012
5349.0000 17317468
5350.5000 17315924
5352.0000 17314382
5353.5000 17312838
5355.0000 17311296
5356.5000 17309754
5358.0000 17308214
5359.5000 17306674
5361.0000 17305134
5362.5000 17303596
5364.0000 17302056
5365.5000 17300518
5367.0000 17298982
5368.5000 17297446
5370.0000 17295910
5371.5000 17294374
5373.0000 17292840
5374.5000 17291306
5376.0000 17289772
5377.5000 17288238
5379.0000 17286706
5380.5000 17285174
5382.0000 17283644
5383.5000 17282114
5385.0000 17280584
5386.5000 17279054
5388.0000 17277526
5389.5000 17275998
5391.0000 17274470
5392.5000 17272944
5394.0000 17271418
5395.5000 17269892
5397.0000 17268366
5398.5000 17266842
5400.0000 17265318
5401.5000 17263796
5403.0000 17262272
5404.5000 17260750
5406.0000 17259230
5407.5000 17257708
5409.0000 17256188
5410.5000 17254668
5412.0000 17253150
5413.5000 17251632
5415.0000 17250114
5416.5000 17248596
5418.0000 17247080
5419.5000 17245564
5421.0000 17244048
5422.5000 17242534
5424.0000 17241020
5425.5000 17239506
5427.0000 17237994
5428.5000 17236482
5430.0000 17234970
5431.5000 17233458
5433.0000 17231948
5434.5000 17230438
5436.0000 17228928
5437.5000 17227420
5439.0000 17225912
5440.5000 17224404
5442.0000 17222896
5443.5000 17221390
5445.0000 17219884
5446.5000 17218380
5448.0000 17216874
5449.5000 17215370
5451.0000 17213868
5452.5000 17212364
5454.0000 17210862
5455.5000 17209360
5457.0000 17207860
5458.5000 17206358
5460.0000 17204858
5461.5000 17203360
5463.0000 17201860
5464.5000 17200362
5466.0000 17198864
5467.5000 17197368
5469.0000 17195872
5470.5000 17194376
5472.0000 17192880
5473.5000 17191386
5475.0000 17189892
5476.5000 17188398
5478.0000 17186906
5479.5000 17185414
5481.0000 17183922
5482.5000 17182430
5484.0000 17180940
5485.5000 17179450
5487.0000 17177960
5488.5000 17176472
5490.0000 17174984
5491.5000 17173496
5493.0000 17172008
5494.5000 17170522
5496.0000 17169036
5497.5000 17167550
5499.0000 17166066
5500.5000 17164582
5502.0000 17163098
5503.5000 17161616
5505.0000 17160134
5506.5000 17158652
5508.0000 17157170
5509.5000 17155690
5511.0000 17154210
5512.5000 17152730
5514.0000 17151250
5515.5000 17149772
5517.0000 17148294
5518.5000 17146816
5520.0000 17145340
5521.5000 17143864
5523.0000 17142388
5524.5000 17140914
5526.0000 17139440
5527.5000 17137966
5529.0000 17136492
5530.5000 17135020
5532.0000 17133548
5533.5000 17132076
5535.0000 17130604
5536.5000 17129134
5538.0000 17127664
5539.5000 17126196
5541.0000 17124726
5542.5000 17123258
5544.0000 17121790
5545.5000 17120324
5547.0000 17118858
5548.5000 17117392
5550.0000 17115926
5551.5000 17114462
5553.0000 17112998
5554.5000 17111534
5556.0000 17110070
5557.5000 17108608
5559.0000 17107146
5560.5000 17105684
5562.0000 17104224
5563.5000 17102764
5565.0000 17101304
5566.5000 17099846
5568.0000 17098386
5569.5000 17096928
5571.0000 17095472
5572.5000 17094014
5574.0000 17092558
5575.5000 17091102
5577.0000 17089648
5578.5000 17088192
5580.0000 17086738
5581.5000 17085284
5583.0000 17083832
5584.5000 17082380
5586.0000 17080928
5587.5000 17079476
5589.0000 17078026
5590.5000 17076576
5592.0000 17075126
5593.5000 17073676
5595.0000 17072228
5596.5000 17070780
5598.0000 17069334
5599.5000 17067886
5601.0000 17066440
5602.5000 17064994
5604.0000 17063550
5605.5000 17062104
5607.0000 17060660
5608.5000 17059216
5610.0000 17057774
5611.5000 17056332
5613.0000 17054890
5614.5000 17053448
5616.0000 17052008
5617.5000 17050568
5619.0000 17049128
5620.5000 17047688
5622.0000 17046250
5623.5000 17044812
5625.0000 17043374
5626.5000 17041938
5628.0000 17040502
5629.5000 17039066
5631.0000 17037630
5632.5000 17036196
5634.0000 17034760
5635.5000 17033328
5637.0000 17031894
5638.5000 17030462
5640.0000 17029030
5641.5000 17027598
5643.0000 17026168
5644.5000 17024736
5646.0000 17023306
5647.5000 17021878
5649.0000 17020448
5650.5000 17019020
5652.0000 17017592
5653.5000 17016166
5655.0000 17014740
5656.5000 17013314
5658.0000 17011888
5659.5000 17010462
5661.0000 17009038
5662.5000 17007614
5664.0000 17006190
5665.5000 17004768
5667.0000 17003346
5668.5000 17001924
5670.0000 17000502
5671.5000 16999082
5673.0000 16997662
5674.5000 16996242
5676.0000 16994824
5677.5000 16993404
5679.0000 16991986
5680.5000 16990570
5682.0000 16989152
5683.5000 16987736
5685.0000 16986320
5686.5000 16984904
5688.0000 16983490
5689.5000 16982076
5691.0000 16980662
5692.5000 16979248
5694.0000 16977836
5695.5000 16976424
5697.0000 16975012
5698.5000 16973602
5700.0000 16972190
5701.5000 16970780
5703.0000 16969370
5704.5000 16967962
5706.0000 16966554
5707.5000 16965146
5709.0000 16963738
5710.5000 16962332
5712.0000 16960926
5713.5000 16959520
5715.0000 16958114
5716.5000 16956710
5718.0000 16955306
5719.5000 16953902
5721.0000 16952498
5722.5000 16951096
5724.0000 16949694
5725.5000 16948292
5727.0000 16946890
5728.5000 16945490
5730.0000 16944090
5731.5000 16942690
5733.0000 16941292
5734.5000 16939894
5736.0000 16938496
5737.5000 16937098
5739.0000 16935702
5740.5000 16934304
5742.0000 16932908
5743.5000 16931514
5745.0000 16930118
5746.5000 16928724
5748.0000 16927330
5749.5000 16925938
5751.0000 16924544
5752.5000 16923152
5754.0000 16921760
5755.5000 16920370
5757.0000 16918978
5758.5000 16917588
5760.0000 16916200
5761.5000 16914810
5763.0000 16913422
5764.5000 16912034
5766.0000 16910646
5767.5000 16909258
5769.0000 16907872
5770.5000 16906486
5772.0000 16905100
5773.5000 16903716
5775.0000 16902332
5776.5000 16900948
5778.0000 16899564
5779.5000 16898180
5781.0000 16896798
5782.5000 16895416
5784.0000 16894036
5785.5000 16892654
5787.0000 16891274
5788.5000 16889894
5790.0000 16888514
5791.5000 16887136
5793.0000 16885758
5794.5000 16884380
5796.0000 16883002
5797.5000 16881626
5799.0000 16880250
5800.5000 16878874
5802.0000 16877498
5803.5000 16876124
5805.0000 16874748
5806.5000 16873376
5808.0000 16872002
5809.5000 16870630
5811.0000 16869256
5812.5000 16867886
5814.0000 16866514
5815.5000 16865144
5817.0000 16863772
5818.5000 16862404
5820.0000 16861034
5821.5000 16859666
5823.0000 16858298
5824.5000 16856930
5826.0000 16855562
5827.5000 16854196
5829.0000 16852830
5830.5000 16851464
5832.0000 16850098
5833.5000 16848734
5835.0000 16847370
5836.5000 16846006
5838.0000 16844642
5839.5000 16843280
5841.0000 16841918
5842.5000 16840556
5844.0000 16839194
5845.5000 16837834
5847.0000 16836474
5848.5000 16835114
5850.0000 16833754
5851.5000 16832396
5853.0000 16831038
5854.5000 16829680
5856.0000 16828322
5857.5000 16826966
5859.0000 16825610
5860.5000 16824254
5862.0000 16822898
5863.5000 16821544
5865.0000 16820190
5866.5000 16818836
5868.0000 16817482
5869.5000 16816130
5871.0000 16814778
5872.5000 16813426
5874.0000 16812074
5875.5000 16810724
5877.0000 16809374
5878.5000 16808024
5880.0000 16806674
5881.5000 16805326
5883.0000 16803978
5884.5000 16802630
5886.0000 16801282
5887.5000 16799936
5889.0000 16798588
5890.5000 16797242
5892.0000 16795898
5893.5000 16794552
5895.0000 16793208
5896.5000 16791864
5898.0000 16790520
5899.5000 16789178
5901.0000 16787836
5902.5000 16786494
5904.0000 16785152
5905.5000 16783810
5907.0000 16782470
5908.5000 16781130
5910.0000 16779790
5911.5000 16778452
5913.0000 16777113
5914.5000 16775774
5916.0000 16774437
5917.5000 16773100
5919.0000 16771763
5920.5000 16770427
5922.0000 16769091
5923.5000 16767756
5925.0000 16766421
5926.5000 16765087
5928.0000 16763753
5929.5000 16762420
5931.0000 16761087
5932.5000 16759755
5934.0000 16758423
5935.5000 16757091
5937.0000 16755761
5938.5000 16754430
5940.0000 16753100
5941.5000 16751771
5943.0000 16750442
5944.5000 16749113
5946.0000 16747785
5947.5000 16746458
5949.0000 16745131
5950.5000 16743804
5952.0000 16742478
5953.5000 16741152
5955.0000 16739827
5956.5000 16738502
5958.0000 16737178
5959.5000 16735854
5961.0000 16734531
5962.5000 16733208
5964.0000 16731886
5965.5000 16730564
5967.0000 16729243
5968.5000 16727922
5970.0000 16726601
5971.5000 16725282
5973.0000 16723962
5974.5000 16722643
5976.0000 16721325
5977.5000 16720006
5979.0000 16718689
5980.5000 16717372
5982.0000 16716055
5983.5000 16714739
5985.0000 16713423
5986.5000 16712108
5988.0000 16710793
5989.5000 16709479
5991.0000 16708165
5992.5000 16706852
5994.0000 16705539
5995.5000 16704226
5997.0000 16702914
5998.5000 16701603
6000.0000 16700292