0.0000000 8654.3906
0.10000000 8612.7197
0.20000000 8614.6572
0.30000001 8616.5654
0.40000001 8618.1211
0.50000000 8619.0176
0.60000002 8619.0479
0.69999999 8618.2041
0.80000001 8616.6543
0.89999998 8614.5479
1.0000000 8612.0273
1.1000000 8609.2822
1.2000000 8606.3369
1.3000000 8601.3408
1.4000000 8598.1191
1.5000000 8597.1963
1.6000000 8598.1768
1.7000000 8600.5361
1.8000000 8603.6230
1.9000000 8606.7725
2.0000000 8609.4004
2.0999999 8611.0703
2.2000000 8611.5303
2.3000000 8610.7314
2.4000001 8608.7734
2.5000000 8605.8223
2.5999999 8602.6006
2.7000000 8599.8223
2.8000000 8597.8516
2.9000001 8596.8682
3.0000000 8596.8721
3.0999999 8597.7119
3.2000000 8599.1318
3.3000000 8600.8262
3.4000001 8602.4570
3.5000000 8603.7324
3.5999999 8604.5293
3.7000000 8604.7900
3.8000000 8604.5508
3.9000001 8603.9219
4.0000000 8603.0586
4.0999999 8602.1309
4.1999998 8601.2910
4.3000002 8600.6475
4.4000001 8600.2627
4.5000000 8600.1348
4.5999999 8600.2139
4.6999998 8600.4395
4.8000002 8600.7432
4.9000001 8601.0586
5.0000000 8601.3271
6.5000000 8600.5293
8.0000000 8598.4902
9.5000000 8597.2754
11.000000 8594.8096
12.500000 8593.6289
14.000000 8592.3721
15.500000 8591.4014
17.000000 8590.1357
18.500000 8589.2012
20.000000 8587.7373
21.500000 8587.0674
23.000000 8586.1250
24.500000 8590.2207
26.000000 8595.4023
27.500000 8601.2822
29.000000 8603.8809
30.500000 8592.4980
32.000000 7978.6460
33.500000 7382.6870
35.000000 6871.6387
36.500000 6429.2813
38.000000 6036.6143
39.500000 5688.6484
41.000000 5395.8721
42.500000 5084.1230
44.000000 4840.0537
45.500000 4606.3979
47.000000 4388.5132
48.500000 4191.3457
50.000000 3996.7822
51.500000 3825.8950
53.000000 3680.6025
54.500000 3560.8413
56.000000 3392.8735
57.500000 3264.3315
59.000000 3140.2820
60.500000 3056.2834
62.000000 2917.6160
63.500000 2813.7810
65.000000 2785.3611
66.500000 2661.3127
68.000000 2642.6631
69.500000 2555.5845
71.000000 2496.9744
72.500000 2382.3018
74.000000 2357.1775
75.500000 2297.6360
77.000000 2256.4736
78.500000 2143.1606
80.000000 2182.9573
81.500000 2071.7703
83.000000 2050.9573
84.500000 2072.0618
86.000000 1952.3428
87.500000 1923.0419
89.000000 1872.2565
90.500000 1785.7087
92.000000 1683.5721
93.500000 1595.3091
95.000000 1562.9088
96.500000 1418.8514
98.000000 1355.8638
99.500000 1292.5757
101.00000 1222.4045
102.50000 1180.5944
104.00000 1089.2646
105.50000 1000.1825
107.00000 905.36743
108.50000 839.45770
110.00000 750.63220
111.50000 643.87091
113.00000 583.89178
114.50000 550.61633
116.00000 570.48682
117.50000 633.41101
119.00000 647.78790
120.50000 623.32910
122.00000 612.00397
123.50000 571.48804
125.00000 574.92517
126.50000 571.00452
128.00000 578.24731
129.50000 558.08008
131.00000 585.07617
132.50000 575.14490
134.00000 594.45117
135.50000 583.18237
137.00000 599.74579
138.50000 597.34790
140.00000 613.06909
141.50000 626.79706
143.00000 640.83563
144.50000 647.64301
146.00000 642.87201
147.50000 634.11237
149.00000 623.82629
150.50000 615.76947
152.00000 611.11603
153.50000 613.03613
155.00000 609.15051
156.50000 605.36609
158.00000 605.69257
159.50000 602.27734
161.00000 594.83923
162.50000 605.22723
164.00000 622.69781
165.50000 645.30255
167.00000 672.03979
168.50000 669.94049
170.00000 674.91156
171.50000 649.24622
173.00000 666.73346
174.50000 660.73914
176.00000 647.49548
177.50000 631.17377
179.00000 627.15375
180.50000 618.01477
182.00000 622.70300
183.50000 624.24902
185.00000 624.13947
186.50000 623.83966
188.00000 622.71326
189.50000 624.41626
191.00000 632.93994
192.50000 636.50928
194.00000 644.96387
195.50000 647.23474
197.00000 642.84772
198.50000 644.83453
200.00000 611.43256
201.50000 564.37091
203.00000 530.75897
204.50000 528.88507
206.00000 525.99481
207.50000 525.04871
209.00000 526.37341
210.50000 535.79248
212.00000 546.79364
213.50000 531.33319
215.00000 471.28247
216.50000 413.04581
218.00000 349.26404
219.50000 310.80167
221.00000 293.18372
222.50000 296.42648
224.00000 256.48328
225.50000 196.52483
227.00000 220.13606
228.50000 212.16805
230.00000 132.93646
231.50000 71.128365
233.00000 75.612221
234.50000 91.532890
236.00000 52.925228
237.50000 -14.955583
239.00000 -24.092001
240.50000 -30.830719
242.00000 -51.440060
243.50000 -55.251492
245.00000 -29.692770
246.50000 6.5089469
248.00000 18.768085
249.50000 14.292968
251.00000 -1.9381491
252.50000 -13.267583
254.00000 -17.899057
255.50000 -16.366798
257.00000 -6.6027207
258.50000 2.1675613
260.00000 26.181564
261.50000 59.809929
263.00000 100.56295
264.50000 135.49469
266.00000 162.91418
267.50000 197.64925
269.00000 243.98981
270.50000 301.13806
272.00000 348.32343
273.50000 373.30667
275.00000 393.84808
276.50000 396.65366
278.00000 401.75446
279.50000 385.76306
281.00000 337.21790
282.50000 296.89069
284.00000 328.48746
285.50000 345.63153
287.00000 330.11221
288.50000 294.50702
290.00000 345.72937
291.50000 383.52399
293.00000 414.16275
294.50000 419.69925
296.00000 417.46350
297.50000 442.80713
299.00000 457.84909
300.50000 462.86481
302.00000 471.62033
303.50000 511.77682
305.00000 533.57190
306.50000 541.45953
308.00000 561.40369
309.50000 536.65948
311.00000 528.76904
312.50000 461.94434
314.00000 461.93842
315.50000 419.76251
317.00000 390.90338
318.50000 351.73206
320.00000 347.33191
321.50000 360.69299
323.00000 311.03787
324.50000 335.86667
326.00000 338.12811
327.50000 298.36459
329.00000 321.74356
330.50000 329.61960
332.00000 323.52478
333.50000 345.35373
335.00000 330.22244
336.50000 304.39136
338.00000 323.13531
339.50000 304.63492
341.00000 277.23770
342.50000 327.37039
344.00000 312.55597
345.50000 320.52032
347.00000 324.46130
348.50000 326.01810
350.00000 323.68008
351.50000 326.27078
353.00000 302.35309
354.50000 293.90009
356.00000 305.44659
357.50000 301.92249
359.00000 298.61490
360.50000 273.21072
362.00000 268.81116
363.50000 292.16199
365.00000 268.15497
366.50000 241.00414
368.00000 257.82288
369.50000 262.30539
371.00000 268.49408
372.50000 259.23248
374.00000 245.87152
375.50000 240.93102
377.00000 210.63721
378.50000 238.42526
380.00000 239.59169
381.50000 235.54262
383.00000 253.96234
384.50000 261.06357
386.00000 260.06433
387.50000 244.00372
389.00000 208.05579
390.50000 240.40240
392.00000 258.62592
393.50000 240.30760
395.00000 206.30263
396.50000 194.12387
398.00000 246.41942
399.50000 297.09369
401.00000 269.42297
402.50000 229.45341
404.00000 178.69742
405.50000 206.42249
407.00000 230.29398
408.50000 218.24022
410.00000 177.76573
411.50000 195.72331
413.00000 180.90021
414.50000 181.57849
416.00000 206.96364
417.50000 222.89258
419.00000 202.20038
420.50000 173.01395
422.00000 162.54343
423.50000 175.25250
425.00000 164.37840
426.50000 140.89366
428.00000 154.31242
429.50000 195.39256
431.00000 244.58643
432.50000 238.89937
434.00000 197.34258
435.50000 150.73300
437.00000 96.830780
438.50000 85.831848
440.00000 138.45523
441.50000 193.04367
443.00000 194.25060
444.50000 239.98961
446.00000 282.09851
447.50000 240.55807
449.00000 160.42648
450.50000 132.69998
452.00000 165.63647
453.50000 187.16478
455.00000 174.42557
456.50000 109.41263
458.00000 43.025635
459.50000 57.132908
461.00000 135.60924
462.50000 181.68390
464.00000 120.92110
465.50000 128.12384
467.00000 189.61287
468.50000 216.94725
470.00000 148.58504
471.50000 130.27542
473.00000 196.17365
474.50000 290.83151
476.00000 219.32782
477.50000 24.585531
479.00000 -111.35638
480.50000 -118.27444
482.00000 -37.348179
483.50000 78.849808
485.00000 163.90877
486.50000 131.40631
488.00000 93.328857
489.50000 45.301262
491.00000 41.287262
492.50000 88.449814
494.00000 131.47473
495.50000 120.35130
497.00000 64.907387
498.50000 -0.39473981
500.00000 -31.408712
501.50000 3.6964264
503.00000 67.925789
504.50000 86.262627
506.00000 67.175018
507.50000 -19.344704
509.00000 -80.577805
510.50000 -118.23967
512.00000 -61.555492
513.50000 11.278317
515.00000 18.630951
516.50000 -17.870243
518.00000 -51.039932
519.50000 -62.667694
521.00000 -46.218666
522.50000 5.6518230
524.00000 51.775772
525.50000 98.762642
527.00000 133.12613
528.50000 135.03166
530.00000 139.77188
531.50000 158.20399
533.00000 178.95912
534.50000 195.66376
536.00000 173.52841
537.50000 129.51700
539.00000 95.876106
540.50000 114.00384
542.00000 111.79488
543.50000 85.065903
545.00000 72.455605
546.50000 29.349960
548.00000 7.3561883
549.50000 -14.461943
551.00000 35.996330
552.50000 77.603073
554.00000 113.28536
555.50000 163.03795
557.00000 189.37576
558.50000 147.36122
560.00000 71.101349
561.50000 -33.440136
563.00000 -85.099358
564.50000 -38.004520
566.00000 35.756565
567.50000 47.166470
569.00000 19.127945
570.50000 -7.9769702
572.00000 13.794335
573.50000 53.644314
575.00000 54.550747
576.50000 42.860806
578.00000 33.203541
579.50000 33.325443
581.00000 28.305128
582.50000 2.0983284
584.00000 -0.76965809
585.50000 24.609043
587.00000 59.517632
588.50000 68.586235
590.00000 60.699097
591.50000 58.478344
593.00000 66.552803
594.50000 62.382996
596.00000 45.176880
597.50000 35.282722
599.00000 39.172215
600.50000 45.648262
602.00000 35.837440
603.50000 16.207256
605.00000 17.998768
606.50000 35.455318
608.00000 45.734112
609.50000 35.306438
611.00000 33.987667
612.50000 36.529694
614.00000 31.479992
615.50000 15.375697
617.00000 2.6649339
618.50000 7.6672692
620.00000 34.694168
621.50000 47.597054
623.00000 43.850357
624.50000 36.699013
626.00000 35.293709
627.50000 32.595234
629.00000 13.218105
630.50000 -2.8688176
632.00000 -0.77668053
633.50000 23.688351
635.00000 34.985580
636.50000 30.343195
638.00000 25.158089
639.50000 25.633312
641.00000 26.191828
642.50000 4.5576887
644.00000 1.0799996
645.50000 15.956958
647.00000 31.459803
648.50000 25.445469
650.00000 6.9982777
651.50000 -0.88975346
653.00000 3.7063601
654.50000 9.8821802
656.00000 8.0748291
657.50000 5.6100497
659.00000 11.192623
660.50000 20.372141
662.00000 12.570001
663.50000 -3.1494944
665.00000 -5.5549831
666.50000 9.6369352
668.00000 16.484129
669.50000 4.9004049
671.00000 -6.1048408
672.50000 -5.3078694
674.00000 5.6824002
675.50000 8.8770142
677.00000 2.0946381
678.50000 -0.95092005
680.00000 -0.21660462
681.50000 6.6746387
683.00000 -1.6764627
684.50000 -7.4435630
686.00000 -6.2058315
687.50000 1.2566628
689.00000 -2.6166704
690.50000 -14.131120
692.00000 -19.723536
693.50000 -6.8870468
695.00000 0.46438801
696.50000 -7.5120945
698.00000 -14.109884
699.50000 -10.452225
701.00000 0.048509456
702.50000 2.8442571
704.00000 -3.2420025
705.50000 -2.7942123
707.00000 5.3103008
708.50000 1.1957928
710.00000 -19.347679
711.50000 -34.749985
713.00000 -28.619383
714.50000 -10.967761
716.00000 -2.8886220
717.50000 -5.5163846
719.00000 4.7771935
720.50000 24.905426
722.00000 28.318832
723.50000 0.39083248
725.00000 -25.420321
726.50000 -30.308954
728.00000 -17.370792
729.50000 -15.622907
731.00000 -19.162138
732.50000 -9.2914524
734.00000 15.208285
735.50000 28.368301
737.00000 1.3559620
738.50000 -30.797472
740.00000 -32.956787
741.50000 -4.8202934
743.00000 2.2225935
744.50000 -13.650883
746.00000 -20.855717
747.50000 -6.5850930
749.00000 4.7688470
750.50000 -16.794407
752.00000 -34.637299
753.50000 -22.905033
755.00000 10.247534
756.50000 16.442041
758.00000 -9.8687344
759.50000 -28.879383
761.00000 -15.980207
762.50000 9.7520084
764.00000 0.64800316
765.50000 -26.279139
767.00000 -31.617012
768.50000 -8.3545971
770.00000 16.297607
771.50000 -3.1427684
773.00000 -33.177376
774.50000 -31.395117
776.00000 2.8872530
777.50000 22.080256
779.00000 -2.5294375
780.50000 -29.574499
782.00000 -26.859076
783.50000 4.2698441
785.00000 17.380848
786.50000 -11.849695
788.00000 -45.886856
789.50000 -35.536854
791.00000 5.6459398
792.50000 26.614351
794.00000 6.5792069
795.50000 -24.901356
797.00000 -25.674183
798.50000 -2.0288615
800.00000 24.247435
801.50000 6.3592806
803.00000 -33.359386
804.50000 -45.364899
806.00000 -23.922913
807.50000 6.6557512
809.00000 6.5990529
810.50000 -22.026106
812.00000 -40.287209
813.50000 -29.682350
815.00000 3.5963225
816.50000 12.157364
818.00000 -10.906553
819.50000 -30.516209
821.00000 -30.603971
822.50000 -2.8011875
824.00000 18.801962
825.50000 12.893372
827.00000 -12.068665
828.50000 -18.359079
830.00000 -7.6182380
831.50000 18.204718
833.00000 23.320082
834.50000 2.8322830
836.00000 -16.151434
837.50000 -14.729815
839.00000 0.66906857
840.50000 19.927006
842.00000 26.414694
843.50000 15.168715
845.00000 -3.9130599
846.50000 -14.177868
848.00000 -4.2378969
849.50000 15.125336
851.00000 22.956438
852.50000 18.234192
854.00000 3.4294970
855.50000 -5.9346581
857.00000 0.70043355
858.50000 21.642542
860.00000 29.113775
861.50000 21.661203
863.00000 8.9391756
864.50000 5.9535713
866.00000 13.344769
867.50000 32.575272
869.00000 42.136768
870.50000 45.271770
872.00000 45.573685
873.50000 50.431095
875.00000 54.098404
876.50000 55.552177
878.00000 74.679710
879.50000 143.30704
881.00000 163.30028
882.50000 172.91115
884.00000 168.06319
885.50000 180.49663
887.00000 169.92049
888.50000 139.17789
890.00000 87.637108
891.50000 94.087013
893.00000 14.344576
894.50000 60.837841
896.00000 110.57970
897.50000 156.57135
899.00000 155.24899
900.50000 159.85089
902.00000 123.40958
903.50000 106.45298
905.00000 154.64507
906.50000 236.81148
908.00000 202.39510
909.50000 175.33499
911.00000 141.79442
912.50000 117.80767
914.00000 144.61559
915.50000 85.708206
917.00000 155.26003
918.50000 117.88274
920.00000 170.61134
921.50000 156.68947
923.00000 173.02568
924.50000 162.44670
926.00000 176.04121
927.50000 187.95908
929.00000 171.08896
930.50000 178.23363
932.00000 166.84105
933.50000 157.55692
935.00000 136.26976
936.50000 161.81000
938.00000 138.29037
939.50000 139.74382
941.00000 146.52313
942.50000 103.29844
944.00000 61.974964
945.50000 115.08788
947.00000 98.965401
948.50000 76.547806
950.00000 65.735641
951.50000 69.140915
953.00000 85.786942
954.50000 81.311661
956.00000 98.447647
957.50000 -12.419321
959.00000 -34.208435
960.50000 84.618919
962.00000 81.351051
963.50000 47.242939
965.00000 39.437218
966.50000 7.3017325
968.00000 21.221592
969.50000 34.095612
971.00000 16.132431
972.50000 -2.9256291
974.00000 6.0949445
975.50000 -12.060534
977.00000 -1.2339486
978.50000 -40.401840
980.00000 -37.275303
981.50000 -17.387693
983.00000 -45.837875
984.50000 -108.86280
986.00000 -81.590958
987.50000 -66.457977
989.00000 -63.213230
990.50000 3.3107581
992.00000 2.7334445
993.50000 19.883413
995.00000 15.712564
996.50000 -5.5471940
998.00000 -44.068993
999.50000 -81.721657
1001.0000 -99.498398
1002.5000 -24.124405
1004.0000 -30.057531
1005.5000 -72.521553
1007.0000 -140.58484
1008.5000 -95.169426
1010.0000 -171.09111
1011.5000 -191.72977
1013.0000 -180.74020
1014.5000 -120.27322
1016.0000 -156.46436
1017.5000 -159.89725
1019.0000 -79.423683
1020.5000 -93.322121
1022.0000 -214.58830
1023.5000 -230.06119
1025.0000 -171.95482
1026.5000 -250.87561
1028.0000 -322.61252
1029.5000 -200.29861
1031.0000 -229.45943
1032.5000 -240.68449
1034.0000 -176.72758
1035.5000 -161.83229
1037.0000 -166.37401
1038.5000 -119.42416
1040.0000 -119.36710
1041.5000 -86.656532
1043.0000 -76.454506
1044.5000 -78.825546
1046.0000 -82.576614
1047.5000 -80.692329
1049.0000 -77.720413
1050.5000 -74.823349
1052.0000 -79.682014
1053.5000 -80.590408
1055.0000 -80.102844
1056.5000 -70.865532
1058.0000 -57.505634
1059.5000 -49.147766
1061.0000 -46.218822
1062.5000 -54.440228
1064.0000 -60.886707
1065.5000 -60.153099
1067.0000 -45.217640
1068.5000 -39.064461
1070.0000 -41.752686
1071.5000 -51.584038
1073.0000 -58.074081
1074.5000 -59.003067
1076.0000 -51.964630
1077.5000 -45.428165
1079.0000 -45.568577
1080.5000 -47.666496
1082.0000 -53.177242
1083.5000 -55.002224
1085.0000 -52.543472
1086.5000 -48.591000
1088.0000 -51.989883
1089.5000 -52.096157
1091.0000 -56.872219
1092.5000 -54.835556
1094.0000 -54.468788
1095.5000 -53.985275
1097.0000 -43.103340
1098.5000 -47.776688
1100.0000 -50.391884
1101.5000 -56.163853
1103.0000 -59.862705
1104.5000 -55.084663
1106.0000 -48.423580
1107.5000 -48.418575
1109.0000 -51.906956
1110.5000 -49.526623
1112.0000 -42.230583
1113.5000 -36.776764
1115.0000 -40.809322
1116.5000 -49.149803
1118.0000 -47.640171
1119.5000 -43.304440
1121.0000 -44.001286
1122.5000 -55.625751
1124.0000 -52.811340
1125.5000 -37.624989
1127.0000 -21.458679
1128.5000 -25.171736
1130.0000 -55.316914
1131.5000 -73.611107
1133.0000 -47.882477
1134.5000 -20.750492
1136.0000 -9.1411800
1137.5000 -39.280399
1139.0000 -83.352448
1140.5000 -61.034096
1142.0000 -20.195145
1143.5000 -5.8007660
1145.0000 -23.965965
1146.5000 -84.773827
1148.0000 -64.393356
1149.5000 -13.765384
1151.0000 3.9249341
1152.5000 -6.9874930
1154.0000 -51.399685
1155.5000 -43.374790
1157.0000 5.2488899
1158.5000 41.936905
1160.0000 49.325199
1161.5000 34.378616
1163.0000 48.144852
1164.5000 119.81459
1166.0000 160.40315
1167.5000 199.76045
1169.0000 230.76196
1170.5000 247.84192
1172.0000 255.18820
1173.5000 289.90555
1175.0000 204.29723
1176.5000 82.789520
1178.0000 93.400932
1179.5000 72.529007
1181.0000 60.581520
1182.5000 55.475021
1184.0000 86.521095
1185.5000 120.27652
1187.0000 125.78919
1188.5000 114.48463
1190.0000 112.98215
1191.5000 87.087769
1193.0000 23.558725
1194.5000 10.015960
1196.0000 70.078667
1197.5000 130.87930
1199.0000 119.31849
1200.5000 137.77385
1202.0000 156.42610
1203.5000 153.67180
1205.0000 135.70354
1206.5000 133.05330
1208.0000 124.86851
1209.5000 104.07700
1211.0000 93.958778
1212.5000 56.509449
1214.0000 74.745735
1215.5000 121.92695
1217.0000 164.56406
1218.5000 131.89648
1220.0000 97.795593
1221.5000 95.286446
1223.0000 107.43584
1224.5000 85.667503
1226.0000 102.83983
1227.5000 112.26287
1229.0000 48.549068
1230.5000 22.640310
1232.0000 78.333580
1233.5000 52.221497
1235.0000 21.643808
1236.5000 49.065933
1238.0000 41.835716
1239.5000 63.185760
1241.0000 62.101425
1242.5000 52.859482
1244.0000 50.517994
1245.5000 27.830374
1247.0000 38.896973
1248.5000 31.121264
1250.0000 29.905172
1251.5000 13.773734
1253.0000 33.496510
1254.5000 64.250793
1256.0000 55.728371
1257.5000 49.646637
1259.0000 36.835007
1260.5000 46.526440
1262.0000 49.589802
1263.5000 38.374908
1265.0000 34.532700
1266.5000 6.5171466
1268.0000 14.204041
1269.5000 35.268990
1271.0000 11.277642
1272.5000 26.496910
1274.0000 86.061646
1275.5000 -6.1241198
1277.0000 29.600056
1278.5000 96.490662
1280.0000 73.121780
1281.5000 18.921860
1283.0000 67.621887
1284.5000 168.35461
1286.0000 156.45905
1287.5000 12.145291
1289.0000 44.375401
1290.5000 77.462112
1292.0000 -50.030624
1293.5000 -136.42317
1295.0000 -209.99954
1296.5000 -172.11467
1298.0000 -159.10789
1299.5000 -201.89941
1301.0000 -220.95050
1302.5000 -208.97572
1304.0000 -150.41502
1305.5000 -76.916222
1307.0000 -6.3945923
1308.5000 1.3470273
1310.0000 44.423618
1311.5000 16.279366
1313.0000 22.089567
1314.5000 -50.980766
1316.0000 14.745378
1317.5000 94.194046
1319.0000 78.178009
1320.5000 58.220284
1322.0000 30.253332
1323.5000 106.81002
1325.0000 47.697098
1326.5000 19.605936
1328.0000 -83.193367
1329.5000 -51.038906
1331.0000 -64.553223
1332.5000 -47.640491
1334.0000 -41.623016
1335.5000 -117.41710
1337.0000 -36.347355
1338.5000 15.948274
1340.0000 -114.14209
1341.5000 -228.01237
1343.0000 -131.95786
1344.5000 -48.183662
1346.0000 -60.929077
1347.5000 16.838453
1349.0000 -39.265556
1350.5000 -94.897896
1352.0000 12.051905
1353.5000 67.709961
1355.0000 -151.10661
1356.5000 -38.792980
1358.0000 -19.846966
1359.5000 -14.204394
1361.0000 -56.962467
1362.5000 82.094032
1364.0000 -45.462158
1365.5000 261.95901
1367.0000 375.53937
1368.5000 110.32180
1370.0000 403.60858
1371.5000 388.39359
1373.0000 1079.1173
1374.5000 1044.6057
1376.0000 242.66469
1377.5000 -58.083321
1379.0000 154.67001
1380.5000 -19.151718
1382.0000 -374.46594
1383.5000 -402.44595
1385.0000 -77.792328
1386.5000 -108.78558
1388.0000 196.04626
1389.5000 6.7708220
1391.0000 55.264938
1392.5000 144.56517
1394.0000 76.450142
1395.5000 106.90572
1397.0000 200.32021
1398.5000 222.08168
1400.0000 108.58250
1401.5000 30.918875
1403.0000 144.31616
1404.5000 135.63315
1406.0000 82.367027
1407.5000 89.851173
1409.0000 22.693838
1410.5000 116.04520
1412.0000 130.51239
1413.5000 76.473595
1415.0000 32.593037
1416.5000 36.910484
1418.0000 95.978455
1419.5000 151.70740
1421.0000 157.09529
1422.5000 97.452362
1424.0000 106.60555
1425.5000 122.34007
1427.0000 104.11203
1428.5000 89.410805
1430.0000 158.68039
1431.5000 207.39023
1433.0000 259.47946
1434.5000 72.700607
1436.0000 194.36813
1437.5000 154.74654
1439.0000 100.40607
1440.5000 206.93018
1442.0000 103.11971
1443.5000 87.646736
1445.0000 17.394228
1446.5000 8.2105923
1448.0000 66.600761
1449.5000 78.272995
1451.0000 84.833191
1452.5000 75.125648
1454.0000 -59.760910
1455.5000 -67.077103
1457.0000 -53.429577
1458.5000 -71.312256
1460.0000 -42.890877
1461.5000 -102.36289
1463.0000 -22.084509
1464.5000 -25.716986
1466.0000 -26.061327
1467.5000 -48.409813
1469.0000 -13.934754
1470.5000 -35.359390
1472.0000 -44.178898
1473.5000 -27.658298
1475.0000 -1.1081939
1476.5000 4.9667964
1478.0000 1.1385366
1479.5000 13.437603
1481.0000 -10.823132
1482.5000 -47.576031
1484.0000 -13.942186
1485.5000 -23.060694
1487.0000 -29.639278
1488.5000 -0.045328330
1490.0000 -3.0766082
1491.5000 13.531556
1493.0000 2.4961908
1494.5000 -25.099319
1496.0000 -59.201336
1497.5000 -39.462574
1499.0000 -46.182598
1500.5000 -26.810066
1502.0000 -18.682453
1503.5000 23.030418
1505.0000 8.2893982
1506.5000 11.239917
1508.0000 12.334693
1509.5000 -7.6152716
1511.0000 2.9844642
1512.5000 -4.5550766
1514.0000 -32.053650
1515.5000 4.2848930
1517.0000 16.572182
1518.5000 -3.4255059
1520.0000 1.6337621
1521.5000 -8.5212450
1523.0000 -18.181652
1524.5000 -11.227449
1526.0000 9.0238142
1527.5000 13.956935
1529.0000 -2.7432945
1530.5000 -14.979856
1532.0000 -4.7173014
1533.5000 -11.593422
1535.0000 -26.860802
1536.5000 -15.274077
1538.0000 -14.642523
1539.5000 4.0001168
1541.0000 20.212713
1542.5000 10.519321
1544.0000 -21.432341
1545.5000 -19.475376
1547.0000 -21.913843
1548.5000 -17.510536
1550.0000 -14.932887
1551.5000 25.250340
1553.0000 21.391830
1554.5000 8.8929768
1556.0000 13.407256
1557.5000 1.4566331
1559.0000 -39.214958
1560.5000 -8.3238754
1562.0000 -11.913239
1563.5000 -17.792351
1565.0000 -6.0682750
1566.5000 19.705639
1568.0000 19.589018
1569.5000 -14.292795
1571.0000 -38.436867
1572.5000 -33.453621
1574.0000 -20.376553
1575.5000 -3.5396473
1577.0000 6.9794574
1578.5000 3.1371400
1580.0000 4.5447097
1581.5000 -9.8934183
1583.0000 -26.386429
1584.5000 6.1049619
1586.0000 -15.964461
1587.5000 -26.446928
1589.0000 -9.5560694
1590.5000 -3.1366386
1592.0000 5.0346665
1593.5000 -2.0590186
1595.0000 -1.2839079
1596.5000 -36.999176
1598.0000 -21.492701
1599.5000 -21.468431
1601.0000 -6.7560854
1602.5000 7.4100270
1604.0000 10.547418
1605.5000 21.504698
1607.0000 -15.274372
1608.5000 -20.147081
1610.0000 -22.790709
1611.5000 -8.9053802
1613.0000 -27.604893
1614.5000 -11.937698
1616.0000 12.683721
1617.5000 11.228026
1619.0000 11.950971
1620.5000 -23.639370
1622.0000 -34.798210
1623.5000 -15.401897
1625.0000 -15.402002
1626.5000 -9.7259550
1628.0000 17.282190
1629.5000 -0.71539295
1631.0000 13.143640
1632.5000 1.6892740
1634.0000 -14.625030
1635.5000 -37.687557
1637.0000 -7.0796251
1638.5000 -19.667984
1640.0000 -7.0279145
1641.5000 1.1289598
1643.0000 -5.2356834
1644.5000 -16.545048
1646.0000 -27.924479
1647.5000 -37.266926
1649.0000 -26.219398
1650.5000 -4.3105397
1652.0000 -16.032169
1653.5000 -3.6258726
1655.0000 -5.7936659
1656.5000 -11.509414
1658.0000 -8.0640774
1659.5000 -26.199394
1661.0000 -29.220255
1662.5000 -24.466545
1664.0000 -25.387732
1665.5000 24.226131
1667.0000 14.729774
1668.5000 -4.1596093
1670.0000 -15.250847
1671.5000 -5.6095681
1673.0000 -34.787716
1674.5000 -15.725196
1676.0000 -16.523558
1677.5000 8.5700016
1679.0000 24.844574
1680.5000 1.8314489
1682.0000 4.4021864
1683.5000 -14.759319
1685.0000 -33.247139
1686.5000 -24.200018
1688.0000 -22.404917
1689.5000 5.1379938
1691.0000 23.541862
1692.5000 15.124054
1694.0000 -2.1925335
1695.5000 -28.083101
1697.0000 1.2700202
1698.5000 -38.164219
1700.0000 -23.425928
1701.5000 1.1868944
1703.0000 2.3634524
1704.5000 9.5896444
1706.0000 3.3122847
1707.5000 -22.197920
1709.0000 -3.4599700
1710.5000 -9.7925434
1712.0000 -4.7690434
1713.5000 -4.0580654
1715.0000 30.530243
1716.5000 -2.5832207
1718.0000 15.836759
1719.5000 6.0768433
1721.0000 -30.364086
1722.5000 -5.9980192
1724.0000 -4.5177698
1725.5000 -25.251158
1727.0000 37.727459
1728.5000 -5.5656953
1730.0000 22.194897
1731.5000 39.245068
1733.0000 34.540100
1734.5000 8.3228617
1736.0000 -18.600212
1737.5000 0.17212649
1739.0000 0.13800602
1740.5000 -22.476425
1742.0000 36.280674
1743.5000 -3.7173228
1745.0000 23.337357
1746.5000 15.514628
1748.0000 -8.5045576
1749.5000 -5.2685103
1751.0000 -6.9623327
1752.5000 -1.2307405
1754.0000 2.9441214
1755.5000 6.5212641
1757.0000 7.8612604
1758.5000 -4.7148547
1760.0000 -4.4387350
1761.5000 2.2147186
1763.0000 -6.9027901
1764.5000 -4.4984341
1766.0000 3.5687141
1767.5000 -12.316749
1769.0000 2.6782601
1770.5000 -12.635752
1772.0000 -12.453538
1773.5000 -1.3415290
1775.0000 -0.11713552
1776.5000 12.747674
1778.0000 8.2712021
1779.5000 -7.5064826
1781.0000 2.0039387
1782.5000 17.630939
1784.0000 25.142582
1785.5000 -15.661887
1787.0000 -2.4519331
1788.5000 -33.340633
1790.0000 -25.425907
1791.5000 21.869146
1793.0000 23.295017
1794.5000 -12.715524
1796.0000 26.226347
1797.5000 -2.1890202
1799.0000 -18.698652
1800.5000 -11.798198
1802.0000 19.375252
1803.5000 42.967052
1805.0000 7.5236292
1806.5000 1.7742394
1808.0000 -24.126192
1809.5000 -25.589146
1811.0000 -1.9967773
1812.5000 11.110994
1814.0000 17.741217
1815.5000 31.650414
1817.0000 -7.1534390
1818.5000 6.3846102
1820.0000 -18.450130
1821.5000 -11.725245
1823.0000 17.932476
1824.5000 -11.578918
1826.0000 -10.816112
1827.5000 0.18999702
1829.0000 -14.289531
1830.5000 15.708302
1832.0000 16.161133
1833.5000 15.863749
1835.0000 13.701694
1836.5000 2.7083607
1838.0000 -15.459819
1839.5000 21.826662
1841.0000 14.550550
1842.5000 3.3748724
1844.0000 -8.3015146
1845.5000 -14.658392
1847.0000 7.4304862
1848.5000 6.1270480
1850.0000 -26.240238
1851.5000 -23.713308
1853.0000 21.614817
1854.5000 3.5110176
1856.0000 6.2344904
1857.5000 20.503649
1859.0000 -18.391043
1860.5000 -13.021040
1862.0000 -6.6625886
1863.5000 7.6225867
1865.0000 11.249111
1866.5000 -1.6008972
1868.0000 24.225119
1869.5000 10.950935
1871.0000 -8.0847931
1872.5000 7.3091936
1874.0000 25.352541
1875.5000 -4.5501180
1877.0000 10.323218
1878.5000 12.420918
1880.0000 12.928616
1881.5000 8.8398724
1883.0000 25.222855
1884.5000 6.5794768
1886.0000 -8.6874809
1887.5000 -8.7510643
1889.0000 6.4508758
1890.5000 -21.836432
1892.0000 8.4661036
1893.5000 5.9702306
1895.0000 16.204121
1896.5000 18.101034
1898.0000 -0.64342231
1899.5000 -13.801520
1901.0000 -11.014195
1902.5000 -8.6313572
1904.0000 10.424827
1905.5000 -0.69742668
1907.0000 13.204015
1908.5000 17.400946
1910.0000 -2.9144552
1911.5000 10.514434
1913.0000 -8.4688616
1914.5000 -29.211708
1916.0000 -16.006414
1917.5000 -21.763512
1919.0000 -29.977516
1920.5000 -25.398064
1922.0000 -10.050345
1923.5000 -26.509348
1925.0000 -15.185258
1926.5000 11.732336
1928.0000 -12.548282
1929.5000 6.5713520
1931.0000 14.708844
1932.5000 20.659904
1934.0000 12.774353
1935.5000 24.380875
1937.0000 11.349458
1938.5000 -24.939016
1940.0000 -14.083392
1941.5000 -16.268265
1943.0000 -4.2217813
1944.5000 1.8410462
1946.0000 31.194374
1947.5000 12.851450
1949.0000 11.157617
1950.5000 12.580608
1952.0000 4.7999091
1953.5000 -10.199282
1955.0000 -3.1014602
1956.5000 -19.690563
1958.0000 -18.602472
1959.5000 -34.198826
1961.0000 -24.986031
1962.5000 -16.209713
1964.0000 -21.348047
1965.5000 -3.7471557
1967.0000 -22.198288
1968.5000 10.744826
1970.0000 -10.410209
1971.5000 12.342150
1973.0000 23.762596
1974.5000 19.183628
1976.0000 7.7922525
1977.5000 39.155243
1979.0000 11.532021
1980.5000 -2.0862498
1982.0000 23.036976
1983.5000 -11.998639
1985.0000 -1.1436372
1986.5000 1.2458178
1988.0000 -16.209146
1989.5000 1.0164948
1991.0000 5.9112992
1992.5000 13.582744
1994.0000 -2.0105343
1995.5000 16.541000
1997.0000 15.202338
1998.5000 28.287247
2000.0000 5.8180389
2001.5000 28.819767
2003.0000 2.5950005
2004.5000 5.7970524
2006.0000 33.480011
2007.5000 -10.932480
2009.0000 6.4425588
2010.5000 -8.4201517
2012.0000 19.629755
2013.5000 1.5126685
2015.0000 21.402990
2016.5000 24.612505
2018.0000 14.952018
2019.5000 0.50728315
2021.0000 5.1816449
2022.5000 13.883904
2024.0000 9.5125723
2025.5000 -14.862659
2027.0000 16.646318
2028.5000 -10.412714
2030.0000 16.559687
2031.5000 6.5202417
2033.0000 6.8605657
2034.5000 14.924677
2036.0000 16.605247
2037.5000 -7.0419083
2039.0000 -3.4298887
2040.5000 9.5216217
2042.0000 -35.911049
2043.5000 -82.076996
2045.0000 -17.605919
2046.5000 -47.164207
2048.0000 -12.617902
2049.5000 9.9503555
2051.0000 22.707399
2052.5000 14.409899
2054.0000 7.9117403
2055.5000 -10.805465
2057.0000 -17.159042
2058.5000 -10.354575
2060.0000 -14.586839
2061.5000 7.7498450
2063.0000 2.4808497
2064.5000 -38.425392
2066.0000 -17.895952
2067.5000 -9.6256943
2069.0000 -11.672813
2070.5000 4.4090824
2072.0000 22.471006
2073.5000 2.8314166
2075.0000 -3.6796429
2076.5000 -9.7339487
2078.0000 38.612930
2079.5000 5.1040339
2081.0000 9.7158375
2082.5000 4.3651738
2084.0000 -18.891653
2085.5000 -13.602436
2087.0000 -3.3792865
2088.5000 -19.243397
2090.0000 0.36685783
2091.5000 -0.74352103
2093.0000 8.8907413
2094.5000 22.712528
2096.0000 -4.3947906
2097.5000 23.311256
2099.0000 13.374002
2100.5000 -5.1167855
2102.0000 -4.1575198
2103.5000 13.881126
2105.0000 3.2908599
2106.5000 5.8213749
2108.0000 14.442863
2109.5000 -1.9640343
2111.0000 -11.290071
2112.5000 27.852314
2114.0000 -5.5470319
2115.5000 21.678988
2117.0000 34.654221
2118.5000 -0.068695359
2120.0000 18.929445
2121.5000 -7.0277967
2123.0000 13.839409
2124.5000 10.012062
2126.0000 -9.8884249
2127.5000 -11.664515
2129.0000 17.206482
2130.5000 -0.081379436
2132.0000 1.4576824
2133.5000 9.6006823
2135.0000 -7.4894724
2136.5000 0.11102843
2138.0000 9.6399984
2139.5000 -7.1312428
2141.0000 0.76361793
2142.5000 -2.0670450
2144.0000 1.6983205
2145.5000 5.2655892
2147.0000 -4.8559375
2148.5000 6.0912490
2150.0000 -1.7782402
2151.5000 -10.358451
2153.0000 4.7926097
2154.5000 -12.052113
2156.0000 8.9495335
2157.5000 15.053841
2159.0000 -15.773143
2160.5000 33.712269
2162.0000 -6.3557119
2163.5000 -4.4800415
2165.0000 6.3161387
2166.5000 7.2895489
2168.0000 12.524565
2169.5000 -12.142693
2171.0000 20.806629
2172.5000 -8.5634222
2174.0000 1.8532346
2175.5000 -24.704199
2177.0000 -35.062420
2178.5000 -29.660677
2180.0000 -13.316041
2181.5000 -13.752214
2183.0000 10.692350
2184.5000 34.276371
2186.0000 15.711593
2187.5000 18.538195
2189.0000 -23.032764
2190.5000 0.85928386
2192.0000 7.1774344
2193.5000 3.2201502
2195.0000 22.278837
2196.5000 8.0320911
2198.0000 -1.1447366
2199.5000 -5.3237610
2201.0000 1.8303233
2202.5000 -15.452338
2204.0000 -30.930174
2205.5000 6.1691823
2207.0000 -25.488316
2208.5000 -8.6925621
2210.0000 -8.7226772
2211.5000 -13.809900
2213.0000 -14.225979
2214.5000 -4.8831220
2216.0000 -10.108577
2217.5000 -22.270409
2219.0000 -6.3148227
2220.5000 5.8298726
2222.0000 3.2666020
2223.5000 -4.2534580
2225.0000 -27.234335
2226.5000 11.136324
2228.0000 -2.4099586
2229.5000 -4.8843517
2231.0000 11.461550
2232.5000 -9.9209881
2234.0000 4.2258072
2235.5000 -12.122672
2237.0000 2.2687809
2238.5000 -9.5469522
2240.0000 -8.9395237
2241.5000 13.420598
2243.0000 -13.310909
2244.5000 10.596539
2246.0000 -8.2041407
2247.5000 7.8464160
2249.0000 24.513044
2250.5000 -12.804657
2252.0000 -0.74569345
2253.5000 0.33213094
2255.0000 -9.5686932
2256.5000 -2.0069087
2258.0000 -8.1143608
2259.5000 -11.821475
2261.0000 -22.372797
2262.5000 -10.245488
2264.0000 -3.6211712
2265.5000 -5.1882820
2267.0000 1.9969802
2268.5000 5.5533137
2270.0000 -0.37260514
2271.5000 0.22302000
2273.0000 -14.415998
2274.5000 -14.002999
2276.0000 -7.3110709
2277.5000 -3.4671063
2279.0000 -10.812980
2280.5000 -9.2758884
2282.0000 -15.034610
2283.5000 7.6602740
2285.0000 -17.358772
2286.5000 19.647539
2288.0000 1.8543704
2289.5000 -0.035653617
2291.0000 -13.287616
2292.5000 -3.9880366
2294.0000 -0.97160012
2295.5000 -5.7067690
2297.0000 -1.4138513
2298.5000 -1.1995696
2300.0000 -1.3554059
2301.5000 -0.10754524
2303.0000 -1.6564292
2304.5000 -18.194448
2306.0000 -22.857103
2307.5000 -26.737169
2309.0000 -35.840206
2310.5000 -43.976093
2312.0000 -42.467087
2313.5000 -56.071735
2315.0000 -58.443493
2316.5000 -51.262791
2318.0000 -51.402214
2319.5000 -25.820288
2321.0000 -16.155159
2322.5000 -28.538586
2324.0000 -30.837135
2325.5000 -44.226280
2327.0000 -20.137724
2328.5000 -29.888323
2330.0000 -22.339424
2331.5000 -26.843958
2333.0000 -27.331717
2334.5000 -38.818943
2336.0000 -60.239082
2337.5000 -34.271893
2339.0000 -31.701862
2340.5000 -39.809444
2342.0000 -34.173607
2343.5000 -34.050598
2345.0000 -28.850737
2346.5000 -27.599054
2348.0000 -73.122589
2349.5000 -66.429771
2351.0000 -66.964821
2352.5000 -39.223724
2354.0000 -19.537624
2355.5000 -48.257019
2357.0000 -71.584198
2358.5000 -72.309769
2360.0000 -59.456749
2361.5000 -74.221024
2363.0000 -104.60204
2364.5000 -93.350876
2366.0000 -56.408077
2367.5000 -48.888733
2369.0000 -62.064663
2370.5000 -76.756653
2372.0000 -49.037296
2373.5000 -46.126385
2375.0000 -30.856163
2376.5000 -18.297365
2378.0000 -20.754126
2379.5000 -18.774927
2381.0000 -26.911718
2382.5000 -23.127125
2384.0000 -2.8196011
2385.5000 21.421394
2387.0000 33.261871
2388.5000 28.564026
2390.0000 8.2458792
2391.5000 -9.0689955
2393.0000 -24.118887
2394.5000 -28.631964
2396.0000 -23.090054
2397.5000 -17.619188
2399.0000 -17.464014
2400.5000 -24.754297
2402.0000 -31.353151
2403.5000 -27.686798
2405.0000 -11.608887
2406.5000 -9.1659098
2408.0000 -8.0294905
2409.5000 -9.8727484
2411.0000 -17.016350
2412.5000 -23.218649
2414.0000 -14.951440
2415.5000 -6.1433325
2417.0000 -3.8667243
2418.5000 -3.1218355
2420.0000 -10.996773
2421.5000 -18.405424
2423.0000 -19.207987
2424.5000 -15.588178
2426.0000 -14.305973
2427.5000 -8.2808313
2429.0000 -10.441789
2430.5000 -18.888252
2432.0000 -28.725283
2433.5000 -33.435253
2435.0000 -30.158550
2436.5000 -21.728077
2438.0000 -12.995064
2439.5000 -14.335394
2441.0000 -18.654884
2442.5000 -23.028231
2444.0000 -19.433310
2445.5000 -10.846804
2447.0000 -11.535966
2448.5000 -20.451895
2450.0000 -29.715279
2451.5000 -26.284708
2453.0000 -23.370209
2454.5000 -10.683564
2456.0000 -6.2752714
2457.5000 -21.270765
2459.0000 -36.833225
2460.5000 -39.572239
2462.0000 -20.233566
2463.5000 -12.392949
2465.0000 10.508156
2466.5000 -6.2947526
2468.0000 -23.026066
2469.5000 -44.552799
2471.0000 -34.501110
2472.5000 -6.5144777
2474.0000 -13.715249
2475.5000 -25.753710
2477.0000 -26.070461
2478.5000 -22.680244
2480.0000 -26.529099
2481.5000 -33.163597
2483.0000 -15.915846
2484.5000 6.1274052
2486.0000 -5.7053957
2487.5000 -25.083778
2489.0000 -37.361534
2490.5000 -33.462067
2492.0000 -24.965857
2493.5000 -14.883188
2495.0000 -6.4128571
2496.5000 -12.602524
2498.0000 -27.405069
2499.5000 -42.455635
2501.0000 -41.958042
2502.5000 -43.074696
2504.0000 -42.667217
2505.5000 -29.059128
2507.0000 -11.824935
2508.5000 -13.673691
2510.0000 -31.805542
2511.5000 -55.792027
2513.0000 -49.634106
2514.5000 -42.586159
2516.0000 -25.472319
2517.5000 -25.647039
2519.0000 -29.722466
2520.5000 -35.959183
2522.0000 -33.232090
2523.5000 -33.079014
2525.0000 -28.327290
2526.5000 -34.084438
2528.0000 -39.868160
2529.5000 -41.185234
2531.0000 -39.560410
2532.5000 -37.363117
2534.0000 -38.105263
2535.5000 -30.830902
2537.0000 -24.736929
2538.5000 -29.508993
2540.0000 -30.698914
2541.5000 -27.397026
2543.0000 -22.514143
2544.5000 -22.707857
2546.0000 -26.684059
2547.5000 -29.138546
2549.0000 -26.495958
2550.5000 -22.828150
2552.0000 -19.255026
2553.5000 -22.548416
2555.0000 -28.261530
2556.5000 -29.766985
2558.0000 -23.740753
2559.5000 -17.620413
2561.0000 -14.871936
2562.5000 -20.383738
2564.0000 -29.436594
2565.5000 -33.572121
2567.0000 -33.050533
2568.5000 -26.377607
2570.0000 -21.140253
2571.5000 -16.004940
2573.0000 -16.911425
2574.5000 -21.168669
2576.0000 -17.037342
2577.5000 -19.005611
2579.0000 -24.200941
2580.5000 -28.627157
2582.0000 -28.416340
2583.5000 -32.908211
2585.0000 -34.858521
2586.5000 -26.467445
2588.0000 -10.974547
2589.5000 -6.2299047
2591.0000 -14.048687
2592.5000 -20.748508
2594.0000 -25.658960
2595.5000 -27.100937
2597.0000 -27.296762
2598.5000 -28.494946
2600.0000 -34.365501
2601.5000 -29.382738
2603.0000 -27.362572
2604.5000 -19.222193
2606.0000 -4.6230698
2607.5000 1.2905363
2609.0000 -10.685939
2610.5000 -26.436914
2612.0000 -35.573994
2613.5000 -40.361000
2615.0000 -36.714954
2616.5000 -35.639511
2618.0000 -27.247417
2619.5000 -8.0301447
2621.0000 1.5664415
2622.5000 -0.78850198
2624.0000 -20.052244
2625.5000 -32.729107
2627.0000 -33.126919
2628.5000 -36.630108
2630.0000 -40.131237
2631.5000 -37.148640
2633.0000 -23.492834
2634.5000 -0.10473277
2636.0000 12.981404
2637.5000 3.8509929
2639.0000 -3.7943754
2640.5000 -31.135294
2642.0000 -45.052956
2643.5000 -49.688572
2645.0000 -52.275341
2646.5000 -24.118473
2648.0000 4.0217795
2649.5000 10.250880
2651.0000 11.717339
2652.5000 -9.6985445
2654.0000 -30.314209
2655.5000 -38.121780
2657.0000 -43.672459
2658.5000 -45.235027
2660.0000 -46.262817
2661.5000 -14.645581
2663.0000 11.714140
2664.5000 17.414253
2666.0000 0.60026056
2667.5000 -33.802071
2669.0000 -44.532455
2670.5000 -43.580837
2672.0000 -37.865925
2673.5000 -25.912712
2675.0000 -4.4499531
2676.5000 7.1754241
2678.0000 9.5259876
2679.5000 -18.540842
2681.0000 -41.613605
2682.5000 -42.947407
2684.0000 -33.253578
2685.5000 -14.498742
2687.0000 3.7267017
2688.5000 5.8436074
2690.0000 -2.5296264
2691.5000 -21.847862
2693.0000 -37.244137
2694.5000 -25.056206
2696.0000 -6.3410683
2697.5000 14.920362
2699.0000 23.480202
2700.5000 11.586323
2702.0000 29.287666
2703.5000 24.120794
2705.0000 22.418112
2706.5000 36.056458
2708.0000 37.915024
2709.5000 68.166779
2711.0000 96.138916
2712.5000 142.81572
2714.0000 171.53316
2715.5000 196.21817
2717.0000 303.64713
2718.5000 257.29193
2720.0000 147.81058
2721.5000 204.46416
2723.0000 234.22017
2724.5000 168.07878
2726.0000 95.588760
2727.5000 81.789925
2729.0000 25.241491
2730.5000 109.51358
2732.0000 11.836356
2733.5000 -39.076279
2735.0000 -69.627686
2736.5000 -73.018013
2738.0000 -120.60695
2739.5000 -46.271229
2741.0000 22.126678
2742.5000 3.2069714
2744.0000 -25.008417
2745.5000 13.107468
2747.0000 85.281288
2748.5000 67.155762
2750.0000 45.330986
2751.5000 20.750731
2753.0000 34.133904
2754.5000 53.284607
2756.0000 57.129208
2757.5000 86.380058
2759.0000 108.78318
2760.5000 74.519623
2762.0000 -42.139885
2763.5000 59.142239
2765.0000 145.59955
2766.5000 135.72128
2768.0000 42.730328
2769.5000 20.471138
2771.0000 88.810692
2772.5000 51.677135
2774.0000 102.90771
2775.5000 67.366318
2777.0000 100.72926
2778.5000 48.499657
2780.0000 24.986649
2781.5000 9.7455854
2783.0000 57.178604
2784.5000 54.022091
2786.0000 -14.512333
2787.5000 64.044807
2789.0000 99.679924
2790.5000 119.03422
2792.0000 97.577538
2793.5000 75.941956
2795.0000 104.67976
2796.5000 120.89162
2798.0000 104.09125
2799.5000 84.114563
2801.0000 68.180847
2802.5000 40.154224
2804.0000 47.829544
2805.5000 59.616066
2807.0000 84.892838
2808.5000 82.990562
2810.0000 91.454987
2811.5000 51.450756
2813.0000 17.883129
2814.5000 11.024941
2816.0000 19.361502
2817.5000 -7.4789848
2819.0000 -37.851074
2820.5000 -45.953884
2822.0000 -46.105503
2823.5000 -0.011360966
2825.0000 -8.6310720
2826.5000 67.898689
2828.0000 56.683678
2829.5000 5.6460247
2831.0000 27.103298
2832.5000 56.370724
2834.0000 39.602901
2835.5000 -9.1850958
2837.0000 -26.325983
2838.5000 -21.240641
2840.0000 19.938135
2841.5000 28.128304
2843.0000 21.120405
2844.5000 35.961128
2846.0000 82.872093
2847.5000 39.162315
2849.0000 8.3354187
2850.5000 -3.5946410
2852.0000 -1.2750559
2853.5000 -10.362828
2855.0000 -29.346893
2856.5000 -10.697747
2858.0000 3.2408373
2859.5000 24.273891
2861.0000 48.082134
2862.5000 47.113567
2864.0000 26.108047
2865.5000 19.712458
2867.0000 19.852486
2868.5000 -9.4223099
2870.0000 0.24587935
2871.5000 -7.8919997
2873.0000 -0.76431769
2874.5000 -24.571617
2876.0000 -3.0671833
2877.5000 37.001526
2879.0000 30.925228
2880.5000 47.054268
2882.0000 49.253353
2883.5000 34.821705
2885.0000 -11.944540
2886.5000 -17.294947
2888.0000 -7.7128305
2889.5000 -32.635071
2891.0000 -10.156853
2892.5000 -1.7464788
2894.0000 16.562613
2895.5000 51.198124
2897.0000 53.076653
2898.5000 49.184223
2900.0000 44.821053
2901.5000 11.040077
2903.0000 8.1088095
2904.5000 -18.941668
2906.0000 -55.772709
2907.5000 -0.84687459
2909.0000 -44.281860
2910.5000 2.9760158
2912.0000 27.614313
2913.5000 28.959068
2915.0000 41.023365
2916.5000 30.064213
2918.0000 40.095646
2919.5000 15.402168
2921.0000 -14.486607
2922.5000 -18.992777
2924.0000 -11.057882
2925.5000 -24.994015
2927.0000 -10.503625
2928.5000 3.0809393
2930.0000 24.458326
2931.5000 25.589403
2933.0000 42.418156
2934.5000 35.657593
2936.0000 39.800591
2937.5000 25.697050
2939.0000 -20.551260
2940.5000 -4.1311111
2942.0000 -36.261536
2943.5000 -18.180136
2945.0000 4.8368707
2946.5000 26.396368
2948.0000 46.505386
2949.5000 38.111374
2951.0000 35.539825
2952.5000 40.282421
2954.0000 18.866520
2955.5000 -6.8137708
2957.0000 -7.7173080
2958.5000 -22.239964
2960.0000 -25.080801
2961.5000 -12.604887
2963.0000 48.837856
2964.5000 59.084976
2966.0000 80.034424
2967.5000 27.423508
2969.0000 -7.9957333
2970.5000 11.740625
2972.0000 0.74709946
2973.5000 24.636248
2975.0000 -22.577465
2976.5000 -82.338448
2978.0000 -53.573338
2979.5000 -104.95529
2981.0000 -50.140984
2982.5000 -41.672737
2984.0000 -26.408754
2985.5000 -32.878136
2987.0000 86.472527
2988.5000 59.824303
2990.0000 77.839371
2991.5000 5.0347815
2993.0000 24.966871
2994.5000 -111.41251
2996.0000 -72.182884
2997.5000 -88.048393
2999.0000 -129.88850
3000.0000 -344.77344
3001.5000 -225.98318
3003.0000 -15.359773
3004.5000 -141.39172
3006.0000 -62.081165
3007.5000 41.976604
3009.0000 -2.1025186
3010.5000 76.634018
3012.0000 50.120384
3013.5000 375.85632
3015.0000 1080.0503
3016.5000 1625.6094
3018.0000 1144.7633
3019.5000 490.65375
3021.0000 136.05014
3022.5000 3.0901201
3024.0000 181.30658
3025.5000 169.90929
3027.0000 -173.66949
3028.5000 -439.50214
3030.0000 -383.10831
3031.5000 -316.28650
3033.0000 -99.317780
3034.5000 -202.26532
3036.0000 -453.74197
3037.5000 -321.70749
3039.0000 -125.97472
3040.5000 36.476452
3042.0000 113.70477
3043.5000 259.55701
3045.0000 260.42352
3046.5000 286.32208
3048.0000 278.08240
3049.5000 202.61418
3051.0000 136.25983
3052.5000 181.57890
3054.0000 77.244148
3055.5000 19.255568
3057.0000 68.779839
3058.5000 40.702110
3060.0000 62.129963
3061.5000 141.74289
3063.0000 215.37027
3064.5000 155.06874
3066.0000 193.84602
3067.5000 163.81595
3069.0000 214.24626
3070.5000 247.28812
3072.0000 236.25507
3073.5000 179.34999
3075.0000 219.91824
3076.5000 247.83208
3078.0000 185.85300
3079.5000 238.87222
3081.0000 240.31767
3082.5000 226.35756
3084.0000 216.34024
3085.5000 99.852905
3087.0000 129.30403
3088.5000 160.29054
3090.0000 232.23491
3091.5000 264.43820
3093.0000 280.55969
3094.5000 291.68942
3096.0000 271.99948
3097.5000 241.30528
3099.0000 158.46466
3100.5000 88.612068
3102.0000 122.75399
3103.5000 165.35992
3105.0000 100.89275
3106.5000 71.488426
3108.0000 123.91344
3109.5000 167.24643
3111.0000 37.160954
3112.5000 -6.9749799
3114.0000 -80.845795
3115.5000 -119.61860
3117.0000 -105.90508
3118.5000 -65.694633
3120.0000 -51.013737
3121.5000 -55.128685
3123.0000 -63.319149
3124.5000 -77.149200
3126.0000 -103.87840
3127.5000 -84.396729
3129.0000 -89.230171
3130.5000 -76.073067
3132.0000 -39.383884
3133.5000 1.8513626
3135.0000 7.3899579
3136.5000 -17.576982
3138.0000 0.81249094
3139.5000 8.4381514
3141.0000 -14.157443
3142.5000 -25.004818
3144.0000 -35.422237
3145.5000 -26.789320
3147.0000 -9.4802370
3148.5000 8.1775560
3150.0000 13.971575
3151.5000 -7.0809350
3153.0000 -36.587868
3154.5000 -39.942482
3156.0000 -58.600689
3157.5000 -85.118004
3159.0000 -69.136589
3160.5000 -53.617538
3162.0000 -69.133080
3163.5000 -73.281471
3165.0000 -26.319120
3166.5000 -11.826770
3168.0000 -47.942894
3169.5000 -69.759293
3171.0000 -24.021139
3172.5000 0.41265398
3174.0000 -29.071859
3175.5000 -55.509190
3177.0000 -21.665178
3178.5000 -9.8010130
3180.0000 -44.058811
3181.5000 -54.042618
3183.0000 3.6445119
3184.5000 25.012081
3186.0000 -37.688007
3187.5000 -35.422016
3189.0000 16.092396
3190.5000 -4.0799956
3192.0000 -53.252262
3193.5000 -40.288204
3195.0000 -8.9264450
3196.5000 -18.943830
3198.0000 -148.07030
3199.5000 -67.468529
3201.0000 -42.127544
3202.5000 -35.808567
3204.0000 -37.980713
3205.5000 7.0163879
3207.0000 21.010588
3208.5000 -43.521755
3210.0000 -16.617899
3211.5000 37.255421
3213.0000 25.256140
3214.5000 -7.1374760
3216.0000 -34.351460
3217.5000 77.439644
3219.0000 -18.782190
3220.5000 -86.515678
3222.0000 -53.002262
3223.5000 -12.099402
3225.0000 -15.203390
3226.5000 -40.308403
3228.0000 -18.716646
3229.5000 13.691424
3231.0000 -27.434162
3232.5000 -22.726450
3234.0000 17.229691
3235.5000 28.881657
3237.0000 0.69022048
3238.5000 11.928156
3240.0000 36.904751
3241.5000 5.4085212
3243.0000 -31.136581
3244.5000 -12.672261
3246.0000 -10.211831
3247.5000 -43.401245
3249.0000 -54.524338
3250.5000 -20.200865
3252.0000 -22.273829
3253.5000 -59.051052
3255.0000 -54.144436
3256.5000 -19.394266
3258.0000 -11.612478
3259.5000 -23.019974
3261.0000 1.9695408
3262.5000 37.964649
3264.0000 37.423340
3265.5000 7.6843815
3267.0000 24.443935
3268.5000 26.579000
3270.0000 -26.891556
3271.5000 -43.718315
3273.0000 -31.169987
3274.5000 -51.550503
3276.0000 -68.408958
3277.5000 -52.990242
3279.0000 -33.191654
3280.5000 -37.671589
3282.0000 -49.192898
3283.5000 -29.468039
3285.0000 30.534822
3286.5000 -15.483659
3288.0000 -51.012463
3289.5000 -24.318373
3291.0000 -18.446062
3292.5000 -25.600533
3294.0000 -29.628819
3295.5000 -29.777624
3297.0000 -28.707569
3298.5000 -28.541636
3300.0000 -28.747648
3301.5000 -23.761326
3303.0000 -24.548857
3304.5000 -36.958992
3306.0000 -23.295403
3307.5000 -45.082352
3309.0000 -46.077080
3310.5000 -41.816940
3312.0000 -12.228879
3313.5000 -27.493492
3315.0000 -11.514812
3316.5000 7.7750978
3318.0000 -19.210506
3319.5000 -52.780136
3321.0000 -56.934994
3322.5000 -50.144127
3324.0000 -28.340496
3325.5000 -15.904265
3327.0000 -20.321299
3328.5000 -34.568386
3330.0000 -49.511421
3331.5000 -53.227039
3333.0000 -58.130737
3334.5000 -29.266685
3336.0000 -23.546806
3337.5000 -50.978516
3339.0000 -68.716484
3340.5000 -5.9319816
3342.0000 -3.1751897
3343.5000 -51.607834
3345.0000 -79.202454
3346.5000 -76.977310
3348.0000 -67.120514
3349.5000 -50.809757
3351.0000 -16.218174
3352.5000 -6.3291106
3354.0000 -31.995672
3355.5000 -65.421387
3357.0000 -76.492851
3358.5000 -54.449894
3360.0000 -36.936817
3361.5000 -24.696220
3363.0000 -45.751614
3364.5000 -44.549385
3366.0000 -60.565884
3367.5000 -54.968441
3369.0000 -21.098564
3370.5000 -4.1796484
3372.0000 -28.372700
3373.5000 -23.836893
3375.0000 -20.468054
3376.5000 -51.568092
3378.0000 -41.118526
3379.5000 -34.971958
3381.0000 -34.864330
3382.5000 -31.186954
3384.0000 -40.924500
3385.5000 -47.380825
3387.0000 -41.358353
3388.5000 -32.525253
3390.0000 -30.920465
3391.5000 -27.296991
3393.0000 -15.884542
3394.5000 -20.874334
3396.0000 -1.3923233
3397.5000 -4.0561948
3399.0000 -27.634829
3400.5000 -27.964308
3402.0000 -17.556219
3403.5000 -11.709032
3405.0000 -0.83076102
3406.5000 -28.070587
3408.0000 -40.403126
3409.5000 -12.394823
3411.0000 -27.034634
3412.5000 -22.795712
3414.0000 -13.458623
3415.5000 -10.860872
3417.0000 -36.058887
3418.5000 -19.237539
3420.0000 -32.452106
3421.5000 -6.9419556
3423.0000 -23.429609
3424.5000 -23.733639
3426.0000 -11.005445
3427.5000 -6.6082749
3429.0000 -17.235331
3430.5000 -20.211538
3432.0000 -19.307474
3433.5000 -6.7408490
3435.0000 -37.585716
3436.5000 -36.620010
3438.0000 -10.131133
3439.5000 -29.440016
3441.0000 -28.611935
3442.5000 -29.614723
3444.0000 -14.191984
3445.5000 -16.201735
3447.0000 -29.568699
3448.5000 -27.263180
3450.0000 -22.415777
3451.5000 -3.6398339
3453.0000 -17.541489
3454.5000 -8.0789356
3456.0000 -9.5445375
3457.5000 -23.565874
3459.0000 -19.953503
3460.5000 -5.4196429
3462.0000 -1.7014183
3463.5000 -6.4389648
3465.0000 -20.034668
3466.5000 -8.6143456
3468.0000 -13.211790
3469.5000 -14.708010
3471.0000 -3.6420262
3472.5000 4.3506107
3474.0000 8.2011747
3475.5000 -1.5617760
3477.0000 -13.396096
3478.5000 -25.294355
3480.0000 -26.913124
3481.5000 -26.140692
3483.0000 -23.931818
3484.5000 -20.833752
3486.0000 -6.2422233
3487.5000 -14.154706
3489.0000 -8.3264112
3490.5000 -13.613282
3492.0000 -16.951208
3493.5000 -14.488340
3495.0000 -4.2469273
3496.5000 -9.4048595
3498.0000 -4.8528090
3499.5000 -18.478588
3501.0000 -20.966097
3502.5000 -10.029775
3504.0000 0.72629184
3505.5000 9.7317972
3507.0000 8.2665329
3508.5000 -1.5041751
3510.0000 -10.064596
3511.5000 -15.691600
3513.0000 -20.134033
3514.5000 -16.170910
3516.0000 -15.645537
3517.5000 -13.555075
3519.0000 -13.011824
3520.5000 -10.813651
3522.0000 -20.662062
3523.5000 -14.878291
3525.0000 -8.3784208
3526.5000 -6.5478444
3528.0000 -2.6405020
3529.5000 -14.532217
3531.0000 -14.354374
3532.5000 -14.318795
3534.0000 -9.7334747
3535.5000 -3.3843086
3537.0000 -6.7394400
3538.5000 -5.7661257
3540.0000 -12.865632
3541.5000 -10.402236
3543.0000 -10.953415
3544.5000 -9.9375591
3546.0000 -3.7875826
3547.5000 -6.2607555
3549.0000 -6.5350957
3550.5000 -15.149188
3552.0000 -10.376911
3553.5000 -9.5323648
3555.0000 -1.1835718
3556.5000 -11.120073
3558.0000 -13.675081
3559.5000 -13.660228
3561.0000 -6.3557010
3562.5000 -5.1452312
3564.0000 -3.6397340
3565.5000 0.75083411
3567.0000 -3.8985279
3568.5000 -13.948698
3570.0000 -23.941803
3571.5000 -10.510354
3573.0000 -10.704576
3574.5000 -15.327737
3576.0000 -8.7960186
3577.5000 -14.056502
3579.0000 -13.499224
3580.5000 -5.2745066
3582.0000 -3.1762083
3583.5000 -9.8174086
3585.0000 -6.8491158
3586.5000 2.7066681
3588.0000 -24.936911
3589.5000 -53.667812
3591.0000 -25.307482
3592.5000 -18.077461
3594.0000 -12.171430
3595.5000 -4.5781298
3597.0000 -9.1619787
3598.5000 -17.545427
3600.0000 -22.914352
3601.5000 -31.660559
3603.0000 -11.597142
3604.5000 -5.4012604
3606.0000 -11.449159
3607.5000 -25.414236
3609.0000 -11.590802
3610.5000 -12.719656
3612.0000 -20.383081
3613.5000 -13.426324
3615.0000 -14.710675
3616.5000 -12.334095
3618.0000 -43.694332
3619.5000 -13.813542
3621.0000 -14.643319
3622.5000 -22.302982
3624.0000 -12.897012
3625.5000 -13.991663
3627.0000 -17.970669
3628.5000 -21.392559
3630.0000 -23.426514
3631.5000 -15.985006
3633.0000 -23.245222
3634.5000 -12.523225
3636.0000 -16.328785
3637.5000 -24.438128
3639.0000 -22.229729
3640.5000 -17.343884
3642.0000 -19.099001
3643.5000 -12.495173
3645.0000 -16.852858
3646.5000 -16.936617
3648.0000 -24.264410
3649.5000 -14.526040
3651.0000 -4.7868285
3652.5000 -10.449235
3654.0000 -12.900913
3655.5000 -20.622925
3657.0000 -27.166943
3658.5000 -20.397715
3660.0000 -22.272701
3661.5000 -17.658789
3663.0000 -17.964518
3664.5000 -13.979841
3666.0000 -16.870979
3667.5000 -16.561317
3669.0000 -20.756771
3670.5000 -18.454117
3672.0000 -18.319956
3673.5000 -17.353758
3675.0000 -18.086369
3676.5000 -22.208979
3678.0000 -16.822544
3679.5000 -15.449924
3681.0000 -18.625521
3682.5000 -18.458471
3684.0000 -20.117550
3685.5000 -18.189831
3687.0000 -17.931229
3688.5000 -19.701700
3690.0000 -20.325644
3691.5000 -17.637596
3693.0000 -15.979219
3694.5000 -18.408472
3696.0000 -19.824966
3697.5000 -21.351542
3699.0000 -18.452980
3700.5000 -17.856302
3702.0000 -18.381323
3703.5000 -19.529919
3705.0000 -17.864641
3706.5000 -19.752401
3708.0000 -21.339212
3709.5000 -20.577913
3711.0000 -19.029295
3712.5000 -15.715513
3714.0000 -18.335558
3715.5000 -19.836443
3717.0000 -22.523085
3718.5000 -20.777039
3720.0000 -20.688894
3721.5000 -26.938848
3723.0000 -21.174761
3724.5000 -11.836041
3726.0000 -14.780832
3727.5000 -12.356507
3729.0000 -17.321419
3730.5000 -19.794289
3732.0000 -15.425160
3733.5000 -19.699747
3735.0000 -22.021898
3736.5000 -22.370686
3738.0000 -22.966032
3739.5000 -19.599028
3741.0000 -16.690008
3742.5000 -14.314799
3744.0000 -13.755028
3745.5000 -17.182758
3747.0000 -24.035341
3748.5000 -26.463280
3750.0000 -23.696768
3751.5000 -17.749872
3753.0000 -14.118605
3754.5000 -15.320229
3756.0000 -18.445993
3757.5000 -19.843355
3759.0000 -23.057350
3760.5000 -25.394608
3762.0000 -21.137318
3763.5000 -11.696453
3765.0000 -4.0457773
3766.5000 3.7567751
3768.0000 11.282910
3769.5000 15.812513
3771.0000 21.547165
3772.5000 20.995232
3774.0000 20.575588
3775.5000 24.481377
3777.0000 28.405920
3778.5000 37.712700
3780.0000 63.153484
3781.5000 83.589401
3783.0000 132.02330
3784.5000 183.78404
3786.0000 235.77177
3787.5000 346.33463
3789.0000 172.26729
3790.5000 235.95732
3792.0000 272.28943
3793.5000 257.49817
3795.0000 -9.7914820
3796.5000 51.957130
3798.0000 109.57764
3799.5000 124.44748
3801.0000 129.61168
3802.5000 19.281973
3804.0000 -70.965492
3805.5000 -48.428440
3807.0000 -28.968306
3808.5000 43.789097
3810.0000 36.090042
3811.5000 35.099121
3813.0000 39.755611
3814.5000 54.634785
3816.0000 20.441957
3817.5000 -77.044861
3819.0000 -131.65796
3820.5000 -65.805634
3822.0000 26.816893
3823.5000 41.217236
3825.0000 76.093430
3826.5000 96.228111
3828.0000 115.36409
3829.5000 114.15343
3831.0000 83.784615
3832.5000 39.461140
3834.0000 45.495827
3835.5000 -33.541359
3837.0000 17.307711
3838.5000 -1.2775152
3840.0000 79.968781
3841.5000 47.094757
3843.0000 105.91763
3844.5000 58.806049
3846.0000 -12.998713
3847.5000 150.87862
3849.0000 60.609821
3850.5000 -185.52667
3852.0000 -18.304897
3853.5000 70.212723
3855.0000 49.363346
3856.5000 54.096821
3858.0000 36.847687
3859.5000 105.90710
3861.0000 27.656916
3862.5000 34.932003
3864.0000 37.545288
3865.5000 27.070206
3867.0000 37.403728
3868.5000 67.771500
3870.0000 13.414121
3871.5000 -30.477440
3873.0000 26.030655
3874.5000 82.409668
3876.0000 154.04570
3877.5000 138.00340
3879.0000 124.48920
3880.5000 73.695221
3882.0000 1.4224477
3883.5000 13.175803
3885.0000 46.399002
3886.5000 43.289398
3888.0000 57.928196
3889.5000 58.629959
3891.0000 11.597598
3892.5000 36.054855
3894.0000 1.0133446
3895.5000 -18.766796
3897.0000 8.7167587
3898.5000 -30.108753
3900.0000 51.525311
3901.5000 62.063828
3903.0000 16.415316
3904.5000 -1.5857610
3906.0000 52.471657
3907.5000 74.437523
3909.0000 113.16881
3910.5000 106.58207
3912.0000 97.602936
3913.5000 68.777802
3915.0000 23.311584
3916.5000 19.562695
3918.0000 14.142490
3919.5000 29.457438
3921.0000 34.008980
3922.5000 30.983496
3924.0000 27.156578
3925.5000 34.820992
3927.0000 31.833887
3928.5000 23.656237
3930.0000 -3.3328443
3931.5000 -13.657353
3933.0000 1.1957389
3934.5000 -43.741032
3936.0000 -43.663094
3937.5000 -7.9625182
3939.0000 38.432411
3940.5000 46.711433
3942.0000 47.274872
3943.5000 43.706093
3945.0000 34.337303
3946.5000 25.164700
3948.0000 11.051546
3949.5000 -2.4705086
3951.0000 -37.966743
3952.5000 -33.861343
3954.0000 -23.368874
3955.5000 -13.284328
3957.0000 19.711399
3958.5000 38.065853
3960.0000 49.774124
3961.5000 57.113834
3963.0000 54.434498
3964.5000 24.421961
3966.0000 4.9206462
3967.5000 -6.4970150
3969.0000 -21.689533
3970.5000 -23.092285
3972.0000 -18.275705
3973.5000 7.0544949
3975.0000 25.596098
3976.5000 35.109207
3978.0000 50.448284
3979.5000 19.052320
3981.0000 27.232077
3982.5000 23.223253
3984.0000 2.4335763
3985.5000 -19.066553
3987.0000 -33.066792
3988.5000 -5.8562937
3990.0000 -4.2640991
3991.5000 -0.49589428
3993.0000 5.3942342
3994.5000 32.877895
3996.0000 13.412070
3997.5000 43.379745
3999.0000 19.589054
4000.5000 -21.200624
4002.0000 -8.3670416
4003.5000 0.29823482
4005.0000 -20.500719
4006.5000 -17.362066
4008.0000 -0.16579583
4009.5000 30.450615
4011.0000 16.410553
4012.5000 12.251493
4014.0000 34.785103
4015.5000 24.376661
4017.0000 18.810329
4018.5000 14.652124
4020.0000 -41.848896
4021.5000 -34.334419
4023.0000 -17.172308
4024.5000 -4.1231389
4026.0000 17.178240
4027.5000 24.132376
4029.0000 34.066608
4030.5000 33.592377
4032.0000 14.771714
4033.5000 40.096546
4035.0000 -7.3475242
4036.5000 -29.526016
4038.0000 -23.272257
4039.5000 -30.925798
4041.0000 -7.7837663
4042.5000 5.8295250
4044.0000 20.299450
4045.5000 27.705000
4047.0000 30.339378
4048.5000 38.963909
4050.0000 13.276260
4051.5000 18.364044
4053.0000 -25.961466
4054.5000 -24.079912
4056.0000 -21.751217
4057.5000 -34.238625
4059.0000 -14.368339
4060.5000 29.493055
4062.0000 5.7039881
4063.5000 48.161091
4065.0000 27.323830
4066.5000 31.252893
4068.0000 35.946194
4069.5000 23.312061
4071.0000 -11.737386
4072.5000 -37.145233
4074.0000 -39.562675
4075.5000 -22.192173
4077.0000 -6.8110390
4078.5000 26.101353
4080.0000 35.584690
4081.5000 36.643719
4083.0000 35.863567
4084.5000 -1.1580000
4086.0000 10.354188
4087.5000 -10.697253
4089.0000 -39.437405
4090.5000 -24.576126
4092.0000 -14.203750
4093.5000 -16.653946
4095.0000 -0.64540219
4096.5000 19.676826
4098.0000 -18.336472
4099.5000 21.190454
4101.0000 44.669907
4102.5000 6.6096096
4104.0000 37.792789
4105.5000 59.179413
4107.0000 -29.236929
4108.5000 -78.388733
4110.0000 16.015070
4111.5000 57.827751
4113.0000 12.496956
4114.5000 21.945534
4116.0000 13.058481
4117.5000 26.061672
4119.0000 5.1532822
4120.5000 13.133309
4122.0000 -23.467619
4123.5000 -29.408577
4125.0000 -25.567699
4126.5000 -30.202829
4128.0000 -9.0859270
4129.5000 28.423084
4131.0000 20.830982
4132.5000 21.580154
4134.0000 15.911695
4135.5000 38.807365
4137.0000 14.959256
4138.5000 14.065200
4140.0000 -31.824619
4141.5000 -23.907093
4143.0000 -26.818241
4144.5000 -30.971678
4146.0000 11.625229
4147.5000 -3.9337809
4149.0000 22.281416
4150.5000 44.733967
4152.0000 30.790804
4153.5000 33.900810
4155.0000 14.296209
4156.5000 1.8764088
4158.0000 -26.249321
4159.5000 -39.415394
4161.0000 -25.212914
4162.5000 1.9963990
4164.0000 -4.0238557
4165.5000 45.689648
4167.0000 22.815168
4168.5000 18.136379
4170.0000 7.5024648
4171.5000 6.4453335
4173.0000 11.367738
4174.5000 19.798174
4176.0000 -16.722197
4177.5000 -16.665661
4179.0000 -11.444139
4180.5000 -0.96033460
4182.0000 6.4294958
4183.5000 29.240629
4185.0000 16.274939
4186.5000 4.2668109
4188.0000 11.572052
4189.5000 -1.9834291
4191.0000 -18.414833
4192.5000 -18.154516
4194.0000 34.805176
4195.5000 -7.3755274
4197.0000 -44.559669
4198.5000 19.157866
4200.0000 26.524590
4201.5000 -11.443750
4203.0000 3.5581307
4204.5000 3.3507609
4206.0000 11.294426
4207.5000 10.056302
4209.0000 -9.0362139
4210.5000 -16.693781
4212.0000 -10.290913
4213.5000 15.570946
4215.0000 30.562252
4216.5000 -7.8376546
4218.0000 -22.145277
4219.5000 -4.1481843
4221.0000 15.110348
4222.5000 10.475382
4224.0000 5.4737659
4225.5000 -6.2038808
4227.0000 -16.504032
4228.5000 -18.934908
4230.0000 -9.4640913
4231.5000 -1.0995064
4233.0000 11.989826
4234.5000 18.258789
4236.0000 18.420431
4237.5000 13.516212
4239.0000 1.9553797
4240.5000 -4.6460228
4242.0000 -3.4173427
4243.5000 -9.3501844
4245.0000 -16.050594
4246.5000 -15.327482
4248.0000 -4.4001312
4249.5000 -11.615900
4251.0000 8.7479105
4252.5000 26.928640
4254.0000 -4.3157625
4255.5000 9.1464243
4257.0000 0.62922806
4258.5000 0.048934702
4260.0000 -14.482933
4261.5000 -19.628880
4263.0000 -14.380936
4264.5000 -8.9799452
4266.0000 12.211722
4267.5000 7.6883082
4269.0000 7.5760045
4270.5000 7.4458442
4272.0000 4.4066720
4273.5000 -0.69920099
4275.0000 -6.8805814
4276.5000 -7.5100746
4278.0000 -23.256350
4279.5000 -3.9669063
4281.0000 -9.9319706
4282.5000 -2.1308203
4284.0000 7.3108215
4285.5000 8.0919724
4287.0000 4.3838372
4288.5000 -3.8563437
4290.0000 -10.342554
4291.5000 -0.95820588
4293.0000 -3.9402890
4294.5000 -5.4321594
4296.0000 -11.433614
4297.5000 -11.428867
4299.0000 -2.6933031
4300.5000 -1.1175565
4302.0000 8.4415464
4303.5000 19.965351
4305.0000 3.9293668
4306.5000 -5.6628160
4308.0000 -1.8968681
4309.5000 -10.817905
4311.0000 -7.3543868
4312.5000 -5.6110935
4314.0000 -13.747003
4315.5000 -4.0171075
4317.0000 -0.52725703
4318.5000 1.2026958
4320.0000 13.647800
4321.5000 23.447668
4323.0000 -12.698650
4324.5000 -17.019670
4326.0000 5.2261257
4327.5000 -1.7379420
4329.0000 -11.911306
4330.5000 -11.212681
4332.0000 -14.422816
4333.5000 -0.84949237
4335.0000 -1.3407794
4336.5000 13.970363
4338.0000 12.600554
4339.5000 -1.4047209
4341.0000 -4.9056745
4342.5000 3.2983212
4344.0000 3.0646844
4345.5000 -8.3395758
4347.0000 -8.8848295
4348.5000 -9.6859598
4350.0000 -9.5115995
4351.5000 0.77990472
4353.0000 -0.52873313
4354.5000 20.988203
4356.0000 9.0324383
4357.5000 -14.824896
4359.0000 7.7151446
4360.5000 -15.457606
4362.0000 1.6109481
4363.5000 -16.406677
4365.0000 -2.2870603
4366.5000 -8.3279276
4368.0000 -5.7407861
4369.5000 -0.90969956
4371.0000 -30.885454
4372.5000 23.107893
4374.0000 -8.3749456
4375.5000 4.4717860
4377.0000 1.4123055
4378.5000 -2.2204044
4380.0000 -8.1757803
4381.5000 -9.7186003
4383.0000 -10.279618
4384.5000 -8.2986479
4386.0000 -5.8527794
4387.5000 -15.605167
4389.0000 33.024216
4390.5000 1.1735168
4392.0000 -12.378782
4393.5000 10.886570
4395.0000 -7.9073696
4396.5000 -2.9540198
4398.0000 -10.224475
4399.5000 -7.2579474
4401.0000 -13.120736
4402.5000 -5.6317401
4404.0000 -3.4076662
4405.5000 5.2691574
4407.0000 12.054265
4408.5000 -11.659562
4410.0000 12.247388
4411.5000 -1.1493690
4413.0000 -1.9333349
4414.5000 -8.6499166
4416.0000 -7.1250629
4417.5000 -11.538579
4419.0000 -9.4575348
4420.5000 -21.554756
4422.0000 2.4943433
4423.5000 8.1992140
4425.0000 -9.6604023
4426.5000 18.412767
4428.0000 -9.9893475
4429.5000 3.5870092
4431.0000 -8.2893009
4432.5000 -3.7334206
4434.0000 -10.329165
4435.5000 -13.267289
4437.0000 -5.6073036
4438.5000 -8.4723711
4440.0000 35.113468
4441.5000 -4.5724082
4443.0000 -23.334877
4444.5000 18.847713
4446.0000 -7.1213579
4447.5000 -3.2308724
4449.0000 -8.1891642
4450.5000 -6.0571766
4452.0000 -11.083921
4453.5000 -10.214402
4455.0000 -2.8746960
4456.5000 -36.361977
4458.0000 25.662638
4459.5000 -4.9683924
4461.0000 -1.2115865
4462.5000 7.4165030
4464.0000 -3.7155635
4465.5000 -4.0658154
4467.0000 -10.055799
4468.5000 -7.5008049
4470.0000 -12.679197
4471.5000 -4.1734715
4473.0000 -6.5860610
4474.5000 4.9010348
4476.0000 1.2882336
4477.5000 23.877796
4479.0000 2.8010616
4480.5000 -29.729118
4482.0000 15.230767
4483.5000 -13.826366
4485.0000 -7.6730537
4486.5000 -13.981517
4488.0000 -8.3406792
4489.5000 -6.6323547
4491.0000 -2.9940615
4492.5000 5.7964849
4494.0000 -32.612034
4495.5000 21.237024
4497.0000 -7.1046700
4498.5000 -4.6090488
4500.0000 5.9849849
4501.5000 -11.566918
4503.0000 -9.4841709
4504.5000 -17.480614
4506.0000 -5.5964646
4507.5000 -8.6810741
4509.0000 6.0767775
4510.5000 1.1214318
4512.0000 3.9066811
4513.5000 -0.81482333
4515.0000 -2.1645112
4516.5000 0.23975576
4518.0000 -6.5068169
4519.5000 -3.9789109
4521.0000 -14.258671
4522.5000 -6.7939553
4524.0000 -13.904947
4525.5000 8.6149454
4527.0000 8.4839668
4528.5000 -23.573864
4530.0000 14.951150
4531.5000 -4.5814729
4533.0000 1.2218404
4534.5000 -6.1254144
4536.0000 -4.5775771
4537.5000 -6.8026614
4539.0000 -15.643390
4540.5000 -8.6571589
4542.0000 -32.295883
4543.5000 17.362944
4545.0000 -0.16965188
4546.5000 -4.7753596
4548.0000 6.9747815
4549.5000 -5.5656867
4551.0000 -0.35373494
4552.5000 -8.0025558
4554.0000 -1.0976781
4555.5000 -13.780841
4557.0000 -6.5020661
4558.5000 -12.736897
4560.0000 17.336597
4561.5000 -1.5936065
4563.0000 -14.960925
4564.5000 16.467709
4566.0000 -3.5716562
4567.5000 2.3747234
4569.0000 -2.6052132
4570.5000 -1.0305846
4572.0000 -10.319458
4573.5000 -6.6449924
4575.0000 -10.581756
4576.5000 -9.0025339
4578.0000 1.2770828
4579.5000 8.5537119
4581.0000 -8.8750725
4582.5000 11.764045
4584.0000 10.679283
4585.5000 -1.8133522
4587.0000 -15.266868
4588.5000 -4.0275173
4590.0000 10.100832
4591.5000 -0.90036547
4593.0000 -11.817887
4594.5000 29.059175
4596.0000 22.870993
4597.5000 21.758965
4599.0000 16.623955
4600.5000 -0.096417412
4602.0000 36.592937
4603.5000 -7.2198811
4605.0000 -14.243177
4606.5000 19.194407
4608.0000 -25.329311
4609.5000 -23.466627
4611.0000 14.553112
4612.5000 -20.334646
4614.0000 3.4458923
4615.5000 -8.0322123
4617.0000 9.6864748
4618.5000 -3.3840168
4620.0000 -9.2742071
4621.5000 12.101103
4623.0000 -15.772510
4624.5000 -7.1617117
4626.0000 -36.138237
4627.5000 -26.488646
4629.0000 -10.012543
4630.5000 -3.5755260
4632.0000 1.9945873
4633.5000 2.2622075
4635.0000 -12.499591
4636.5000 14.303944
4638.0000 25.400833
4639.5000 17.538124
4641.0000 8.0386515
4642.5000 -10.059496
4644.0000 -4.8554864
4645.5000 -14.115800
4647.0000 -22.617401
4648.5000 -8.2135410
4650.0000 6.3413005
4651.5000 8.3054476
4653.0000 -9.5198183
4654.5000 22.072895
4656.0000 -5.4459281
4657.5000 13.599942
4659.0000 -26.174328
4660.5000 -8.4053612
4662.0000 -14.398872
4663.5000 -3.9706376
4665.0000 -25.238297
4666.5000 14.001366
4668.0000 7.9091697
4669.5000 -11.251784
4671.0000 -2.1814861
4672.5000 0.73238057
4674.0000 -6.8276248
4675.5000 -8.2331924
4677.0000 -13.760706
4678.5000 -11.448224
4680.0000 -12.108981
4681.5000 -6.6718154
4683.0000 5.1374044
4684.5000 3.9766183
4686.0000 -0.059189409
4687.5000 -1.9657524
4689.0000 -2.6032345
4690.5000 -0.56566453
4692.0000 -11.745659
4693.5000 -6.1250677
4695.0000 -17.703491
4696.5000 -10.539192
4698.0000 -16.376604
4699.5000 17.754665
4701.0000 13.654371
4702.5000 -32.467377
4704.0000 15.922158
4705.5000 -2.2293932
4707.0000 0.11298143
4708.5000 -7.7653556
4710.0000 -8.9497061
4711.5000 -12.706130
4713.0000 -13.077781
4714.5000 -13.638268
4716.0000 -10.551167
4717.5000 23.598328
4719.0000 2.0697176
4720.5000 -28.360558
4722.0000 13.831279
4723.5000 -4.0935106
4725.0000 1.2509303
4726.5000 -14.971646
4728.0000 -4.8476329
4729.5000 -12.340356
4731.0000 -10.373077
4732.5000 -3.3551981
4734.0000 -31.172396
4735.5000 14.489238
4737.0000 0.94759578
4738.5000 -11.268724
4740.0000 10.416645
4741.5000 1.2170691
4743.0000 -12.886373
4744.5000 -17.906572
4746.0000 -2.0116348
4747.5000 -14.398082
4749.0000 1.0910380
4750.5000 -18.996899
4752.0000 32.665440
4753.5000 -19.297102
4755.0000 -17.917164
4756.5000 27.072388
4758.0000 -18.967113
4759.5000 11.850082
4761.0000 -7.0263023
4762.5000 10.276607
4764.0000 -21.031595
4765.5000 -14.452395
4767.0000 -51.808643
4768.5000 -0.66305411
4770.0000 25.021212
4771.5000 -10.841852
4773.0000 -3.5225017
4774.5000 2.5418944
4776.0000 -12.953992
4777.5000 25.881498
4779.0000 -3.1736610
4780.5000 59.604122
4782.0000 8.2764006
4783.5000 -9.0297918
4785.0000 9.7479057
4786.5000 1.1639878
4788.0000 -48.661880
4789.5000 -24.437872
4791.0000 -17.883394
4792.5000 -36.603283
4794.0000 -42.261456
4795.5000 -0.30762085
4797.0000 -18.753380
4798.5000 -17.232531
4800.0000 10.003263
4801.5000 14.012801
4803.0000 19.960333
4804.5000 -7.8956823
4806.0000 77.462364
4807.5000 4.3646560
4809.0000 -5.3010054
4810.5000 0.90610415
4812.0000 -2.2209620
4813.5000 -44.477581
4815.0000 -56.602409
4816.5000 -32.396412
4818.0000 -34.579163
4819.5000 4.8628016
4821.0000 12.084991
4822.5000 21.824183
4824.0000 14.059191
4825.5000 36.187016
4827.0000 8.3983765
4828.5000 30.354818
4830.0000 -7.5634422
4831.5000 25.973965
4833.0000 -20.142010
4834.5000 -11.955531
4836.0000 -35.103374
4837.5000 -45.376316
4839.0000 -34.991055
4840.5000 5.8424935
4842.0000 -11.935286
4843.5000 7.9421649
4845.0000 22.672478
4846.5000 1.2711793
4848.0000 24.175797
4849.5000 16.275705
4851.0000 44.396671
4852.5000 -2.4327598
4854.0000 18.068279
4855.5000 -30.459658
4857.0000 94.289574
4858.5000 -8.5798540
4860.0000 -36.023022
4861.5000 -9.2344465
4863.0000 34.442646
4864.5000 6.7174940
4866.0000 12.891336
4867.5000 -41.683472
4869.0000 -2.1855915
4870.5000 2.4377978
4872.0000 -34.733601
4873.5000 -17.084244
4875.0000 -23.942202
4876.5000 21.343214
4878.0000 -3.1857548
4879.5000 -23.300953
4881.0000 -15.612185
4882.5000 -15.814421
4884.0000 10.201037
4885.5000 -7.8553066
4887.0000 -1.4184659
4888.5000 -10.858615
4890.0000 23.850010
4891.5000 4.5491810
4893.0000 52.101254
4894.5000 11.699130
4896.0000 -11.461284
4897.5000 -28.061260
4899.0000 -2.4853075
4900.5000 26.550707
4902.0000 -5.4355497
4903.5000 5.0566406
4905.0000 -25.500324
4906.5000 2.7217548
4908.0000 4.5784817
4909.5000 17.189709
4911.0000 5.7215624
4912.5000 -13.013087
4914.0000 6.2375507
4915.5000 14.125662
4917.0000 0.16661236
4918.5000 -4.3816676
4920.0000 -2.8984375
4921.5000 2.4610462
4923.0000 -44.821285
4924.5000 25.201500
4926.0000 19.467270
4927.5000 22.956570
4929.0000 18.580696
4930.5000 6.4601045
4932.0000 8.3269253
4933.5000 26.774488
4935.0000 18.654045
4936.5000 -18.839308
4938.0000 17.936287
4939.5000 12.370532
4941.0000 23.966553
4942.5000 29.095772
4944.0000 -0.59854138
4945.5000 -16.286888
4947.0000 9.2151918
4948.5000 0.99544138
4950.0000 -2.1587827
4951.5000 -18.695599
4953.0000 -39.786617
4954.5000 -3.4351418
4956.0000 -9.6747236
4957.5000 -21.050312
4959.0000 10.213910
4960.5000 11.561483
4962.0000 -0.00057350920
4963.5000 -0.29637241
4965.0000 -0.58225942
4966.5000 6.7373800
4968.0000 -17.995733
4969.5000 -11.870070
4971.0000 -10.783609
4972.5000 -7.1789460
4974.0000 4.8745503
4975.5000 2.9843652
4977.0000 -4.3656421
4978.5000 8.4495134
4980.0000 20.699368
4981.5000 30.043489
4983.0000 9.3842850
4984.5000 14.089408
4986.0000 7.2960448
4987.5000 10.086918
4989.0000 1.1830930
4990.5000 3.0339820
4992.0000 8.3338270
4993.5000 5.5621634
4995.0000 45.113804
4996.5000 17.341473
4998.0000 -0.020347036
4999.5000 24.248220
5001.0000 10.906503
5002.5000 11.476027
5004.0000 5.8525920
5005.5000 10.117754
5007.0000 17.867908
5008.5000 7.5843606
5010.0000 3.1629386
5011.5000 -2.5261743
5013.0000 24.301666
5014.5000 2.5730023
5016.0000 -2.3032146
5017.5000 -2.5804138
5019.0000 2.0561140
5020.5000 -1.0853697
5022.0000 -20.144081
5023.5000 -2.1562696
5025.0000 -14.090533
5026.5000 -5.2391295
5028.0000 -12.913505
5029.5000 -0.15452431
5031.0000 2.7484570
5032.5000 2.4211631
5034.0000 0.22772387
5035.5000 9.2051134
5037.0000 -7.9109635
5038.5000 0.099962242
5040.0000 -4.9260426
5041.5000 -12.214886
5043.0000 -6.1263089
5044.5000 -11.529682
5046.0000 -0.59760261
5047.5000 -19.441608
5049.0000 17.845690
5050.5000 -3.9671547
5052.0000 15.955490
5053.5000 12.840142
5055.0000 12.023619
5056.5000 6.1340475
5058.0000 9.5755053
5059.5000 14.406054
5061.0000 -1.8673011
5062.5000 3.1302552
5064.0000 -5.1298680
5065.5000 16.627615
5067.0000 22.284529
5068.5000 26.001257
5070.0000 21.155443
5071.5000 11.798198
5073.0000 12.527011
5074.5000 17.424850
5076.0000 17.362629
5077.5000 -6.7113008
5079.0000 -9.6342945
5080.5000 -6.2484965
5082.0000 -16.407999
5083.5000 31.138891
5085.0000 6.2731996
5086.5000 -27.974850
5088.0000 -3.2777121
5089.5000 2.7383320
5091.0000 -6.2151990
5092.5000 5.1101780
5094.0000 1.5327835
5095.5000 10.716900
5097.0000 -41.630508
5098.5000 -6.3806591
5100.0000 -10.605517
5101.5000 -14.556394
5103.0000 -0.80537236
5104.5000 9.1908216
5106.0000 18.192078
5107.5000 20.785509
5109.0000 33.580822
5110.5000 25.273693
5112.0000 -5.7677226
5113.5000 -40.926483
5115.0000 -13.758286
5116.5000 7.3576365
5118.0000 7.6392875
5119.5000 23.171791
5121.0000 47.699100
5122.5000 28.844969
5124.0000 9.6920900
5125.5000 -22.774574
5127.0000 -3.9673581
5128.5000 5.3656354
5130.0000 21.406109
5131.5000 35.863609
5133.0000 -7.0561719
5134.5000 -14.873265
5136.0000 13.950091
5137.5000 32.352760
5139.0000 24.594698
5140.5000 31.262615
5142.0000 41.526981
5143.5000 26.486654
5145.0000 0.33448559
5146.5000 -24.702782
5148.0000 -0.78923094
5149.5000 2.8055937
5151.0000 61.263718
5152.5000 14.488136
5154.0000 0.051459044
5155.5000 0.37732235
5157.0000 0.15042134
5158.5000 21.383995
5160.0000 2.1856990
5161.5000 30.902111
5163.0000 40.852177
5164.5000 7.3112445
5166.0000 -27.684299
5167.5000 -54.815296
5169.0000 -18.852196
5170.5000 -1.8417901
5172.0000 40.021706
5173.5000 68.137520
5175.0000 35.983803
5176.5000 -1.0692846
5178.0000 -13.741377
5179.5000 -18.515217
5181.0000 2.4387205
5182.5000 41.341560
5184.0000 -7.3531833
5185.5000 1.9262459
5187.0000 -26.317081
5188.5000 -33.913742
5190.0000 15.980413
5191.5000 31.634933
5193.0000 20.981880
5194.5000 -8.5214148
5196.0000 -19.411068
5197.5000 -21.169001
5199.0000 1.4516829
5200.5000 -14.831646
5202.0000 -15.787233
5203.5000 -9.4684305
5205.0000 -29.844736
5206.5000 19.834585
5208.0000 -0.79213589
5209.5000 8.5978117
5211.0000 -1.5068412
5212.5000 0.39533776
5214.0000 -6.2863851
5215.5000 -3.5790722
5217.0000 -8.7443581
5218.5000 -12.092566
5220.0000 10.384926
5221.5000 -3.9075475
5223.0000 -24.258268
5224.5000 21.107210
5226.0000 3.4127498
5227.5000 6.4988680
5229.0000 -7.4590259
5230.5000 1.7009659
5232.0000 -4.8379421
5233.5000 -4.7903929
5235.0000 -3.8312221
5236.5000 -12.734249
5238.0000 33.597691
5239.5000 9.1358833
5241.0000 -10.812676
5242.5000 45.659622
5244.0000 21.658215
5245.5000 19.644749
5247.0000 1.9308386
5248.5000 16.998732
5250.0000 -6.0893788
5251.5000 -20.379559
5253.0000 -30.651482
5254.5000 -17.607750
5256.0000 -6.3853531
5257.5000 2.0702732
5259.0000 0.68984491
5260.5000 2.0858858
5262.0000 4.1163054
5263.5000 7.4817405
5265.0000 1.9581805
5266.5000 -5.3134279
5268.0000 -7.3684011
5269.5000 -10.829386
5271.0000 -12.611096
5272.5000 -12.405802
5274.0000 -7.1227160
5275.5000 -3.8006456
5277.0000 4.8792377
5278.5000 2.4960058
5280.0000 4.0042119
5281.5000 -0.49965382
5283.0000 -0.072236694
5284.5000 -8.9097567
5286.0000 -12.856524
5287.5000 -12.873178
5289.0000 -16.636398
5290.5000 -11.711771
5292.0000 -10.786617
5293.5000 1.0949416
5295.0000 4.1212854
5296.5000 3.8860803
5298.0000 0.034059297
5299.5000 -1.5461932
5301.0000 -7.3776722
5302.5000 -10.171484
5304.0000 -14.161449
5305.5000 -15.840810
5307.0000 -16.246273
5308.5000 -7.4784479
5310.0000 -8.7151890
5311.5000 -0.075032905
5313.0000 22.642668
5314.5000 28.425900
5316.0000 9.6088190
5317.5000 18.489422
5319.0000 11.244743
5320.5000 4.7082758
5322.0000 14.932679
5323.5000 -4.7122140
5325.0000 6.9626832
5326.5000 2.2757530
5328.0000 18.564287
5329.5000 15.318364
5331.0000 37.354996
5332.5000 7.0400419
5334.0000 -9.7460823
5335.5000 7.4009132
5337.0000 -7.5205665
5338.5000 -11.043849
5340.0000 -10.759427
5341.5000 -22.002380
5343.0000 -10.476588
5344.5000 -11.572426
5346.0000 1.9240305
5347.5000 -4.3260031
5349.0000 24.925516
5350.5000 3.5465567
5352.0000 -17.861465
5353.5000 11.604744
5355.0000 -0.83204705
5356.5000 -11.135196
5358.0000 -10.816648
5359.5000 -12.415276
5361.0000 -8.4988070
5362.5000 -7.0951896
5364.0000 4.8879232
5365.5000 3.7719569
5367.0000 7.4861021
5368.5000 2.3270390
5370.0000 1.5563687
5371.5000 -3.5346634
5373.0000 -3.2638297
5374.5000 -6.7800274
5376.0000 -14.782346
5377.5000 -10.163480
5379.0000 -11.483700
5380.5000 0.96153474
5382.0000 9.0829344
5383.5000 40.551147
5385.0000 13.396797
5386.5000 -3.3279958
5388.0000 16.886126
5389.5000 -5.7802124
5391.0000 -14.858372
5392.5000 -13.447140
5394.0000 -10.467601
5395.5000 -9.7532978
5397.0000 -7.7058229
5398.5000 -20.851730
5400.0000 29.591553
5401.5000 5.4949799
5403.0000 -13.842869
5404.5000 22.390562
5406.0000 1.6372788
5407.5000 -55.578960
5409.0000 29.324207
5410.5000 -3.2664800
5412.0000 15.823440
5413.5000 8.0745173
5415.0000 6.8909307
5416.5000 17.963604
5418.0000 -20.539574
5419.5000 -21.652122
5421.0000 44.894302
5422.5000 -20.883944
5424.0000 23.432438
5425.5000 -10.273253
5427.0000 -34.333202
5428.5000 -8.4530020
5430.0000 -61.776924
5431.5000 43.500278
5433.0000 0.54950333
5434.5000 8.0024481
5436.0000 19.381922
5437.5000 2.6310043
5439.0000 -4.2687497
5440.5000 1.2046118
5442.0000 -10.683261
5443.5000 33.876820
5445.0000 -7.6913934
5446.5000 -19.084852
5448.0000 -16.784971
5449.5000 -10.224954
5451.0000 -28.382641
5452.5000 36.344486
5454.0000 49.005150
5455.5000 20.552860
5457.0000 8.3310194
5458.5000 1.9012222
5460.0000 -2.3294713
5461.5000 9.1994448
5463.0000 13.771873
5464.5000 -16.694035
5466.0000 -12.186080
5467.5000 2.9689112
5469.0000 -51.499462
5470.5000 21.386068
5472.0000 -6.5543318
5473.5000 22.956079
5475.0000 -2.3319213
5476.5000 -11.821882
5478.0000 -8.2800570
5479.5000 -0.52458405
5481.0000 -26.746359
5482.5000 3.1432180
5484.0000 -39.705536
5485.5000 3.6886802
5487.0000 4.7453027
5488.5000 -19.230682
5490.0000 23.937908
5491.5000 -1.1714884
5493.0000 -2.0545864
5494.5000 -5.9157515
5496.0000 -21.342634
5497.5000 7.5894151
5499.0000 -5.9875717
5500.5000 -40.114758
5502.0000 -26.806803
5503.5000 44.415916
5505.0000 -5.7593279
5506.5000 -38.713524
5508.0000 17.809364
5509.5000 13.361219
5511.0000 -25.686481
5512.5000 9.2515936
5514.0000 -22.161558
5515.5000 -6.2804084
5517.0000 -5.0703816
5518.5000 -31.783600
5520.0000 -16.772953
5521.5000 23.085178
5523.0000 -10.788782
5524.5000 -24.293203
5526.0000 -2.6443861
5527.5000 23.226755
5529.0000 -19.811979
5530.5000 -8.0869837
5532.0000 12.982985
5533.5000 -0.15493508
5535.0000 -12.654154
5536.5000 -12.052443
5538.0000 -2.1812794
5539.5000 -18.242090
5541.0000 35.745090
5542.5000 5.4291277
5544.0000 -25.699659
5545.5000 69.196938
5547.0000 -6.9744740
5548.5000 -6.4477715
5550.0000 2.2097864
5551.5000 16.500391
5553.0000 -18.525499
5554.5000 5.5155125
5556.0000 15.047318
5557.5000 16.786453
5559.0000 20.456036
5560.5000 18.912968
5562.0000 6.6476235
5563.5000 12.010847
5565.0000 -0.19558053
5566.5000 8.1980419
5568.0000 10.871462
5569.5000 -27.213434
5571.0000 5.4354515
5572.5000 10.921619
5574.0000 -5.8860636
5575.5000 16.590052
5577.0000 29.618156
5578.5000 19.299097
5580.0000 -2.9606431
5581.5000 -31.984257
5583.0000 12.644242
5584.5000 10.446461
5586.0000 6.4819674
5587.5000 3.0267940
5589.0000 15.938861
5590.5000 12.849946
5592.0000 17.884798
5593.5000 29.946880
5595.0000 27.254166
5596.5000 30.584148
5598.0000 10.837308
5599.5000 -1.0261614
5601.0000 -1.4421703
5602.5000 -9.0224724
5604.0000 -3.6945848
5605.5000 15.611489
5607.0000 -9.4213886
5608.5000 -13.035277
5610.0000 15.076230
5611.5000 11.924153
5613.0000 15.411133
5614.5000 -7.2707748
5616.0000 0.82100570
5617.5000 8.9578304
5619.0000 -9.7099943
5620.5000 -16.666304
5622.0000 7.7305598
5623.5000 -6.8576164
5625.0000 -24.275270
5626.5000 3.9170809
5628.0000 38.870438
5629.5000 42.932045
5631.0000 -37.800419
5632.5000 20.242081
5634.0000 71.593544
5635.5000 -37.762627
5637.0000 -26.242836
5638.5000 71.381561
5640.0000 -47.166489
5641.5000 -29.248522
5643.0000 78.351250
5644.5000 -6.4956212
5646.0000 -21.816988
5647.5000 64.239067
5649.0000 -8.0166731
5650.5000 -32.536732
5652.0000 41.830544
5653.5000 14.052359
5655.0000 -55.166744
5656.5000 -3.8382719
5658.0000 17.223906
5659.5000 -42.843815
5661.0000 34.554237
5662.5000 17.151962
5664.0000 -35.125401
5665.5000 49.478954
5667.0000 27.888844
5668.5000 -59.301235
5670.0000 7.4661860
5671.5000 43.087261
5673.0000 -49.446529
5674.5000 -17.359550
5676.0000 72.724319
5677.5000 -44.347031
5679.0000 -44.190197
5680.5000 16.593241
5682.0000 82.101044
5683.5000 -26.976961
5685.0000 -30.748631
5686.5000 8.8764286
5688.0000 26.288914
5689.5000 7.4605384
5691.0000 -48.067261
5692.5000 -0.85045791
5694.0000 30.871059
5695.5000 -5.3049006
5697.0000 -6.7256875
5698.5000 45.367027
5700.0000 5.9914770
5701.5000 -29.924072
5703.0000 20.389519
5704.5000 41.928108
5706.0000 -39.635601
5707.5000 -35.261974
5709.0000 22.727432
5710.5000 -8.3387308
5712.0000 -29.860798
5713.5000 8.7208986
5715.0000 56.153233
5716.5000 -36.993992
5718.0000 -38.817108
5719.5000 61.938450
5721.0000 -8.6079464
5722.5000 1.5732367
5724.0000 2.3482969
5725.5000 28.715727
5727.0000 -26.002146
5728.5000 -30.292976
5730.0000 -0.82312703
5731.5000 25.637590
5733.0000 -16.301630
5734.5000 7.3778992
5736.0000 31.376755
5737.5000 8.8511353
5739.0000 -34.719402
5740.5000 -1.1535249
5742.0000 45.719440
5743.5000 -41.240219
5745.0000 -40.594425
5746.5000 16.674345
5748.0000 45.025528
5749.5000 -18.269526
5751.0000 -41.492596
5752.5000 40.318722
5754.0000 55.201485
5755.5000 -17.916059
5757.0000 -40.460934
5758.5000 17.358393
5760.0000 43.768364
5761.5000 -1.0917525
5763.0000 -46.240372
5764.5000 -13.033973
5766.0000 26.736418
5767.5000 6.7904458
5769.0000 -20.408398
5770.5000 12.638606
5772.0000 40.319050
5773.5000 -11.179963
5775.0000 -26.631962
5776.5000 18.314331
5778.0000 20.665812
5779.5000 -46.231865
5781.0000 -6.4786496
5782.5000 23.977009
5784.0000 8.3618994
5785.5000 -28.899759
5787.0000 -7.4578233
5788.5000 35.001431
5790.0000 15.286428
5791.5000 -4.8845768
5793.0000 3.4125404
5794.5000 24.912992
5796.0000 -4.3310399
5797.5000 -24.918030
5799.0000 -4.3734217
5800.5000 15.799663
5802.0000 -2.8796101
5803.5000 -31.784189
5805.0000 17.659435
5806.5000 54.730183
5808.0000 -52.301865
5809.5000 -6.2495365
5811.0000 -16.119581
5812.5000 43.538879
5814.0000 -34.773598
5815.5000 -53.535259
5817.0000 17.146473
5818.5000 47.600636
5820.0000 -58.746529
5821.5000 -7.0640149
5823.0000 39.999046
5824.5000 47.815281
5826.0000 -18.141367
5827.5000 -21.680449
5829.0000 15.418761
5830.5000 8.8107862
5832.0000 -19.941128
5833.5000 -25.158207
5835.0000 62.403233
5836.5000 -24.253061
5838.0000 1.2100003
5839.5000 -28.570778
5841.0000 95.402588
5842.5000 -4.3853645
5844.0000 25.233583
5845.5000 35.854256
5847.0000 -1.6971905
5848.5000 19.798143
5850.0000 -20.249046
5851.5000 42.738781
5853.0000 -3.4656906
5854.5000 -44.313522
5856.0000 36.698051
5857.5000 -9.5323725
5859.0000 17.224760
5860.5000 -31.903069
5862.0000 47.733845
5863.5000 -12.367379
5865.0000 14.835415
5866.5000 -20.292404
5868.0000 -0.22160271
5869.5000 24.859928
5871.0000 -21.490286
5872.5000 20.177818
5874.0000 -108.67617
5875.5000 78.667984
5877.0000 67.356384
5878.5000 106.11519
5880.0000 69.495941
5881.5000 111.70184
5883.0000 57.879452
5884.5000 -38.339718
5886.0000 -14.030211
5887.5000 -7.9483418
5889.0000 236.83591
5890.5000 -213.28664
5892.0000 213.04527
5893.5000 -77.619652
5895.0000 -4.9372349
5896.5000 37.069973
5898.0000 93.967674
5899.5000 -26.440687
5901.0000 94.754745
5902.5000 -160.00116
5904.0000 187.64597
5905.5000 -350.25177
5907.0000 161.60802
5908.5000 -123.53076
5910.0000 91.920181
5911.5000 -224.15392
5913.0000 31.082478
5914.5000 6.8575191
5916.0000 -124.36706
5917.5000 190.60435
5919.0000 46.539536
5920.5000 148.05096
5922.0000 97.184967
5923.5000 142.09509
5925.0000 -62.523468
5926.5000 106.53840
5928.0000 35.351185
5929.5000 6.2274699
5931.0000 117.15711
5932.5000 -145.47322
5934.0000 266.09729
5935.5000 64.374184
5937.0000 -204.18098
5938.5000 190.81317
5940.0000 -39.615608
5941.5000 -24.234385
5943.0000 -30.427225
5944.5000 -183.70525
5946.0000 115.20110
5947.5000 10.460597
5949.0000 29.300335
5950.5000 -163.57384
5952.0000 79.953751
5953.5000 -26.116264
5955.0000 157.99269
5956.5000 -85.978889
5958.0000 129.89984
5959.5000 -61.038929
5961.0000 -27.265364
5962.5000 62.197380
5964.0000 -7.8853240
5965.5000 6.8352427
5967.0000 -21.790213
5968.5000 17.340870
5970.0000 18.165821
5971.5000 -10.763809
5973.0000 -69.681610
5974.5000 122.36977
5976.0000 19.336353
5977.5000 -90.191086
5979.0000 126.60014
5980.5000 -117.15894
5982.0000 326.54404
5983.5000 -106.15892
5985.0000 -10.802988
5986.5000 -73.356628
5988.0000 26.317743
5989.5000 -30.876657
5991.0000 2.0372138
5992.5000 -5.8864627
5994.0000 -27.754723
5995.5000 147.21840
5997.0000 -104.76697
5998.5000 56.577965
6000.0000 -69.123024