0.0000000 12491536
0.10000000 12450657
0.20000000 12398813
0.30000001 12339269
0.40000001 12271278
0.50000000 12196484
0.60000002 12118071
0.69999999 12039672
0.80000001 11964948
0.89999998 11897160
1.0000000 11839001
1.1000000 11792756
1.2000000 11759652
1.3000000 11745893
1.4000000 11752701
1.5000000 11770675
1.6000000 11790504
1.7000000 11804336
1.8000000 11806664
1.9000000 11794837
2.0000000 11769006
2.0999999 11731797
2.2000000 11687676
2.3000000 11642161
2.4000001 11600980
2.5000000 11569671
2.5999999 11551960
2.7000000 11548066
2.8000000 11555665
2.9000001 11570987
3.0000000 11589636
3.0999999 11607335
3.2000000 11620555
3.3000000 11626948
3.4000001 11625632
3.5000000 11617292
3.5999999 11603445
3.7000000 11586136
3.8000000 11567667
3.9000001 11550178
4.0000000 11535260
4.0999999 11523756
4.1999998 11515775
4.3000002 11510804
4.4000001 11507918
4.5000000 11506052
4.5999999 11504213
4.6999998 11501584
4.8000002 11497597
4.9000001 11491930
5.0000000 11484535
6.5000000 11340025
8.0000000 11158627
9.5000000 10958264
11.000000 10760886
12.500000 10577885
14.000000 10400831
15.500000 10237539
17.000000 10069352
18.500000 9907645.0
20.000000 9746669.0
21.500000 9591870.0
23.000000 9432251.0
24.500000 9258433.0
26.000000 9075393.0
27.500000 8866372.0
29.000000 8648192.0
30.500000 8422177.0
32.000000 8193523.5
33.500000 7974467.5
35.000000 7771360.0
36.500000 7598427.5
38.000000 7423071.5
39.500000 7275078.0
41.000000 7228556.5
42.500000 6976905.0
44.000000 6887068.0
45.500000 6761376.5
47.000000 6635244.5
48.500000 6529939.5
50.000000 6454333.0
51.500000 6337882.5
53.000000 6237087.5
54.500000 6148882.0
56.000000 6114301.0
57.500000 6027847.0
59.000000 5943114.5
60.500000 5863902.0
62.000000 5821538.0
63.500000 5776877.0
65.000000 5642205.0
66.500000 5609442.0
68.000000 5548828.0
69.500000 5489024.0
71.000000 5481805.0
72.500000 5411191.5
74.000000 5381800.5
75.500000 5355711.0
77.000000 5323231.5
78.500000 5269504.0
80.000000 5219851.0
81.500000 5176548.5
83.000000 5120006.0
84.500000 5059968.0
86.000000 5017311.5
87.500000 4989164.0
89.000000 4970275.5
90.500000 4950801.0
92.000000 4931743.5
93.500000 4922648.5
95.000000 4901627.5
96.500000 4887396.0
98.000000 4874209.5
99.500000 4863973.5
101.00000 4851312.0
102.50000 4840496.0
104.00000 4832056.5
105.50000 4822054.0
107.00000 4812467.0
108.50000 4803236.5
110.00000 4800912.5
111.50000 4800806.0
113.00000 4800695.0
114.50000 4808073.5
116.00000 4810137.0
117.50000 4804756.0
119.00000 4808161.5
120.50000 4814472.5
122.00000 4812703.0
123.50000 4818502.5
125.00000 4816337.0
126.50000 4817900.5
128.00000 4817116.0
129.50000 4822461.0
131.00000 4819276.5
132.50000 4823273.0
134.00000 4822079.0
135.50000 4828197.0
137.00000 4830884.0
138.50000 4838303.0
140.00000 4843498.5
141.50000 4853102.5
143.00000 4862282.0
144.50000 4875127.0
146.00000 4887068.5
147.50000 4898267.0
149.00000 4909796.5
150.50000 4921028.0
152.00000 4931706.5
153.50000 4943374.5
155.00000 4954115.5
156.50000 4963974.5
158.00000 4977153.5
159.50000 4985299.5
161.00000 4993743.0
162.50000 4997897.0
164.00000 5002511.0
165.50000 5010596.0
167.00000 5024289.0
168.50000 5034559.5
170.00000 5049242.0
171.50000 5055230.0
173.00000 5067631.5
174.50000 5070901.5
176.00000 5080912.5
177.50000 5093035.5
179.00000 5108484.0
180.50000 5122530.5
182.00000 5138444.0
183.50000 5154910.5
185.00000 5170673.5
186.50000 5185884.0
188.00000 5200075.5
189.50000 5215370.0
191.00000 5228572.5
192.50000 5244225.5
194.00000 5255416.5
195.50000 5266217.5
197.00000 5277833.5
198.50000 5291596.0
200.00000 5302636.0
201.50000 5315918.5
203.00000 5327289.5
204.50000 5340540.0
206.00000 5353071.0
207.50000 5363396.5
209.00000 5376239.5
210.50000 5386200.0
212.00000 5395975.0
213.50000 5406089.5
215.00000 5418761.0
216.50000 5430103.5
218.00000 5441776.0
219.50000 5456771.5
221.00000 5473950.5
222.50000 5489893.0
224.00000 5504374.5
225.50000 5518058.0
227.00000 5534896.0
228.50000 5553142.5
230.00000 5567564.5
231.50000 5585820.5
233.00000 5603702.0
234.50000 5624713.5
236.00000 5645749.5
237.50000 5666654.5
239.00000 5690152.5
240.50000 5712770.0
242.00000 5734714.5
243.50000 5753448.5
245.00000 5770437.5
246.50000 5782330.5
248.00000 5793689.0
249.50000 5805890.0
251.00000 5816751.5
252.50000 5828254.5
254.00000 5837513.5
255.50000 5845266.0
257.00000 5850135.0
258.50000 5851095.0
260.00000 5850692.5
261.50000 5851402.0
263.00000 5852901.5
264.50000 5853400.0
266.00000 5852634.0
267.50000 5848107.0
269.00000 5838037.5
270.50000 5822944.5
272.00000 5802327.0
273.50000 5777812.5
275.00000 5742350.0
276.50000 5706303.0
278.00000 5669608.5
279.50000 5648145.5
281.00000 5631335.0
282.50000 5618466.0
284.00000 5607666.5
285.50000 5599041.5
287.00000 5589711.0
288.50000 5581385.5
290.00000 5569975.5
291.50000 5555273.0
293.00000 5535289.5
294.50000 5511316.5
296.00000 5484886.5
297.50000 5459380.5
299.00000 5432327.5
300.50000 5403799.5
302.00000 5375933.5
303.50000 5350533.0
305.00000 5327850.5
306.50000 5305221.5
308.00000 5285049.0
309.50000 5269584.0
311.00000 5254428.0
312.50000 5243150.0
314.00000 5231485.0
315.50000 5223805.0
317.00000 5217191.5
318.50000 5212947.0
320.00000 5208518.0
321.50000 5202358.5
323.00000 5198358.0
324.50000 5193573.0
326.00000 5189578.5
327.50000 5186622.5
329.00000 5184609.0
330.50000 5183072.0
332.00000 5179974.0
333.50000 5177511.5
335.00000 5173674.0
336.50000 5171254.0
338.00000 5169119.5
339.50000 5166350.5
341.00000 5162395.5
342.50000 5159423.0
344.00000 5158205.5
345.50000 5156514.5
347.00000 5155335.0
348.50000 5154762.0
350.00000 5151260.0
351.50000 5151026.5
353.00000 5150590.5
354.50000 5150792.0
356.00000 5150762.0
357.50000 5150318.0
359.00000 5151592.0
360.50000 5151217.5
362.00000 5152884.5
363.50000 5152994.0
365.00000 5152668.0
366.50000 5153844.5
368.00000 5154500.5
369.50000 5155700.5
371.00000 5153726.5
372.50000 5154756.0
374.00000 5156591.0
375.50000 5157414.0
377.00000 5158919.0
378.50000 5159346.0
380.00000 5160960.5
381.50000 5160474.5
383.00000 5162102.0
384.50000 5163126.0
386.00000 5164348.5
387.50000 5166102.5
389.00000 5168442.5
390.50000 5170007.0
392.00000 5169434.5
393.50000 5171795.5
395.00000 5171645.5
396.50000 5172432.0
398.00000 5172974.5
399.50000 5171922.5
401.00000 5174176.5
402.50000 5173699.0
404.00000 5174706.0
405.50000 5176454.0
407.00000 5176984.0
408.50000 5177790.0
410.00000 5178737.5
411.50000 5179653.5
413.00000 5181746.5
414.50000 5182842.0
416.00000 5183165.5
417.50000 5184869.5
419.00000 5185844.5
420.50000 5184972.0
422.00000 5186595.5
423.50000 5186870.5
425.00000 5187656.5
426.50000 5187830.5
428.00000 5188145.5
429.50000 5187705.0
431.00000 5187305.5
432.50000 5187304.5
434.00000 5186725.0
435.50000 5186273.0
437.00000 5187545.5
438.50000 5186910.0
440.00000 5186099.0
441.50000 5187407.5
443.00000 5187845.0
444.50000 5187190.5
446.00000 5186537.0
447.50000 5187479.5
449.00000 5189478.0
450.50000 5189328.0
452.00000 5189692.5
453.50000 5190043.5
455.00000 5191597.5
456.50000 5193018.0
458.00000 5194649.0
459.50000 5195331.5
461.00000 5195836.5
462.50000 5197087.0
464.00000 5199952.5
465.50000 5200091.5
467.00000 5200591.0
468.50000 5202454.0
470.00000 5204166.5
471.50000 5204648.5
473.00000 5203865.0
474.50000 5204257.5
476.00000 5206316.0
477.50000 5209250.5
479.00000 5211473.0
480.50000 5212883.5
482.00000 5214491.0
483.50000 5214746.0
485.00000 5216763.5
486.50000 5218762.5
488.00000 5220289.5
489.50000 5222603.5
491.00000 5224575.0
492.50000 5225432.0
494.00000 5226676.0
495.50000 5227452.5
497.00000 5229696.0
498.50000 5233207.5
500.00000 5235729.5
501.50000 5236703.5
503.00000 5237972.5
504.50000 5238961.5
506.00000 5241639.5
507.50000 5244251.0
509.00000 5247162.0
510.50000 5249510.5
512.00000 5250690.0
513.50000 5250600.0
515.00000 5252001.5
516.50000 5254128.5
518.00000 5256154.5
519.50000 5257739.5
521.00000 5258849.5
522.50000 5259728.5
524.00000 5259435.5
525.50000 5258981.0
527.00000 5259077.0
528.50000 5257881.5
530.00000 5255463.0
531.50000 5252718.0
533.00000 5248994.5
534.50000 5245328.0
536.00000 5242236.5
537.50000 5239839.0
539.00000 5237309.0
540.50000 5235190.0
542.00000 5233490.0
543.50000 5232919.0
545.00000 5233812.0
546.50000 5236390.5
548.00000 5237842.5
549.50000 5238641.5
551.00000 5237298.5
552.50000 5235736.0
554.00000 5233035.5
555.50000 5231750.0
557.00000 5230896.0
558.50000 5230144.5
560.00000 5231185.5
561.50000 5232024.5
563.00000 5234086.5
564.50000 5235591.5
566.00000 5235732.5
567.50000 5236326.0
569.00000 5237069.5
570.50000 5237298.0
572.00000 5236747.0
573.50000 5236387.0
575.00000 5237283.0
576.50000 5237561.5
578.00000 5238166.5
579.50000 5238985.0
581.00000 5239325.0
582.50000 5240065.0
584.00000 5239593.0
585.50000 5239908.5
587.00000 5240351.0
588.50000 5240880.0
590.00000 5241133.0
591.50000 5241272.0
593.00000 5241558.0
594.50000 5241797.5
596.00000 5242199.0
597.50000 5242387.0
599.00000 5242490.0
600.50000 5242703.0
602.00000 5243080.5
603.50000 5243131.0
605.00000 5242945.0
606.50000 5243321.0
608.00000 5243574.5
609.50000 5243800.5
611.00000 5244344.5
612.50000 5244676.0
614.00000 5245197.5
615.50000 5245821.0
617.00000 5246338.0
618.50000 5246690.0
620.00000 5246956.5
621.50000 5247727.5
623.00000 5248562.5
624.50000 5249524.5
626.00000 5250268.0
627.50000 5251057.0
629.00000 5251940.5
630.50000 5252055.0
632.00000 5252597.5
633.50000 5252992.5
635.00000 5253876.0
636.50000 5254779.0
638.00000 5255465.0
639.50000 5255665.0
641.00000 5256308.5
642.50000 5256769.5
644.00000 5257261.5
645.50000 5257313.0
647.00000 5257789.5
648.50000 5258828.5
650.00000 5259317.5
651.50000 5259627.5
653.00000 5259946.0
654.50000 5260422.5
656.00000 5261048.0
657.50000 5261456.5
659.00000 5261547.0
660.50000 5261864.0
662.00000 5262470.0
663.50000 5262919.0
665.00000 5263886.0
666.50000 5263815.0
668.00000 5264787.0
669.50000 5265526.5
671.00000 5265912.5
672.50000 5265760.5
674.00000 5266770.0
675.50000 5267294.0
677.00000 5267869.0
678.50000 5268075.5
680.00000 5268370.0
681.50000 5269157.0
683.00000 5269807.5
684.50000 5270377.0
686.00000 5270672.0
687.50000 5271210.5
689.00000 5271580.0
690.50000 5271710.5
692.00000 5271648.0
693.50000 5271895.0
695.00000 5272372.0
696.50000 5272996.5
698.00000 5273200.0
699.50000 5273253.0
701.00000 5272784.0
702.50000 5271382.0
704.00000 5270387.0
705.50000 5270787.0
707.00000 5271856.5
708.50000 5273625.5
710.00000 5274927.0
711.50000 5275664.5
713.00000 5275684.5
714.50000 5276602.5
716.00000 5276961.0
717.50000 5276195.0
719.00000 5274058.0
720.50000 5272073.5
722.00000 5271518.0
723.50000 5272047.0
725.00000 5273861.5
726.50000 5275530.5
728.00000 5276500.0
729.50000 5276841.5
731.00000 5274190.0
732.50000 5271136.5
734.00000 5270213.0
735.50000 5269581.5
737.00000 5269986.0
738.50000 5269983.5
740.00000 5269259.5
741.50000 5269097.5
743.00000 5268963.5
744.50000 5268590.5
746.00000 5268077.0
747.50000 5267875.0
749.00000 5267746.5
750.50000 5267849.5
752.00000 5267096.5
753.50000 5265863.5
755.00000 5264635.5
756.50000 5263991.5
758.00000 5262850.5
759.50000 5261832.0
761.00000 5261022.0
762.50000 5260599.5
764.00000 5260146.0
765.50000 5259149.5
767.00000 5258175.0
768.50000 5257412.0
770.00000 5256759.0
771.50000 5255948.0
773.00000 5254498.5
774.50000 5253015.5
776.00000 5251364.0
777.50000 5250775.5
779.00000 5249784.0
780.50000 5248495.5
782.00000 5247069.5
783.50000 5245581.5
785.00000 5244733.5
786.50000 5243696.0
788.00000 5242582.0
789.50000 5241117.5
791.00000 5238995.0
792.50000 5237465.5
794.00000 5235714.0
795.50000 5233305.0
797.00000 5230531.0
798.50000 5228073.0
800.00000 5225756.5
801.50000 5223834.0
803.00000 5221851.0
804.50000 5219980.5
806.00000 5218444.5
807.50000 5217297.0
809.00000 5216240.0
810.50000 5214823.0
812.00000 5212576.5
813.50000 5210168.5
815.00000 5207827.5
816.50000 5205517.0
818.00000 5203479.0
819.50000 5201452.5
821.00000 5199702.0
822.50000 5197958.5
824.00000 5195905.0
825.50000 5193520.5
827.00000 5190839.0
828.50000 5187835.0
830.00000 5184768.5
831.50000 5182066.5
833.00000 5179588.5
834.50000 5177228.5
836.00000 5174677.0
837.50000 5171736.0
839.00000 5168291.5
840.50000 5165051.5
842.00000 5161719.5
843.50000 5158474.5
845.00000 5155473.5
846.50000 5152466.5
848.00000 5149459.5
849.50000 5146218.5
851.00000 5142769.0
852.50000 5139023.0
854.00000 5135122.0
855.50000 5131129.5
857.00000 5127395.0
858.50000 5123750.5
860.00000 5120153.0
861.50000 5116344.0
863.00000 5112131.5
864.50000 5107945.5
866.00000 5103768.0
867.50000 5097538.0
869.00000 5090568.0
870.50000 5083521.5
872.00000 5074870.0
873.50000 5066970.0
875.00000 5057531.5
876.50000 5048288.0
878.00000 5037561.5
879.50000 5027507.0
881.00000 5018728.0
882.50000 5006410.5
884.00000 4994188.0
885.50000 4982063.0
887.00000 4967656.5
888.50000 4952297.5
890.00000 4938812.5
891.50000 4928541.0
893.00000 4918807.0
894.50000 4908900.0
896.00000 4897244.0
897.50000 4884894.0
899.00000 4870907.5
900.50000 4856480.5
902.00000 4846278.0
903.50000 4829629.5
905.00000 4814517.5
906.50000 4799945.0
908.00000 4786292.0
909.50000 4771555.0
911.00000 4756041.5
912.50000 4741595.0
914.00000 4721885.5
915.50000 4702885.0
917.00000 4685052.5
918.50000 4666730.5
920.00000 4649818.0
921.50000 4634797.0
923.00000 4614138.5
924.50000 4596524.5
926.00000 4578184.0
927.50000 4559191.0
929.00000 4538920.5
930.50000 4520570.5
932.00000 4503349.5
933.50000 4483648.0
935.00000 4463893.0
936.50000 4446929.5
938.00000 4429735.5
939.50000 4412551.0
941.00000 4394289.0
942.50000 4381718.0
944.00000 4369801.5
945.50000 4359283.0
947.00000 4348498.5
948.50000 4336565.5
950.00000 4327638.0
951.50000 4319940.5
953.00000 4310668.0
954.50000 4300785.0
956.00000 4290820.5
957.50000 4284240.5
959.00000 4277216.5
960.50000 4263552.0
962.00000 4249327.5
963.50000 4237012.0
965.00000 4225914.5
966.50000 4216951.5
968.00000 4208369.0
969.50000 4201618.0
971.00000 4193518.3
972.50000 4187417.0
974.00000 4181664.3
975.50000 4173939.8
977.00000 4168419.5
978.50000 4160064.5
980.00000 4152178.0
981.50000 4144555.0
983.00000 4136494.0
984.50000 4128609.5
986.00000 4122340.0
987.50000 4117141.5
989.00000 4114568.3
990.50000 4107933.3
992.00000 4102090.0
993.50000 4096243.5
995.00000 4090957.0
996.50000 4086433.3
998.00000 4085446.5
999.50000 4081413.0
1001.0000 4081040.8
1002.5000 4079055.3
1004.0000 4079370.8
1005.5000 4080573.3
1007.0000 4079334.8
1008.5000 4082065.8
1010.0000 4084977.3
1011.5000 4090325.5
1013.0000 4095592.5
1014.5000 4101084.0
1016.0000 4106006.0
1017.5000 4107018.5
1019.0000 4111042.0
1020.5000 4115593.3
1022.0000 4116373.0
1023.5000 4120172.0
1025.0000 4124480.3
1026.5000 4129224.0
1028.0000 4128728.8
1029.5000 4130717.8
1031.0000 4138371.0
1032.5000 4146107.3
1034.0000 4150864.3
1035.5000 4160532.8
1037.0000 4167199.3
1038.5000 4176629.3
1040.0000 4185466.3
1041.5000 4194856.5
1043.0000 4204679.5
1044.5000 4213790.0
1046.0000 4222457.0
1047.5000 4231363.5
1049.0000 4239752.0
1050.5000 4247610.5
1052.0000 4255659.5
1053.5000 4263497.0
1055.0000 4271570.5
1056.5000 4279613.5
1058.0000 4287928.0
1059.5000 4296645.0
1061.0000 4304931.0
1062.5000 4313121.5
1064.0000 4321133.5
1065.5000 4328864.5
1067.0000 4336684.0
1068.5000 4344903.0
1070.0000 4352683.0
1071.5000 4360446.5
1073.0000 4368097.5
1074.5000 4375817.0
1076.0000 4383370.0
1077.5000 4390771.0
1079.0000 4398064.5
1080.5000 4405390.0
1082.0000 4412768.0
1083.5000 4420062.0
1085.0000 4427487.0
1086.5000 4434525.5
1088.0000 4442011.5
1089.5000 4448932.0
1091.0000 4456476.0
1092.5000 4462909.0
1094.0000 4470017.5
1095.5000 4477292.5
1097.0000 4483155.5
1098.5000 4489513.5
1100.0000 4496124.0
1101.5000 4503123.0
1103.0000 4510073.0
1104.5000 4516921.0
1106.0000 4523537.0
1107.5000 4529853.0
1109.0000 4536319.5
1110.5000 4542837.0
1112.0000 4549184.0
1113.5000 4555054.0
1115.0000 4560896.5
1116.5000 4566730.5
1118.0000 4572339.0
1119.5000 4576835.0
1121.0000 4581511.5
1122.5000 4586247.5
1124.0000 4591002.5
1125.5000 4595579.5
1127.0000 4600144.0
1128.5000 4603856.0
1130.0000 4607521.5
1131.5000 4612052.0
1133.0000 4616645.0
1134.5000 4620949.0
1136.0000 4624265.5
1137.5000 4628078.0
1139.0000 4632060.0
1140.5000 4635736.5
1142.0000 4639894.0
1143.5000 4642855.0
1145.0000 4646906.0
1146.5000 4648871.5
1148.0000 4649691.5
1149.5000 4650453.5
1151.0000 4651342.5
1152.5000 4655994.0
1154.0000 4660838.5
1155.5000 4664197.0
1157.0000 4667489.0
1158.5000 4670285.5
1160.0000 4670775.5
1161.5000 4668718.5
1163.0000 4668000.5
1164.5000 4668604.0
1166.0000 4668908.5
1167.5000 4668251.0
1169.0000 4667089.5
1170.5000 4664507.0
1172.0000 4662424.0
1173.5000 4658200.5
1175.0000 4651401.5
1176.5000 4641017.0
1178.0000 4632346.0
1179.5000 4622873.5
1181.0000 4611046.0
1182.5000 4596948.5
1184.0000 4583056.5
1185.5000 4570341.0
1187.0000 4557560.5
1188.5000 4544729.5
1190.0000 4532275.5
1191.5000 4519895.5
1193.0000 4508960.0
1194.5000 4499831.0
1196.0000 4493104.0
1197.5000 4485898.5
1199.0000 4476952.5
1200.5000 4467371.0
1202.0000 4459168.0
1203.5000 4450795.0
1205.0000 4442206.0
1206.5000 4434844.5
1208.0000 4426220.5
1209.5000 4416359.0
1211.0000 4405283.0
1212.5000 4393880.5
1214.0000 4385637.0
1215.5000 4378664.5
1217.0000 4374379.0
1218.5000 4369743.0
1220.0000 4364218.0
1221.5000 4358991.5
1223.0000 4353981.5
1224.5000 4348641.5
1226.0000 4344747.0
1227.5000 4341299.0
1229.0000 4338459.0
1230.5000 4335547.5
1232.0000 4331611.5
1233.5000 4327016.0
1235.0000 4322756.5
1236.5000 4318511.5
1238.0000 4314654.0
1239.5000 4310911.0
1241.0000 4306699.0
1242.5000 4302245.0
1244.0000 4297343.0
1245.5000 4292655.0
1247.0000 4288615.5
1248.5000 4284865.0
1250.0000 4281694.0
1251.5000 4278651.5
1253.0000 4275508.5
1254.5000 4271505.5
1256.0000 4266361.5
1257.5000 4259895.0
1259.0000 4253357.5
1260.5000 4247234.5
1262.0000 4241665.5
1263.5000 4237366.5
1265.0000 4234409.0
1266.5000 4232062.5
1268.0000 4228921.5
1269.5000 4224744.0
1271.0000 4220783.5
1272.5000 4216142.0
1274.0000 4207889.0
1275.5000 4202398.0
1277.0000 4194733.5
1278.5000 4185186.5
1280.0000 4174762.8
1281.5000 4165317.5
1283.0000 4149047.8
1284.5000 4132831.0
1286.0000 4111799.0
1287.5000 4093818.5
1289.0000 4081140.5
1290.5000 4066078.5
1292.0000 4048666.0
1293.5000 4033959.5
1295.0000 4019264.8
1296.5000 4004285.0
1298.0000 3987956.0
1299.5000 3969175.0
1301.0000 3953557.3
1302.5000 3934593.0
1304.0000 3918669.5
1305.5000 3901514.0
1307.0000 3883248.3
1308.5000 3869954.8
1310.0000 3855011.5
1311.5000 3840863.3
1313.0000 3825065.3
1314.5000 3810449.8
1316.0000 3792434.3
1317.5000 3774079.0
1319.0000 3761918.3
1320.5000 3747996.8
1322.0000 3734494.3
1323.5000 3723090.8
1325.0000 3709661.0
1326.5000 3697477.8
1328.0000 3682372.3
1329.5000 3670751.5
1331.0000 3661155.8
1332.5000 3649702.8
1334.0000 3637245.8
1335.5000 3626565.3
1337.0000 3614008.8
1338.5000 3599157.3
1340.0000 3582158.0
1341.5000 3571041.5
1343.0000 3553108.3
1344.5000 3537740.8
1346.0000 3528233.0
1347.5000 3516743.5
1349.0000 3505488.8
1350.5000 3494289.5
1352.0000 3479933.0
1353.5000 3466108.5
1355.0000 3453251.5
1356.5000 3440345.0
1358.0000 3407676.3
1359.5000 3405065.0
1361.0000 3396208.8
1362.5000 3378948.0
1364.0000 3369696.3
1365.5000 3340175.3
1367.0000 3306981.3
1368.5000 3287088.3
1370.0000 3265943.0
1371.5000 3239378.5
1373.0000 3162153.3
1374.5000 3025877.0
1376.0000 3065670.3
1377.5000 3067750.5
1379.0000 3044067.5
1380.5000 3034061.5
1382.0000 3028423.3
1383.5000 3017469.0
1385.0000 2976107.5
1386.5000 2964769.5
1388.0000 2940243.5
1389.5000 2923298.3
1391.0000 2912986.3
1392.5000 2898988.5
1394.0000 2884375.5
1395.5000 2880442.3
1397.0000 2867532.0
1398.5000 2856174.8
1400.0000 2849948.8
1401.5000 2843998.5
1403.0000 2832876.5
1404.5000 2821247.5
1406.0000 2813752.8
1407.5000 2800937.5
1409.0000 2792742.8
1410.5000 2784511.3
1412.0000 2774877.3
1413.5000 2762963.0
1415.0000 2751845.8
1416.5000 2737520.5
1418.0000 2730687.3
1419.5000 2720320.5
1421.0000 2704963.0
1422.5000 2696378.0
1424.0000 2684852.3
1425.5000 2674815.8
1427.0000 2663854.0
1428.5000 2654093.5
1430.0000 2643180.3
1431.5000 2632901.0
1433.0000 2619078.3
1434.5000 2609136.3
1436.0000 2602004.5
1437.5000 2592714.3
1439.0000 2585102.5
1440.5000 2578368.5
1442.0000 2573541.8
1443.5000 2570319.5
1445.0000 2565316.0
1446.5000 2559429.0
1448.0000 2559086.3
1449.5000 2555814.8
1451.0000 2553773.5
1452.5000 2552850.0
1454.0000 2548482.3
1455.5000 2546882.8
1457.0000 2548578.8
1458.5000 2547027.0
1460.0000 2548261.3
1461.5000 2543196.3
1463.0000 2543395.0
1464.5000 2543477.3
1466.0000 2543226.8
1467.5000 2541993.5
1469.0000 2542423.5
1470.5000 2540667.3
1472.0000 2539452.8
1473.5000 2540154.0
1475.0000 2541727.8
1476.5000 2538905.3
1478.0000 2538087.5
1479.5000 2539144.5
1481.0000 2538078.8
1482.5000 2536802.5
1484.0000 2535963.5
1485.5000 2535384.5
1487.0000 2534073.0
1488.5000 2535297.8
1490.0000 2534786.8
1491.5000 2535640.8
1493.0000 2535548.8
1494.5000 2532783.0
1496.0000 2531275.0
1497.5000 2531534.0
1499.0000 2530069.8
1500.5000 2530299.0
1502.0000 2531569.3
1503.5000 2532237.3
1505.0000 2531234.8
1506.5000 2531787.3
1508.0000 2531663.5
1509.5000 2531966.8
1511.0000 2533182.8
1512.5000 2531688.5
1514.0000 2532051.5
1515.5000 2531949.5
1517.0000 2531602.0
1518.5000 2531261.0
1520.0000 2531797.3
1521.5000 2530555.8
1523.0000 2529861.8
1524.5000 2530379.8
1526.0000 2531199.3
1527.5000 2532458.8
1529.0000 2530132.5
1530.5000 2530102.5
1532.0000 2530615.8
1533.5000 2530778.0
1535.0000 2530914.5
1536.5000 2530131.8
1538.0000 2530554.5
1539.5000 2530130.8
1541.0000 2530889.5
1542.5000 2530711.5
1544.0000 2530292.0
1545.5000 2530987.8
1547.0000 2531073.0
1548.5000 2530850.8
1550.0000 2530045.5
1551.5000 2530057.0
1553.0000 2529940.8
1554.5000 2529280.3
1556.0000 2529883.8
1557.5000 2529656.3
1559.0000 2529901.8
1560.5000 2529265.5
1562.0000 2529759.0
1563.5000 2527593.0
1565.0000 2527426.0
1566.5000 2530839.0
1568.0000 2529470.3
1569.5000 2528530.5
1571.0000 2529015.5
1572.5000 2528006.5
1574.0000 2528959.0
1575.5000 2526772.8
1577.0000 2528776.8
1578.5000 2526783.8
1580.0000 2525668.5
1581.5000 2525540.8
1583.0000 2525835.8
1584.5000 2527434.3
1586.0000 2527138.3
1587.5000 2526166.3
1589.0000 2524494.8
1590.5000 2524540.3
1592.0000 2525709.5
1593.5000 2526051.8
1595.0000 2525152.3
1596.5000 2525127.0
1598.0000 2523955.0
1599.5000 2522903.5
1601.0000 2523816.8
1602.5000 2522886.3
1604.0000 2522971.0
1605.5000 2524532.5
1607.0000 2523481.3
1608.5000 2522681.5
1610.0000 2524047.3
1611.5000 2522777.5
1613.0000 2520745.5
1614.5000 2520785.5
1616.0000 2520900.0
1617.5000 2521644.5
1619.0000 2521227.8
1620.5000 2521009.5
1622.0000 2520564.0
1623.5000 2519867.8
1625.0000 2520086.0
1626.5000 2520389.5
1628.0000 2518544.3
1629.5000 2518311.8
1631.0000 2518596.0
1632.5000 2518352.0
1634.0000 2518777.5
1635.5000 2518295.0
1637.0000 2517182.8
1638.5000 2515742.8
1640.0000 2515675.3
1641.5000 2515245.3
1643.0000 2514750.8
1644.5000 2514952.0
1646.0000 2514873.5
1647.5000 2514750.8
1649.0000 2514083.8
1650.5000 2514899.5
1652.0000 2512760.0
1653.5000 2512901.5
1655.0000 2512475.8
1656.5000 2511957.5
1658.0000 2513172.0
1659.5000 2511495.5
1661.0000 2510874.8
1662.5000 2510633.5
1664.0000 2510295.3
1665.5000 2511397.0
1667.0000 2510879.5
1668.5000 2509414.5
1670.0000 2509115.3
1671.5000 2508746.5
1673.0000 2507745.0
1674.5000 2508188.8
1676.0000 2506674.0
1677.5000 2507757.3
1679.0000 2507045.0
1680.5000 2505748.3
1682.0000 2506530.3
1683.5000 2505845.8
1685.0000 2504261.0
1686.5000 2504865.3
1688.0000 2503301.8
1689.5000 2503348.0
1691.0000 2502663.0
1692.5000 2503228.3
1694.0000 2502364.8
1695.5000 2501596.8
1697.0000 2502581.5
1698.5000 2501484.3
1700.0000 2500124.3
1701.5000 2499950.8
1703.0000 2499350.8
1704.5000 2499069.0
1706.0000 2499206.3
1707.5000 2497927.8
1709.0000 2498335.0
1710.5000 2497381.5
1712.0000 2496275.0
1713.5000 2495916.8
1715.0000 2495963.3
1716.5000 2492737.0
1718.0000 2493635.8
1719.5000 2491870.5
1721.0000 2491213.5
1722.5000 2491334.3
1724.0000 2489715.5
1725.5000 2488406.0
1727.0000 2488600.3
1728.5000 2486864.5
1730.0000 2484746.0
1731.5000 2485065.8
1733.0000 2485310.5
1734.5000 2482580.8
1736.0000 2481291.8
1737.5000 2482428.5
1739.0000 2480859.8
1740.5000 2479593.0
1742.0000 2480062.5
1743.5000 2476672.5
1745.0000 2478656.0
1746.5000 2475782.0
1748.0000 2474953.8
1749.5000 2473492.0
1751.0000 2473014.8
1752.5000 2471898.3
1754.0000 2470382.8
1755.5000 2469883.0
1757.0000 2470089.8
1758.5000 2467931.5
1760.0000 2467204.8
1761.5000 2466833.0
1763.0000 2465381.8
1764.5000 2463834.8
1766.0000 2462267.3
1767.5000 2461516.5
1769.0000 2461969.3
1770.5000 2459265.5
1772.0000 2458098.8
1773.5000 2457937.5
1775.0000 2456496.0
1776.5000 2455481.5
1778.0000 2454488.8
1779.5000 2452671.0
1781.0000 2451915.8
1782.5000 2451484.5
1784.0000 2451428.0
1785.5000 2448437.5
1787.0000 2448541.0
1788.5000 2447358.0
1790.0000 2446270.3
1791.5000 2444545.5
1793.0000 2443751.5
1794.5000 2442496.0
1796.0000 2442618.8
1797.5000 2440365.8
1799.0000 2438798.3
1800.5000 2438276.5
1802.0000 2437360.3
1803.5000 2436469.3
1805.0000 2434087.8
1806.5000 2433716.8
1808.0000 2432806.0
1809.5000 2431392.8
1811.0000 2430809.0
1812.5000 2430145.3
1814.0000 2428802.5
1815.5000 2428763.0
1817.0000 2426794.8
1818.5000 2426078.3
1820.0000 2424412.0
1821.5000 2424574.5
1823.0000 2422784.0
1824.5000 2421315.0
1826.0000 2420393.5
1827.5000 2418734.5
1829.0000 2418036.5
1830.5000 2417828.3
1832.0000 2415959.3
1833.5000 2415753.8
1835.0000 2414823.3
1836.5000 2412007.3
1838.0000 2410451.5
1839.5000 2410460.8
1841.0000 2408639.3
1842.5000 2409419.5
1844.0000 2406804.3
1845.5000 2405805.3
1847.0000 2405865.5
1848.5000 2404717.0
1850.0000 2403322.8
1851.5000 2402649.8
1853.0000 2401926.8
1854.5000 2398535.0
1856.0000 2398894.5
1857.5000 2398529.0
1859.0000 2396485.0
1860.5000 2396870.0
1862.0000 2396167.5
1863.5000 2395087.3
1865.0000 2393562.8
1866.5000 2390937.0
1868.0000 2391502.5
1869.5000 2390997.5
1871.0000 2388786.0
1872.5000 2388650.0
1874.0000 2388250.8
1875.5000 2387394.0
1877.0000 2385766.0
1878.5000 2385199.8
1880.0000 2384663.5
1881.5000 2382271.5
1883.0000 2382062.5
1884.5000 2380496.3
1886.0000 2378792.5
1887.5000 2378651.0
1889.0000 2378001.5
1890.5000 2377623.0
1892.0000 2375893.3
1893.5000 2374769.0
1895.0000 2373730.0
1896.5000 2372988.0
1898.0000 2371968.5
1899.5000 2370812.8
1901.0000 2370828.3
1902.5000 2368154.8
1904.0000 2368620.8
1905.5000 2366414.3
1907.0000 2367111.3
1908.5000 2365844.3
1910.0000 2363541.3
1911.5000 2363083.8
1913.0000 2362582.3
1914.5000 2361417.5
1916.0000 2360270.3
1917.5000 2358432.3
1919.0000 2356489.3
1920.5000 2355723.3
1922.0000 2354265.5
1923.5000 2353080.5
1925.0000 2352171.3
1926.5000 2350971.0
1928.0000 2349457.8
1929.5000 2348234.0
1931.0000 2347475.8
1932.5000 2345976.5
1934.0000 2345294.3
1935.5000 2344174.0
1937.0000 2343063.8
1938.5000 2341069.8
1940.0000 2340894.3
1941.5000 2338442.5
1943.0000 2337232.3
1944.5000 2336744.8
1946.0000 2336753.5
1947.5000 2334700.0
1949.0000 2334442.5
1950.5000 2332506.5
1952.0000 2331050.5
1953.5000 2328886.0
1955.0000 2329251.3
1956.5000 2327637.5
1958.0000 2327049.0
1959.5000 2326613.5
1961.0000 2323709.8
1962.5000 2322466.3
1964.0000 2321435.5
1965.5000 2320537.5
1967.0000 2319167.3
1968.5000 2319017.8
1970.0000 2316350.0
1971.5000 2316153.5
1973.0000 2314305.5
1974.5000 2313121.5
1976.0000 2312583.8
1977.5000 2311411.0
1979.0000 2310216.0
1980.5000 2308918.3
1982.0000 2308090.8
1983.5000 2307110.0
1985.0000 2306133.8
1986.5000 2304721.5
1988.0000 2303534.8
1989.5000 2301983.5
1991.0000 2301073.3
1992.5000 2300236.3
1994.0000 2299517.0
1995.5000 2298949.8
1997.0000 2297575.3
1998.5000 2297223.5
2000.0000 2295999.3
2001.5000 2293925.8
2003.0000 2292628.8
2004.5000 2292337.3
2006.0000 2292500.0
2007.5000 2290674.5
2009.0000 2289577.0
2010.5000 2288189.5
2012.0000 2288746.0
2013.5000 2286458.0
2015.0000 2286000.3
2016.5000 2285372.3
2018.0000 2284566.3
2019.5000 2283705.5
2021.0000 2283444.3
2022.5000 2282812.5
2024.0000 2280691.5
2025.5000 2279994.8
2027.0000 2279534.5
2028.5000 2277983.0
2030.0000 2276639.0
2031.5000 2277428.0
2033.0000 2276466.0
2034.5000 2275133.0
2036.0000 2273887.0
2037.5000 2273213.3
2039.0000 2272310.0
2040.5000 2270210.3
2042.0000 2269231.0
2043.5000 2264820.0
2045.0000 2264762.0
2046.5000 2264201.3
2048.0000 2263638.8
2049.5000 2262828.5
2051.0000 2260246.8
2052.5000 2259299.8
2054.0000 2258704.8
2055.5000 2257823.0
2057.0000 2256502.0
2058.5000 2255343.8
2060.0000 2253073.0
2061.5000 2254432.3
2063.0000 2251666.5
2064.5000 2252263.0
2066.0000 2248961.8
2067.5000 2250271.0
2069.0000 2247105.5
2070.5000 2246444.3
2072.0000 2246796.3
2073.5000 2244129.5
2075.0000 2242882.0
2076.5000 2242098.5
2078.0000 2242037.5
2079.5000 2239963.8
2081.0000 2238747.8
2082.5000 2238250.3
2084.0000 2236812.8
2085.5000 2236612.5
2087.0000 2235999.8
2088.5000 2234756.8
2090.0000 2233833.8
2091.5000 2233268.5
2093.0000 2231549.3
2094.5000 2231768.5
2096.0000 2229221.5
2097.5000 2230050.3
2099.0000 2227603.5
2100.5000 2227407.0
2102.0000 2225541.3
2103.5000 2225402.5
2105.0000 2223795.0
2106.5000 2222794.5
2108.0000 2222374.3
2109.5000 2220655.8
2111.0000 2219396.0
2112.5000 2218902.0
2114.0000 2219605.3
2115.5000 2216752.0
2117.0000 2218629.8
2118.5000 2216576.3
2120.0000 2213458.3
2121.5000 2214584.3
2123.0000 2213075.8
2124.5000 2212394.3
2126.0000 2211398.5
2127.5000 2210168.8
2129.0000 2209570.5
2130.5000 2208524.5
2132.0000 2208019.5
2133.5000 2207425.0
2135.0000 2206491.0
2136.5000 2205734.3
2138.0000 2205039.5
2139.5000 2204103.0
2141.0000 2203336.5
2142.5000 2202242.0
2144.0000 2201742.5
2145.5000 2201114.8
2147.0000 2199697.0
2148.5000 2199502.3
2150.0000 2197813.5
2151.5000 2197581.0
2153.0000 2196345.3
2154.5000 2195840.8
2156.0000 2195436.0
2157.5000 2194021.5
2159.0000 2194084.3
2160.5000 2192093.3
2162.0000 2191360.8
2163.5000 2191570.5
2165.0000 2190408.8
2166.5000 2189555.8
2168.0000 2189198.0
2169.5000 2188439.5
2171.0000 2187259.3
2172.5000 2186266.0
2174.0000 2185440.3
2175.5000 2184753.8
2177.0000 2183363.0
2178.5000 2181056.3
2180.0000 2180096.5
2181.5000 2179268.8
2183.0000 2178636.5
2184.5000 2178828.0
2186.0000 2177207.8
2187.5000 2175942.3
2189.0000 2175216.0
2190.5000 2173642.5
2192.0000 2173618.0
2193.5000 2172477.5
2195.0000 2172862.0
2196.5000 2170447.8
2198.0000 2170920.0
2199.5000 2168768.3
2201.0000 2169475.3
2202.5000 2168030.5
2204.0000 2168099.8
2205.5000 2167454.5
2207.0000 2167251.0
2208.5000 2166332.5
2210.0000 2166874.0
2211.5000 2165444.8
2213.0000 2165093.8
2214.5000 2165296.5
2216.0000 2165212.8
2217.5000 2165350.8
2219.0000 2164693.5
2220.5000 2164925.5
2222.0000 2164171.8
2223.5000 2162886.8
2225.0000 2162809.8
2226.5000 2161480.0
2228.0000 2161478.5
2229.5000 2159915.5
2231.0000 2160338.0
2232.5000 2159640.5
2234.0000 2159182.0
2235.5000 2159085.5
2237.0000 2158490.3
2238.5000 2157580.0
2240.0000 2156836.5
2241.5000 2156374.8
2243.0000 2155474.8
2244.5000 2154681.3
2246.0000 2153279.5
2247.5000 2152548.8
2249.0000 2153429.8
2250.5000 2152078.8
2252.0000 2151463.5
2253.5000 2151159.0
2255.0000 2150373.3
2256.5000 2149874.3
2258.0000 2149465.8
2259.5000 2149026.0
2261.0000 2148506.3
2262.5000 2147876.3
2264.0000 2146801.3
2265.5000 2146149.3
2267.0000 2145201.5
2268.5000 2144863.5
2270.0000 2144215.8
2271.5000 2143692.8
2273.0000 2142813.3
2274.5000 2142102.8
2276.0000 2141712.0
2277.5000 2141362.5
2279.0000 2140729.5
2280.5000 2140345.3
2282.0000 2139638.8
2283.5000 2139170.0
2285.0000 2138116.5
2286.5000 2138013.5
2288.0000 2136862.3
2289.5000 2136155.3
2291.0000 2135552.3
2292.5000 2135381.0
2294.0000 2134702.8
2295.5000 2134167.0
2297.0000 2134091.5
2298.5000 2133716.0
2300.0000 2133417.8
2301.5000 2133378.8
2303.0000 2133969.8
2304.5000 2134869.8
2306.0000 2136821.0
2307.5000 2139828.5
2309.0000 2144167.3
2310.5000 2149693.0
2312.0000 2154587.8
2313.5000 2164460.5
2315.0000 2171260.8
2316.5000 2177867.3
2318.0000 2183541.0
2319.5000 2186499.0
2321.0000 2194510.8
2322.5000 2202585.5
2324.0000 2210685.3
2325.5000 2221191.0
2327.0000 2224001.3
2328.5000 2233480.5
2330.0000 2239096.3
2331.5000 2244758.5
2333.0000 2249019.5
2334.5000 2255506.3
2336.0000 2264576.8
2337.5000 2268444.5
2339.0000 2273927.5
2340.5000 2283057.5
2342.0000 2286020.8
2343.5000 2292143.8
2345.0000 2300177.3
2346.5000 2303914.0
2348.0000 2312586.8
2349.5000 2315220.5
2351.0000 2323731.0
2352.5000 2329661.8
2354.0000 2333126.0
2355.5000 2341066.0
2357.0000 2347711.5
2358.5000 2352537.3
2360.0000 2360826.0
2361.5000 2367546.3
2363.0000 2374632.8
2364.5000 2384979.5
2366.0000 2390489.8
2367.5000 2397792.0
2369.0000 2408127.3
2370.5000 2414966.8
2372.0000 2423736.8
2373.5000 2432374.0
2375.0000 2438253.3
2376.5000 2445273.3
2378.0000 2454839.3
2379.5000 2460840.0
2381.0000 2466321.3
2382.5000 2471120.0
2384.0000 2475252.0
2385.5000 2478163.0
2387.0000 2481402.3
2388.5000 2483787.0
2390.0000 2486773.3
2391.5000 2491212.0
2393.0000 2494748.0
2394.5000 2498418.3
2396.0000 2502382.5
2397.5000 2506631.5
2399.0000 2511225.3
2400.5000 2515003.5
2402.0000 2518528.8
2403.5000 2521052.5
2405.0000 2523218.8
2406.5000 2524855.8
2408.0000 2526499.5
2409.5000 2527560.8
2411.0000 2527923.8
2412.5000 2527691.8
2414.0000 2527407.5
2415.5000 2526492.0
2417.0000 2526008.3
2418.5000 2525008.5
2420.0000 2524231.3
2421.5000 2524256.0
2423.0000 2524630.5
2424.5000 2525285.3
2426.0000 2525460.5
2427.5000 2524788.3
2429.0000 2524867.0
2430.5000 2525462.0
2432.0000 2526831.8
2433.5000 2528058.3
2435.0000 2529781.8
2436.5000 2529945.5
2438.0000 2530940.5
2439.5000 2530818.3
2441.0000 2530688.3
2442.5000 2530357.0
2444.0000 2529438.0
2445.5000 2528231.3
2447.0000 2527510.5
2448.5000 2528237.5
2450.0000 2529695.3
2451.5000 2529036.8
2453.0000 2529280.0
2454.5000 2529887.8
2456.0000 2529158.3
2457.5000 2527951.3
2459.0000 2528829.5
2460.5000 2529219.0
2462.0000 2527749.8
2463.5000 2527498.3
2465.0000 2527449.8
2466.5000 2528241.8
2468.0000 2528079.0
2469.5000 2529459.5
2471.0000 2530743.5
2472.5000 2530389.3
2474.0000 2528634.3
2475.5000 2527934.0
2477.0000 2526590.3
2478.5000 2525903.5
2480.0000 2526021.3
2481.5000 2526519.8
2483.0000 2527402.3
2484.5000 2527459.5
2486.0000 2527271.3
2487.5000 2526807.8
2489.0000 2527600.0
2490.5000 2527756.8
2492.0000 2527419.3
2493.5000 2527096.0
2495.0000 2527009.3
2496.5000 2527339.0
2498.0000 2528425.5
2499.5000 2530692.5
2501.0000 2532861.8
2502.5000 2534635.8
2504.0000 2536937.3
2505.5000 2539419.0
2507.0000 2542556.3
2508.5000 2545877.5
2510.0000 2548212.5
2511.5000 2553031.3
2513.0000 2556221.3
2514.5000 2560874.5
2516.0000 2563410.3
2517.5000 2566778.3
2519.0000 2569088.5
2520.5000 2570975.8
2522.0000 2572414.5
2523.5000 2575566.5
2525.0000 2577818.5
2526.5000 2581363.5
2528.0000 2584664.8
2529.5000 2587970.8
2531.0000 2591633.0
2532.5000 2595036.8
2534.0000 2598308.0
2535.5000 2601442.0
2537.0000 2604557.5
2538.5000 2607910.5
2540.0000 2610884.8
2541.5000 2613342.8
2543.0000 2616236.3
2544.5000 2619286.8
2546.0000 2622202.5
2547.5000 2625458.0
2549.0000 2628622.3
2550.5000 2632456.8
2552.0000 2635913.3
2553.5000 2639277.3
2555.0000 2643015.5
2556.5000 2646650.5
2558.0000 2650285.3
2559.5000 2653542.0
2561.0000 2656639.8
2562.5000 2659893.8
2564.0000 2663402.0
2565.5000 2667060.5
2567.0000 2670598.5
2568.5000 2673846.8
2570.0000 2676690.3
2571.5000 2678911.8
2573.0000 2681659.5
2574.5000 2683790.5
2576.0000 2684338.3
2577.5000 2686446.5
2579.0000 2689358.8
2580.5000 2693514.8
2582.0000 2697092.3
2583.5000 2701198.0
2585.0000 2704525.5
2586.5000 2707535.0
2588.0000 2708263.8
2589.5000 2708936.8
2591.0000 2710329.8
2592.5000 2711334.0
2594.0000 2712550.8
2595.5000 2714622.8
2597.0000 2717234.0
2598.5000 2721713.0
2600.0000 2726589.3
2601.5000 2729558.0
2603.0000 2733129.0
2604.5000 2735150.8
2606.0000 2734138.3
2607.5000 2731407.8
2609.0000 2730473.5
2610.5000 2732260.5
2612.0000 2735289.8
2613.5000 2739861.3
2615.0000 2744342.0
2616.5000 2748546.3
2618.0000 2751268.0
2619.5000 2751077.5
2621.0000 2748527.0
2622.5000 2745309.0
2624.0000 2744872.0
2625.5000 2746839.5
2627.0000 2750409.5
2628.5000 2755162.3
2630.0000 2760030.3
2631.5000 2764079.0
2633.0000 2766350.0
2634.5000 2764920.8
2636.0000 2760331.8
2637.5000 2755902.0
2639.0000 2757508.0
2640.5000 2760956.8
2642.0000 2765854.5
2643.5000 2771150.5
2645.0000 2775965.5
2646.5000 2778873.5
2648.0000 2778650.8
2649.5000 2774866.0
2651.0000 2769300.3
2652.5000 2765886.8
2654.0000 2767236.8
2655.5000 2771103.5
2657.0000 2775982.5
2658.5000 2781171.3
2660.0000 2785228.5
2661.5000 2784384.3
2663.0000 2779669.3
2664.5000 2773975.0
2666.0000 2770815.0
2667.5000 2772443.8
2669.0000 2777163.8
2670.5000 2781013.3
2672.0000 2783793.0
2673.5000 2783998.0
2675.0000 2780597.3
2676.5000 2776046.3
2678.0000 2771509.0
2679.5000 2771780.5
2681.0000 2774462.3
2682.5000 2779164.3
2684.0000 2780937.0
2685.5000 2780297.8
2687.0000 2776979.5
2688.5000 2772936.5
2690.0000 2769145.0
2691.5000 2769943.5
2693.0000 2773012.0
2694.5000 2775566.5
2696.0000 2775150.5
2697.5000 2772858.5
2699.0000 2768917.5
2700.5000 2764384.5
2702.0000 2761097.0
2703.5000 2760206.3
2705.0000 2761039.5
2706.5000 2759761.0
2708.0000 2756716.0
2709.5000 2752174.5
2711.0000 2746810.0
2712.5000 2741034.5
2714.0000 2737468.0
2715.5000 2736025.8
2717.0000 2732447.0
2718.5000 2727821.0
2720.0000 2718582.5
2721.5000 2710134.0
2723.0000 2701922.0
2724.5000 2692390.8
2726.0000 2682607.0
2727.5000 2672111.0
2729.0000 2662225.3
2730.5000 2655822.3
2732.0000 2649218.8
2733.5000 2641553.3
2735.0000 2632197.3
2736.5000 2624887.3
2738.0000 2616533.3
2739.5000 2609400.0
2741.0000 2602251.5
2742.5000 2596633.8
2744.0000 2590376.5
2745.5000 2583388.3
2747.0000 2578353.5
2748.5000 2572100.3
2750.0000 2565495.8
2751.5000 2559448.5
2753.0000 2553599.0
2754.5000 2547898.5
2756.0000 2541783.8
2757.5000 2535483.3
2759.0000 2528811.5
2760.5000 2520386.3
2762.0000 2510987.0
2763.5000 2506052.0
2765.0000 2503037.0
2766.5000 2495300.5
2768.0000 2484754.0
2769.5000 2474509.3
2771.0000 2465763.3
2772.5000 2456258.0
2774.0000 2448739.5
2775.5000 2441115.5
2777.0000 2435657.0
2778.5000 2428141.3
2780.0000 2419807.8
2781.5000 2410977.0
2783.0000 2402985.5
2784.5000 2395987.0
2786.0000 2388928.0
2787.5000 2383667.8
2789.0000 2378304.3
2790.5000 2371883.3
2792.0000 2365176.0
2793.5000 2359053.5
2795.0000 2354259.3
2796.5000 2350025.8
2798.0000 2345728.3
2799.5000 2341718.0
2801.0000 2337899.0
2802.5000 2333743.3
2804.0000 2330165.8
2805.5000 2326678.8
2807.0000 2322757.0
2808.5000 2318777.5
2810.0000 2315319.3
2811.5000 2311939.3
2813.0000 2309965.0
2814.5000 2305756.3
2816.0000 2302244.3
2817.5000 2302078.5
2819.0000 2299525.5
2820.5000 2296026.3
2822.0000 2292888.5
2823.5000 2289921.8
2825.0000 2286930.8
2826.5000 2284330.3
2828.0000 2281595.0
2829.5000 2278571.8
2831.0000 2275839.5
2832.5000 2273326.0
2834.0000 2271200.0
2835.5000 2268931.3
2837.0000 2267594.3
2838.5000 2267131.5
2840.0000 2266636.0
2841.5000 2266158.5
2843.0000 2264589.3
2844.5000 2262467.5
2846.0000 2259403.3
2847.5000 2256330.3
2849.0000 2253411.3
2850.5000 2252334.8
2852.0000 2250632.0
2853.5000 2248169.5
2855.0000 2246022.3
2856.5000 2244252.0
2858.0000 2242594.5
2859.5000 2240711.5
2861.0000 2239234.8
2862.5000 2237558.5
2864.0000 2235860.8
2865.5000 2234216.0
2867.0000 2232876.0
2868.5000 2231162.3
2870.0000 2229690.3
2871.5000 2227790.5
2873.0000 2225937.0
2874.5000 2224737.3
2876.0000 2223113.3
2877.5000 2221674.3
2879.0000 2220416.8
2880.5000 2219624.0
2882.0000 2218910.0
2883.5000 2218130.3
2885.0000 2217338.0
2886.5000 2216498.3
2888.0000 2215146.0
2889.5000 2213794.5
2891.0000 2212074.0
2892.5000 2210111.0
2894.0000 2208590.5
2895.5000 2206882.5
2897.0000 2205451.8
2898.5000 2204070.8
2900.0000 2202912.3
2901.5000 2201586.3
2903.0000 2200369.3
2904.5000 2199064.5
2906.0000 2197652.5
2907.5000 2196240.5
2909.0000 2195145.8
2910.5000 2193845.3
2912.0000 2192559.8
2913.5000 2192001.3
2915.0000 2190570.3
2916.5000 2189490.5
2918.0000 2188495.8
2919.5000 2187309.5
2921.0000 2186070.0
2922.5000 2184808.8
2924.0000 2183732.0
2925.5000 2182625.0
2927.0000 2181359.0
2928.5000 2180528.5
2930.0000 2179433.8
2931.5000 2178481.0
2933.0000 2177330.0
2934.5000 2176348.0
2936.0000 2175094.8
2937.5000 2174323.0
2939.0000 2173361.3
2940.5000 2172695.5
2942.0000 2171574.8
2943.5000 2170555.0
2945.0000 2169366.3
2946.5000 2168407.3
2948.0000 2167245.0
2949.5000 2166271.0
2951.0000 2165137.3
2952.5000 2164230.3
2954.0000 2163172.5
2955.5000 2162208.0
2957.0000 2161032.3
2958.5000 2159942.0
2960.0000 2158805.8
2961.5000 2157777.3
2963.0000 2155059.5
2964.5000 2152361.0
2966.0000 2150536.5
2967.5000 2147313.5
2969.0000 2144463.0
2970.5000 2140673.0
2972.0000 2138026.8
2973.5000 2134074.0
2975.0000 2129420.3
2976.5000 2123776.5
2978.0000 2120092.0
2979.5000 2115090.3
2981.0000 2109654.3
2982.5000 2103846.5
2984.0000 2099772.5
2985.5000 2094635.9
2987.0000 2089589.0
2988.5000 2084876.0
2990.0000 2079906.1
2991.5000 2074358.0
2993.0000 2068009.0
2994.5000 2059637.4
2996.0000 2054981.5
2997.5000 2051452.5
2999.0000 2045800.5
3000.0000 2041446.8
3001.5000 2032711.3
3003.0000 2031661.5
3004.5000 2026159.8
3006.0000 2019955.3
3007.5000 2014045.9
3009.0000 2008586.9
3010.5000 2002139.1
3012.0000 1998532.1
3013.5000 1969788.4
3015.0000 1902955.8
3016.5000 1820438.3
3018.0000 1802199.1
3019.5000 1818803.4
3021.0000 1826426.5
3022.5000 1835960.6
3024.0000 1843806.5
3025.5000 1844742.6
3027.0000 1843493.3
3028.5000 1838059.1
3030.0000 1829235.6
3031.5000 1814893.5
3033.0000 1805433.3
3034.5000 1804597.4
3036.0000 1801150.9
3037.5000 1794055.8
3039.0000 1789306.6
3040.5000 1781293.8
3042.0000 1774237.4
3043.5000 1768226.8
3045.0000 1762139.5
3046.5000 1757188.0
3048.0000 1754837.4
3049.5000 1749150.9
3051.0000 1745040.5
3052.5000 1740342.6
3054.0000 1736307.8
3055.5000 1731903.8
3057.0000 1728375.3
3058.5000 1725302.0
3060.0000 1720956.6
3061.5000 1717623.1
3063.0000 1713833.6
3064.5000 1707465.0
3066.0000 1703636.1
3067.5000 1698715.3
3069.0000 1694948.5
3070.5000 1688652.3
3072.0000 1683998.9
3073.5000 1676476.5
3075.0000 1670810.1
3076.5000 1665853.1
3078.0000 1657799.6
3079.5000 1653493.5
3081.0000 1648001.8
3082.5000 1642694.3
3084.0000 1637426.4
3085.5000 1631065.3
3087.0000 1626937.8
3088.5000 1622034.3
3090.0000 1616706.6
3091.5000 1610847.1
3093.0000 1605754.3
3094.5000 1600109.3
3096.0000 1594714.6
3097.5000 1589599.3
3099.0000 1584985.4
3100.5000 1580138.6
3102.0000 1576786.8
3103.5000 1571543.4
3105.0000 1568275.3
3106.5000 1564923.4
3108.0000 1562380.4
3109.5000 1557732.9
3111.0000 1552974.1
3112.5000 1549287.1
3114.0000 1545060.6
3115.5000 1542801.1
3117.0000 1540764.5
3118.5000 1537869.8
3120.0000 1536373.3
3121.5000 1535243.9
3123.0000 1533429.5
3124.5000 1531957.4
3126.0000 1531153.8
3127.5000 1529866.9
3129.0000 1530193.1
3130.5000 1529511.9
3132.0000 1528341.4
3133.5000 1526591.4
3135.0000 1523865.3
3136.5000 1522298.8
3138.0000 1520047.8
3139.5000 1518180.6
3141.0000 1516894.9
3142.5000 1514611.9
3144.0000 1514645.0
3145.5000 1514849.6
3147.0000 1512399.0
3148.5000 1509824.0
3150.0000 1508530.3
3151.5000 1506388.3
3153.0000 1504583.0
3154.5000 1503090.6
3156.0000 1501795.4
3157.5000 1500953.5
3159.0000 1498977.1
3160.5000 1498379.8
3162.0000 1497463.9
3163.5000 1496710.3
3165.0000 1494903.3
3166.5000 1494735.5
3168.0000 1493968.6
3169.5000 1493111.9
3171.0000 1490759.9
3172.5000 1489489.0
3174.0000 1488961.6
3175.5000 1487404.0
3177.0000 1485678.0
3178.5000 1484091.1
3180.0000 1483562.5
3181.5000 1482508.1
3183.0000 1479916.9
3184.5000 1477614.8
3186.0000 1478406.1
3187.5000 1475965.3
3189.0000 1474037.0
3190.5000 1473312.5
3192.0000 1472650.5
3193.5000 1470920.9
3195.0000 1468280.8
3196.5000 1469276.3
3198.0000 1470483.8
3199.5000 1465661.8
3201.0000 1464636.4
3202.5000 1463872.4
3204.0000 1462798.9
3205.5000 1460844.0
3207.0000 1457998.3
3208.5000 1457956.1
3210.0000 1455778.9
3211.5000 1453165.6
3213.0000 1452903.8
3214.5000 1451543.4
3216.0000 1450510.1
3217.5000 1447532.0
3219.0000 1447478.8
3220.5000 1448013.6
3222.0000 1446507.9
3223.5000 1445690.0
3225.0000 1444596.0
3226.5000 1443528.4
3228.0000 1441518.8
3229.5000 1439224.1
3231.0000 1438372.5
3232.5000 1436505.5
3234.0000 1434007.3
3235.5000 1432244.8
3237.0000 1430873.8
3238.5000 1429232.5
3240.0000 1427263.0
3241.5000 1426406.8
3243.0000 1425157.0
3244.5000 1423184.8
3246.0000 1422076.8
3247.5000 1421043.6
3249.0000 1419515.1
3250.5000 1416944.5
3252.0000 1415890.0
3253.5000 1414662.4
3255.0000 1412213.4
3256.5000 1409771.1
3258.0000 1408905.3
3259.5000 1406986.4
3261.0000 1404767.5
3262.5000 1402625.4
3264.0000 1400814.1
3265.5000 1399028.6
3267.0000 1396809.6
3268.5000 1394920.4
3270.0000 1393742.1
3271.5000 1392010.9
3273.0000 1390453.3
3274.5000 1389711.1
3276.0000 1388398.0
3277.5000 1386955.4
3279.0000 1385621.5
3280.5000 1384841.3
3282.0000 1382050.8
3283.5000 1386952.1
3285.0000 1380422.3
3286.5000 1384874.5
3288.0000 1384637.9
3289.5000 1386669.0
3291.0000 1387692.6
3292.5000 1389985.9
3294.0000 1392627.5
3295.5000 1394835.8
3297.0000 1398038.1
3298.5000 1400506.6
3300.0000 1403193.3
3301.5000 1405358.5
3303.0000 1406951.1
3304.5000 1410233.3
3306.0000 1409960.3
3307.5000 1414399.9
3309.0000 1418357.8
3310.5000 1422257.5
3312.0000 1427036.4
3313.5000 1434390.4
3315.0000 1435668.4
3316.5000 1441187.4
3318.0000 1451063.8
3319.5000 1455990.4
3321.0000 1459986.5
3322.5000 1464077.5
3324.0000 1466999.8
3325.5000 1470976.5
3327.0000 1475545.0
3328.5000 1480355.3
3330.0000 1484756.1
3331.5000 1488979.1
3333.0000 1493106.9
3334.5000 1497051.8
3336.0000 1501283.5
3337.5000 1505294.8
3339.0000 1511018.8
3340.5000 1511173.0
3342.0000 1516381.5
3343.5000 1524724.9
3345.0000 1526985.1
3346.5000 1531683.0
3348.0000 1535979.9
3349.5000 1540281.4
3351.0000 1544155.8
3352.5000 1548552.8
3354.0000 1553017.9
3355.5000 1557551.4
3357.0000 1562101.4
3358.5000 1567134.8
3360.0000 1571455.4
3361.5000 1575680.6
3363.0000 1584615.9
3364.5000 1583955.8
3366.0000 1591878.3
3367.5000 1594574.0
3369.0000 1595326.0
3370.5000 1599129.8
3372.0000 1607177.5
3373.5000 1607077.0
3375.0000 1611020.9
3376.5000 1618153.6
3378.0000 1618877.0
3379.5000 1623304.6
3381.0000 1632222.1
3382.5000 1637073.4
3384.0000 1641753.0
3385.5000 1646553.3
3387.0000 1651069.0
3388.5000 1655808.6
3390.0000 1660292.5
3391.5000 1660504.4
3393.0000 1664818.1
3394.5000 1672056.4
3396.0000 1673198.3
3397.5000 1676769.4
3399.0000 1683611.0
3400.5000 1687599.8
3402.0000 1691646.8
3403.5000 1695830.6
3405.0000 1696409.8
3406.5000 1704872.0
3408.0000 1707901.1
3409.5000 1708712.0
3411.0000 1715527.6
3412.5000 1718680.1
3414.0000 1718015.9
3415.5000 1722051.4
3417.0000 1729552.4
3418.5000 1730116.6
3420.0000 1736728.8
3421.5000 1736898.6
3423.0000 1743120.5
3424.5000 1746663.3
3426.0000 1745851.9
3427.5000 1748499.4
3429.0000 1755102.1
3430.5000 1758584.3
3432.0000 1761946.4
3433.5000 1760802.5
3435.0000 1767430.0
3436.5000 1770908.1
3438.0000 1771812.6
3439.5000 1779520.0
3441.0000 1783045.3
3442.5000 1787183.0
3444.0000 1787246.6
3445.5000 1790685.3
3447.0000 1798838.1
3448.5000 1801782.3
3450.0000 1803802.9
3451.5000 1803269.5
3453.0000 1810455.6
3454.5000 1809289.5
3456.0000 1812186.9
3457.5000 1818022.6
3459.0000 1821587.6
3460.5000 1819948.0
3462.0000 1821856.6
3463.5000 1823558.8
3465.0000 1827058.5
3466.5000 1825484.0
3468.0000 1828306.6
3469.5000 1828906.5
3471.0000 1827589.5
3472.5000 1824127.0
3474.0000 1822535.1
3475.5000 1820936.3
3477.0000 1820933.5
3478.5000 1821990.3
3480.0000 1823823.0
3481.5000 1825125.0
3483.0000 1825923.3
3484.5000 1826449.0
3486.0000 1825281.5
3487.5000 1827249.8
3489.0000 1826740.5
3490.5000 1828076.6
3492.0000 1828739.3
3493.5000 1828618.6
3495.0000 1828152.9
3496.5000 1829931.1
3498.0000 1829282.0
3499.5000 1830435.0
3501.0000 1830389.8
3502.5000 1829321.6
3504.0000 1828170.4
3505.5000 1825395.5
3507.0000 1823321.5
3508.5000 1822418.1
3510.0000 1822378.8
3511.5000 1821813.6
3513.0000 1820928.0
3514.5000 1822145.5
3516.0000 1821701.4
3517.5000 1820391.4
3519.0000 1821217.5
3520.5000 1819694.3
3522.0000 1819723.6
3523.5000 1819088.9
3525.0000 1817365.1
3526.5000 1816586.0
3528.0000 1815156.3
3529.5000 1815363.4
3531.0000 1814336.3
3532.5000 1813822.8
3534.0000 1812927.3
3535.5000 1811733.1
3537.0000 1811111.6
3538.5000 1810699.9
3540.0000 1810299.4
3541.5000 1809392.0
3543.0000 1808544.5
3544.5000 1808150.6
3546.0000 1807696.4
3547.5000 1806974.5
3549.0000 1806000.6
3550.5000 1805590.3
3552.0000 1805261.4
3553.5000 1804770.5
3555.0000 1803720.6
3556.5000 1803314.9
3558.0000 1803394.4
3559.5000 1803424.5
3561.0000 1802415.9
3562.5000 1801198.4
3564.0000 1800142.0
3565.5000 1799022.6
3567.0000 1797780.9
3568.5000 1797158.5
3570.0000 1797825.6
3571.5000 1797953.0
3573.0000 1797765.4
3574.5000 1797883.4
3576.0000 1797641.0
3577.5000 1797449.6
3579.0000 1797227.0
3580.5000 1796376.9
3582.0000 1795234.4
3583.5000 1794739.5
3585.0000 1794391.8
3586.5000 1792963.5
3588.0000 1793434.5
3589.5000 1797469.3
3591.0000 1800915.4
3592.5000 1801522.3
3594.0000 1800385.6
3595.5000 1800279.9
3597.0000 1800195.0
3598.5000 1801038.5
3600.0000 1801152.3
3601.5000 1803131.8
3603.0000 1801718.0
3604.5000 1801206.6
3606.0000 1802263.9
3607.5000 1803252.1
3609.0000 1803048.0
3610.5000 1804172.1
3612.0000 1803523.3
3613.5000 1802194.8
3615.0000 1803323.1
3616.5000 1802711.3
3618.0000 1804306.1
3619.5000 1804157.6
3621.0000 1802824.1
3622.5000 1803669.6
3624.0000 1803112.4
3625.5000 1804822.5
3627.0000 1804884.3
3628.5000 1803690.8
3630.0000 1804438.0
3631.5000 1803673.6
3633.0000 1805162.3
3634.5000 1805474.1
3636.0000 1804431.8
3637.5000 1804998.3
3639.0000 1804179.9
3640.5000 1805670.4
3642.0000 1805765.0
3643.5000 1804693.5
3645.0000 1805524.0
3646.5000 1804433.3
3648.0000 1805721.5
3649.5000 1805879.9
3651.0000 1805028.4
3652.5000 1805571.9
3654.0000 1804526.6
3655.5000 1805682.5
3657.0000 1805667.8
3658.5000 1804810.1
3660.0000 1805368.8
3661.5000 1804424.5
3663.0000 1804379.9
3664.5000 1804344.4
3666.0000 1804399.1
3667.5000 1804235.4
3669.0000 1804042.1
3670.5000 1803907.8
3672.0000 1803961.8
3673.5000 1803892.9
3675.0000 1803799.8
3676.5000 1803644.9
3678.0000 1803493.8
3679.5000 1803497.6
3681.0000 1803359.8
3682.5000 1803201.4
3684.0000 1803067.1
3685.5000 1802932.4
3687.0000 1802830.5
3688.5000 1802636.8
3690.0000 1802465.5
3691.5000 1802304.0
3693.0000 1802198.3
3694.5000 1802010.8
3696.0000 1801825.8
3697.5000 1801636.6
3699.0000 1801481.1
3700.5000 1801363.9
3702.0000 1801156.9
3703.5000 1800987.4
3705.0000 1800816.4
3706.5000 1800673.5
3708.0000 1800500.4
3709.5000 1800330.5
3711.0000 1800164.1
3712.5000 1800028.1
3714.0000 1799912.1
3715.5000 1799707.8
3717.0000 1799538.0
3718.5000 1799433.9
3720.0000 1799353.8
3721.5000 1798867.5
3723.0000 1798800.6
3724.5000 1798511.8
3726.0000 1798439.1
3727.5000 1798212.4
3729.0000 1797861.5
3730.5000 1797771.3
3732.0000 1797377.1
3733.5000 1797198.6
3735.0000 1796894.6
3736.5000 1796645.1
3738.0000 1796352.9
3739.5000 1796105.6
3741.0000 1795872.8
3742.5000 1795609.6
3744.0000 1795360.3
3745.5000 1795095.0
3747.0000 1794751.9
3748.5000 1794463.9
3750.0000 1794184.8
3751.5000 1793950.0
3753.0000 1793709.1
3754.5000 1793427.1
3756.0000 1793134.8
3757.5000 1792869.3
3759.0000 1792576.9
3760.5000 1792255.0
3762.0000 1791976.9
3763.5000 1791737.1
3765.0000 1791501.6
3766.5000 1791167.6
3768.0000 1790565.8
3769.5000 1789695.5
3771.0000 1788689.3
3772.5000 1787668.0
3774.0000 1786485.8
3775.5000 1785000.6
3777.0000 1783743.1
3778.5000 1782030.4
3780.0000 1780582.0
3781.5000 1778613.4
3783.0000 1776804.5
3784.5000 1775138.5
3786.0000 1773449.5
3787.5000 1771888.6
3789.0000 1767211.3
3790.5000 1763158.0
3792.0000 1759854.9
3793.5000 1756798.4
3795.0000 1751599.3
3796.5000 1744877.4
3798.0000 1740658.0
3799.5000 1734459.0
3801.0000 1728541.6
3802.5000 1720775.1
3804.0000 1712869.6
3805.5000 1708635.9
3807.0000 1704678.8
3808.5000 1701435.3
3810.0000 1699131.1
3811.5000 1695216.6
3813.0000 1689825.8
3814.5000 1683437.4
3816.0000 1677214.1
3817.5000 1672745.5
3819.0000 1670224.5
3820.5000 1669162.5
3822.0000 1668766.4
3823.5000 1667158.4
3825.0000 1663667.1
3826.5000 1659127.5
3828.0000 1653631.3
3829.5000 1648319.4
3831.0000 1643490.9
3832.5000 1640087.5
3834.0000 1638590.3
3835.5000 1636614.4
3837.0000 1633136.9
3838.5000 1629670.8
3840.0000 1627233.3
3841.5000 1621974.1
3843.0000 1617052.3
3844.5000 1610982.5
3846.0000 1605444.3
3847.5000 1603035.1
3849.0000 1599724.6
3850.5000 1594650.3
3852.0000 1593011.9
3853.5000 1589988.0
3855.0000 1587165.1
3856.5000 1583806.3
3858.0000 1579156.4
3859.5000 1574811.6
3861.0000 1570732.3
3862.5000 1565757.4
3864.0000 1562072.0
3865.5000 1559193.1
3867.0000 1555949.8
3868.5000 1555041.3
3870.0000 1553067.4
3871.5000 1550134.4
3873.0000 1546315.1
3874.5000 1542775.4
3876.0000 1539776.8
3877.5000 1536679.4
3879.0000 1534317.8
3880.5000 1532279.1
3882.0000 1530070.0
3883.5000 1530631.8
3885.0000 1531402.0
3886.5000 1532847.4
3888.0000 1529792.0
3889.5000 1525140.0
3891.0000 1522440.6
3892.5000 1519600.1
3894.0000 1515999.5
3895.5000 1513501.4
3897.0000 1512302.6
3898.5000 1510310.1
3900.0000 1509136.8
3901.5000 1508609.8
3903.0000 1507131.1
3904.5000 1507298.3
3906.0000 1506156.5
3907.5000 1505150.4
3909.0000 1505936.4
3910.5000 1507010.3
3912.0000 1509169.4
3913.5000 1510460.9
3915.0000 1510825.1
3916.5000 1510000.4
3918.0000 1507557.1
3919.5000 1504737.0
3921.0000 1502399.6
3922.5000 1500042.9
3924.0000 1498255.5
3925.5000 1497360.1
3927.0000 1496478.6
3928.5000 1495474.8
3930.0000 1494749.9
3931.5000 1494152.9
3933.0000 1493698.1
3934.5000 1492716.8
3936.0000 1491647.6
3937.5000 1490796.4
3939.0000 1490106.8
3940.5000 1489656.1
3942.0000 1489091.3
3943.5000 1488491.3
3945.0000 1488036.3
3946.5000 1487581.6
3948.0000 1486633.3
3949.5000 1486056.6
3951.0000 1485944.0
3952.5000 1485999.9
3954.0000 1486607.5
3955.5000 1486406.3
3957.0000 1486367.1
3958.5000 1487268.9
3960.0000 1486302.4
3961.5000 1486141.9
3963.0000 1485058.5
3964.5000 1483971.1
3966.0000 1482434.3
3967.5000 1481713.4
3969.0000 1480719.0
3970.5000 1480061.0
3972.0000 1479494.0
3973.5000 1478893.4
3975.0000 1478779.1
3976.5000 1478059.1
3978.0000 1477583.4
3979.5000 1477365.8
3981.0000 1477319.5
3982.5000 1476876.0
3984.0000 1476170.3
3985.5000 1476445.8
3987.0000 1476106.1
3988.5000 1475593.6
3990.0000 1475643.0
3991.5000 1474590.3
3993.0000 1475188.3
3994.5000 1474988.8
3996.0000 1474773.8
3997.5000 1474525.8
3999.0000 1474424.3
4000.5000 1474164.9
4002.0000 1474075.9
4003.5000 1473972.0
4005.0000 1474001.3
4006.5000 1474239.9
4008.0000 1474393.1
4009.5000 1474598.4
4011.0000 1474476.4
4012.5000 1474105.6
4014.0000 1473673.6
4015.5000 1473565.9
4017.0000 1473039.9
4018.5000 1473066.5
4020.0000 1474515.4
4021.5000 1473664.8
4023.0000 1473251.8
4024.5000 1472948.5
4026.0000 1472958.4
4027.5000 1472929.9
4029.0000 1472817.1
4030.5000 1472865.3
4032.0000 1471963.0
4033.5000 1472176.1
4035.0000 1473486.0
4036.5000 1473171.8
4038.0000 1472803.8
4039.5000 1472562.6
4041.0000 1472389.5
4042.5000 1472392.4
4044.0000 1472274.3
4045.5000 1472141.9
4047.0000 1472179.4
4048.5000 1472045.6
4050.0000 1472023.4
4051.5000 1471857.0
4053.0000 1471971.4
4054.5000 1471770.6
4056.0000 1471599.1
4057.5000 1471448.0
4059.0000 1471286.3
4060.5000 1470975.4
4062.0000 1471005.0
4063.5000 1470757.3
4065.0000 1470784.9
4066.5000 1470798.9
4068.0000 1469937.9
4069.5000 1470006.3
4071.0000 1470496.8
4072.5000 1470413.6
4074.0000 1470217.6
4075.5000 1469985.9
4077.0000 1469636.5
4078.5000 1469772.1
4080.0000 1469739.4
4081.5000 1469702.5
4083.0000 1469704.5
4084.5000 1469427.4
4086.0000 1469428.3
4087.5000 1469330.8
4089.0000 1469061.1
4090.5000 1468914.0
4092.0000 1468621.0
4093.5000 1468557.0
4095.0000 1468345.5
4096.5000 1468243.9
4098.0000 1468485.8
4099.5000 1467298.5
4101.0000 1467065.1
4102.5000 1466743.6
4104.0000 1466562.0
4105.5000 1468287.4
4107.0000 1467305.4
4108.5000 1466476.1
4110.0000 1466288.9
4111.5000 1466734.0
4113.0000 1466754.3
4114.5000 1466281.3
4116.0000 1466545.3
4117.5000 1466305.3
4119.0000 1466165.0
4120.5000 1466111.9
4122.0000 1466002.0
4123.5000 1465735.5
4125.0000 1465522.1
4126.5000 1465224.1
4128.0000 1465165.9
4129.5000 1465108.9
4131.0000 1464933.9
4132.5000 1465128.8
4134.0000 1464805.1
4135.5000 1464824.9
4137.0000 1464713.1
4138.5000 1464638.6
4140.0000 1464496.8
4141.5000 1464479.9
4143.0000 1464206.6
4144.5000 1465851.8
4146.0000 1463916.0
4147.5000 1464354.4
4149.0000 1464883.9
4150.5000 1463348.3
4152.0000 1463475.1
4153.5000 1463498.0
4155.0000 1463287.8
4156.5000 1463332.1
4158.0000 1463110.1
4159.5000 1463058.9
4161.0000 1462792.3
4162.5000 1462533.5
4164.0000 1462403.6
4165.5000 1461633.1
4167.0000 1461498.0
4168.5000 1461990.3
4170.0000 1461516.5
4171.5000 1461780.5
4173.0000 1461626.4
4174.5000 1461511.1
4176.0000 1461665.9
4177.5000 1461405.9
4179.0000 1461335.5
4180.5000 1461305.3
4182.0000 1461150.6
4183.5000 1460996.0
4185.0000 1460714.0
4186.5000 1460577.9
4188.0000 1460284.0
4189.5000 1460239.0
4191.0000 1460094.3
4192.5000 1459841.9
4194.0000 1459837.8
4195.5000 1459718.8
4197.0000 1459457.3
4198.5000 1459610.1
4200.0000 1459967.9
4201.5000 1459494.5
4203.0000 1459371.9
4204.5000 1458648.9
4206.0000 1458302.1
4207.5000 1458190.3
4209.0000 1457464.1
4210.5000 1457515.9
4212.0000 1457002.6
4213.5000 1456994.1
4215.0000 1457148.3
4216.5000 1457098.0
4218.0000 1456768.6
4219.5000 1456440.4
4221.0000 1456021.8
4222.5000 1455635.1
4224.0000 1455352.4
4225.5000 1455245.3
4227.0000 1454835.8
4228.5000 1454571.3
4230.0000 1454248.5
4231.5000 1454073.6
4233.0000 1453432.9
4234.5000 1453539.1
4236.0000 1453158.9
4237.5000 1452959.0
4239.0000 1452683.1
4240.5000 1452210.5
4242.0000 1452094.3
4243.5000 1451695.1
4245.0000 1451419.0
4246.5000 1450943.6
4248.0000 1450713.9
4249.5000 1450224.9
4251.0000 1450293.9
4252.5000 1449983.8
4254.0000 1449569.5
4255.5000 1449506.6
4257.0000 1449043.1
4258.5000 1448864.5
4260.0000 1448388.4
4261.5000 1448297.5
4263.0000 1447902.3
4264.5000 1447689.6
4266.0000 1447341.5
4267.5000 1447099.0
4269.0000 1446753.6
4270.5000 1446453.4
4272.0000 1446279.5
4273.5000 1445886.9
4275.0000 1445636.0
4276.5000 1445339.0
4278.0000 1445150.3
4279.5000 1444938.4
4281.0000 1444612.5
4282.5000 1444286.4
4284.0000 1443965.8
4285.5000 1443756.1
4287.0000 1443381.3
4288.5000 1443277.8
4290.0000 1442941.4
4291.5000 1442886.3
4293.0000 1442553.1
4294.5000 1442340.6
4296.0000 1441940.0
4297.5000 1441772.8
4299.0000 1441667.0
4300.5000 1441361.0
4302.0000 1441067.4
4303.5000 1441072.3
4305.0000 1440834.1
4306.5000 1440649.8
4308.0000 1440413.1
4309.5000 1440163.5
4311.0000 1439948.1
4312.5000 1439886.0
4314.0000 1439541.5
4315.5000 1439419.9
4317.0000 1439201.0
4318.5000 1439035.5
4320.0000 1438791.0
4321.5000 1438626.0
4323.0000 1438354.1
4324.5000 1438103.0
4326.0000 1438047.1
4327.5000 1437887.6
4329.0000 1437682.5
4330.5000 1437411.1
4332.0000 1437142.0
4333.5000 1437000.4
4335.0000 1436647.9
4336.5000 1436608.9
4338.0000 1436353.6
4339.5000 1436289.9
4341.0000 1435928.8
4342.5000 1435848.3
4344.0000 1435744.8
4345.5000 1435488.3
4347.0000 1435368.4
4348.5000 1435163.0
4350.0000 1434941.9
4351.5000 1434823.0
4353.0000 1434692.6
4354.5000 1434476.5
4356.0000 1434344.9
4357.5000 1434211.5
4359.0000 1434085.5
4360.5000 1433817.0
4362.0000 1433874.0
4363.5000 1433549.9
4365.0000 1433505.0
4366.5000 1433246.5
4368.0000 1433203.6
4369.5000 1432908.4
4371.0000 1432431.6
4372.5000 1432861.5
4374.0000 1432538.4
4375.5000 1432360.5
4377.0000 1432171.3
4378.5000 1432051.1
4380.0000 1431724.5
4381.5000 1431714.6
4383.0000 1431510.8
4384.5000 1431448.4
4386.0000 1431186.1
4387.5000 1430993.9
4389.0000 1431277.8
4390.5000 1430656.0
4392.0000 1430516.0
4393.5000 1430481.1
4395.0000 1430298.9
4396.5000 1430114.3
4398.0000 1430022.8
4399.5000 1429771.5
4401.0000 1429652.4
4402.5000 1429461.3
4404.0000 1429261.8
4405.5000 1429040.3
4407.0000 1428989.3
4408.5000 1428920.9
4410.0000 1428729.1
4411.5000 1428507.3
4413.0000 1428342.4
4414.5000 1428147.5
4416.0000 1428038.6
4417.5000 1427775.0
4419.0000 1427738.6
4420.5000 1427214.5
4422.0000 1427367.9
4423.5000 1427320.6
4425.0000 1427010.9
4426.5000 1426995.9
4428.0000 1426650.0
4429.5000 1426701.8
4431.0000 1426303.9
4432.5000 1426380.9
4434.0000 1425997.4
4435.5000 1425993.0
4437.0000 1425723.4
4438.5000 1425416.8
4440.0000 1425727.4
4441.5000 1425178.0
4443.0000 1424998.3
4444.5000 1425015.9
4446.0000 1424701.1
4447.5000 1424567.9
4449.0000 1424334.6
4450.5000 1424244.8
4452.0000 1423977.4
4453.5000 1423921.4
4455.0000 1423674.8
4456.5000 1423197.8
4458.0000 1423616.3
4459.5000 1423240.4
4461.0000 1422985.4
4462.5000 1422922.8
4464.0000 1422765.1
4465.5000 1422529.9
4467.0000 1422483.6
4468.5000 1422198.3
4470.0000 1422120.0
4471.5000 1421923.6
4473.0000 1421779.8
4474.5000 1421684.5
4476.0000 1421391.5
4477.5000 1421536.5
4479.0000 1421054.1
4480.5000 1420917.0
4482.0000 1420935.6
4483.5000 1420635.3
4485.0000 1420529.6
4486.5000 1420270.0
4488.0000 1420194.1
4489.5000 1419905.4
4491.0000 1419903.5
4492.5000 1419651.1
4494.0000 1419158.9
4495.5000 1419610.0
4497.0000 1419156.8
4498.5000 1418940.9
4500.0000 1418845.8
4501.5000 1418715.0
4503.0000 1418474.5
4504.5000 1418346.9
4506.0000 1418176.4
4507.5000 1418008.6
4509.0000 1417800.5
4510.5000 1417607.6
4512.0000 1417650.6
4513.5000 1417345.8
4515.0000 1417368.6
4516.5000 1416925.1
4518.0000 1416937.3
4519.5000 1416695.8
4521.0000 1416652.8
4522.5000 1416486.4
4524.0000 1416153.9
4525.5000 1416326.0
4527.0000 1415918.5
4528.5000 1415708.1
4530.0000 1415696.0
4531.5000 1415511.4
4533.0000 1415487.0
4534.5000 1415182.0
4536.0000 1415195.9
4537.5000 1414894.5
4539.0000 1414873.8
4540.5000 1414722.6
4542.0000 1414329.4
4543.5000 1414411.4
4545.0000 1414207.0
4546.5000 1414002.3
4548.0000 1413886.3
4549.5000 1413793.8
4551.0000 1413610.4
4552.5000 1413582.6
4554.0000 1413362.4
4555.5000 1413195.0
4557.0000 1413021.9
4558.5000 1412698.8
4560.0000 1412794.3
4561.5000 1412481.1
4563.0000 1412353.1
4564.5000 1412184.9
4566.0000 1412230.6
4567.5000 1411865.4
4569.0000 1411748.4
4570.5000 1411629.1
4572.0000 1411457.5
4573.5000 1411271.6
4575.0000 1411177.0
4576.5000 1411025.3
4578.0000 1410545.9
4579.5000 1410912.8
4581.0000 1410484.5
4582.5000 1410495.6
4584.0000 1410402.4
4585.5000 1409079.6
4587.0000 1409693.9
4588.5000 1409509.4
4590.0000 1408632.0
4591.5000 1408289.4
4593.0000 1408062.3
4594.5000 1407488.0
4596.0000 1407045.4
4597.5000 1406948.4
4599.0000 1406566.6
4600.5000 1406073.5
4602.0000 1406150.9
4603.5000 1406036.9
4605.0000 1405782.5
4606.5000 1405617.3
4608.0000 1406495.3
4609.5000 1405641.0
4611.0000 1405700.3
4612.5000 1405563.3
4614.0000 1405295.8
4615.5000 1404957.5
4617.0000 1404871.8
4618.5000 1403765.5
4620.0000 1404725.8
4621.5000 1404399.5
4623.0000 1403950.5
4624.5000 1403893.9
4626.0000 1403262.6
4627.5000 1403086.5
4629.0000 1402885.8
4630.5000 1402981.1
4632.0000 1402628.3
4633.5000 1402486.5
4635.0000 1402260.0
4636.5000 1402084.1
4638.0000 1401390.5
4639.5000 1401261.6
4641.0000 1400088.9
4642.5000 1399930.6
4644.0000 1399763.5
4645.5000 1400413.8
4647.0000 1399741.0
4648.5000 1399051.4
4650.0000 1399238.8
4651.5000 1399096.6
4653.0000 1398949.9
4654.5000 1398761.1
4656.0000 1398443.3
4657.5000 1398436.6
4659.0000 1397886.1
4660.5000 1397954.4
4662.0000 1397655.9
4663.5000 1397586.9
4665.0000 1397190.4
4666.5000 1397394.9
4668.0000 1397091.0
4669.5000 1396753.6
4671.0000 1396779.6
4672.5000 1396539.6
4674.0000 1396426.1
4675.5000 1396248.8
4677.0000 1396059.1
4678.5000 1395936.9
4680.0000 1395724.3
4681.5000 1395623.9
4683.0000 1395509.5
4684.5000 1395381.4
4686.0000 1395236.3
4687.5000 1395084.4
4689.0000 1394960.4
4690.5000 1394834.4
4692.0000 1394652.1
4693.5000 1394561.6
4695.0000 1394368.8
4696.5000 1394292.1
4698.0000 1394050.1
4699.5000 1394291.8
4701.0000 1393932.6
4702.5000 1393521.5
4704.0000 1393831.5
4705.5000 1393428.9
4707.0000 1393491.3
4708.5000 1393161.5
4710.0000 1393182.0
4711.5000 1392881.0
4713.0000 1392845.1
4714.5000 1392624.4
4716.0000 1392392.1
4717.5000 1392615.1
4719.0000 1392120.5
4720.5000 1391839.4
4722.0000 1391991.8
4723.5000 1391676.1
4725.0000 1391658.8
4726.5000 1391370.0
4728.0000 1391353.3
4729.5000 1391065.3
4731.0000 1391046.0
4732.5000 1390806.8
4734.0000 1390370.0
4735.5000 1390743.9
4737.0000 1390411.6
4738.5000 1390157.1
4740.0000 1390108.9
4741.5000 1389965.5
4743.0000 1389776.0
4744.5000 1389643.3
4746.0000 1389493.6
4747.5000 1389278.1
4749.0000 1388954.1
4750.5000 1388559.4
4752.0000 1388914.0
4753.5000 1388007.0
4755.0000 1388139.6
4756.5000 1388038.6
4758.0000 1387511.1
4759.5000 1387354.9
4761.0000 1386941.9
4762.5000 1386665.6
4764.0000 1386199.6
4765.5000 1386098.9
4767.0000 1385182.1
4768.5000 1384740.1
4770.0000 1384663.9
4771.5000 1384386.6
4773.0000 1384022.5
4774.5000 1383627.3
4776.0000 1382834.5
4777.5000 1382584.1
4779.0000 1382076.0
4780.5000 1381737.4
4782.0000 1381619.1
4783.5000 1381007.9
4785.0000 1380241.6
4786.5000 1379809.6
4788.0000 1379498.3
4789.5000 1379291.1
4791.0000 1378670.4
4792.5000 1378155.3
4794.0000 1377155.6
4795.5000 1377338.8
4797.0000 1376896.5
4798.5000 1376426.9
4800.0000 1375579.5
4801.5000 1375481.0
4803.0000 1375376.0
4804.5000 1374680.8
4806.0000 1374266.1
4807.5000 1373901.1
4809.0000 1373641.6
4810.5000 1372964.8
4812.0000 1372267.8
4813.5000 1371950.8
4815.0000 1371286.8
4816.5000 1370791.4
4818.0000 1370286.4
4819.5000 1369952.1
4821.0000 1369648.3
4822.5000 1369397.6
4824.0000 1369006.8
4825.5000 1368676.9
4827.0000 1368198.6
4828.5000 1367795.9
4830.0000 1367286.4
4831.5000 1367094.0
4833.0000 1366284.5
4834.5000 1365960.5
4836.0000 1365530.3
4837.5000 1364952.4
4839.0000 1364164.3
4840.5000 1363918.5
4842.0000 1363726.0
4843.5000 1363404.4
4845.0000 1363251.8
4846.5000 1362534.3
4848.0000 1361875.0
4849.5000 1361674.4
4851.0000 1361514.9
4852.5000 1361329.3
4854.0000 1360917.5
4855.5000 1359971.0
4857.0000 1360203.5
4858.5000 1359260.5
4860.0000 1359533.1
4861.5000 1359254.4
4863.0000 1358778.6
4864.5000 1356849.6
4866.0000 1356737.4
4867.5000 1355968.4
4869.0000 1355645.0
4870.5000 1355490.5
4872.0000 1355255.5
4873.5000 1354797.9
4875.0000 1354198.5
4876.5000 1353853.1
4878.0000 1354047.8
4879.5000 1354021.5
4881.0000 1353943.4
4882.5000 1353623.0
4884.0000 1353083.8
4885.5000 1352764.0
4887.0000 1352368.9
4888.5000 1352393.6
4890.0000 1351781.8
4891.5000 1351441.1
4893.0000 1350747.1
4894.5000 1350808.9
4896.0000 1350818.3
4897.5000 1350716.3
4899.0000 1350777.4
4900.5000 1350218.0
4902.0000 1349764.6
4903.5000 1349511.8
4905.0000 1349422.9
4906.5000 1349465.0
4908.0000 1348130.8
4909.5000 1347941.9
4911.0000 1348704.5
4912.5000 1348401.3
4914.0000 1348142.5
4915.5000 1348012.5
4917.0000 1347816.5
4918.5000 1347768.6
4920.0000 1346462.4
4921.5000 1346469.8
4923.0000 1346149.9
4924.5000 1345829.4
4926.0000 1345622.6
4927.5000 1345453.6
4929.0000 1345242.8
4930.5000 1345272.3
4932.0000 1344926.5
4933.5000 1344721.5
4935.0000 1344699.1
4936.5000 1344258.9
4938.0000 1344158.4
4939.5000 1344116.0
4941.0000 1343904.6
4942.5000 1343842.3
4944.0000 1343540.4
4945.5000 1344388.6
4947.0000 1344409.5
4948.5000 1344399.8
4950.0000 1344344.0
4951.5000 1341878.1
4953.0000 1343841.5
4954.5000 1343992.0
4956.0000 1343695.4
4957.5000 1343564.0
4959.0000 1343493.4
4960.5000 1343239.4
4962.0000 1343086.5
4963.5000 1342993.6
4965.0000 1342935.3
4966.5000 1342892.6
4968.0000 1342646.1
4969.5000 1342369.3
4971.0000 1342294.0
4972.5000 1342338.8
4974.0000 1342857.5
4975.5000 1341033.6
4977.0000 1340954.9
4978.5000 1340669.6
4980.0000 1340743.8
4981.5000 1340576.9
4983.0000 1340301.5
4984.5000 1340136.0
4986.0000 1339966.6
4987.5000 1339916.5
4989.0000 1339737.1
4990.5000 1339620.4
4992.0000 1339566.9
4993.5000 1339440.9
4995.0000 1339468.6
4996.5000 1339300.3
4998.0000 1339001.1
4999.5000 1338972.9
5001.0000 1338610.5
5002.5000 1338548.6
5004.0000 1338288.5
5005.5000 1338110.3
5007.0000 1337822.1
5008.5000 1337707.5
5010.0000 1337459.9
5011.5000 1337113.9
5013.0000 1338318.0
5014.5000 1337976.3
5016.0000 1337639.5
5017.5000 1337384.4
5019.0000 1337173.5
5020.5000 1336981.9
5022.0000 1336664.5
5023.5000 1336378.4
5025.0000 1336134.3
5026.5000 1335891.8
5028.0000 1335712.0
5029.5000 1335509.4
5031.0000 1335194.5
5032.5000 1335049.9
5034.0000 1334639.4
5035.5000 1334477.8
5037.0000 1333943.6
5038.5000 1333970.5
5040.0000 1333510.9
5041.5000 1333181.3
5043.0000 1332858.5
5044.5000 1332661.6
5046.0000 1332437.0
5047.5000 1332000.9
5049.0000 1331872.0
5050.5000 1331678.5
5052.0000 1330060.6
5053.5000 1329899.1
5055.0000 1329669.8
5056.5000 1329252.1
5058.0000 1329000.0
5059.5000 1328578.5
5061.0000 1328198.0
5062.5000 1327870.9
5064.0000 1327646.8
5065.5000 1327392.6
5067.0000 1327014.8
5068.5000 1326793.9
5070.0000 1326393.3
5071.5000 1326014.9
5073.0000 1325738.0
5074.5000 1325585.5
5076.0000 1325467.8
5077.5000 1325229.3
5079.0000 1324822.5
5080.5000 1325790.1
5082.0000 1325296.6
5083.5000 1325348.5
5085.0000 1324892.1
5086.5000 1324333.9
5088.0000 1324446.5
5089.5000 1323892.6
5091.0000 1323582.6
5092.5000 1323274.3
5094.0000 1322926.3
5095.5000 1322826.1
5097.0000 1322250.9
5098.5000 1322302.8
5100.0000 1321865.3
5101.5000 1321533.8
5103.0000 1321185.9
5104.5000 1320788.0
5106.0000 1319408.9
5107.5000 1319319.4
5109.0000 1319206.5
5110.5000 1319058.5
5112.0000 1318710.0
5113.5000 1318090.5
5115.0000 1317549.9
5116.5000 1317342.0
5118.0000 1317115.1
5119.5000 1316636.3
5121.0000 1316736.4
5122.5000 1316737.5
5124.0000 1316376.0
5125.5000 1315772.9
5127.0000 1315155.9
5128.5000 1314824.5
5130.0000 1314540.3
5131.5000 1314578.3
5133.0000 1314210.1
5134.5000 1313788.4
5136.0000 1313391.5
5137.5000 1313127.5
5139.0000 1312526.9
5140.5000 1312211.8
5142.0000 1312209.9
5143.5000 1312109.6
5145.0000 1311716.0
5146.5000 1311130.9
5148.0000 1310614.8
5149.5000 1310229.9
5151.0000 1310265.3
5152.5000 1310152.4
5154.0000 1309797.6
5155.5000 1309380.3
5157.0000 1308822.1
5158.5000 1308380.6
5160.0000 1308982.3
5161.5000 1308760.0
5163.0000 1308860.8
5164.5000 1308491.6
5166.0000 1308021.0
5167.5000 1307398.9
5169.0000 1306798.0
5170.5000 1305300.3
5172.0000 1305254.4
5173.5000 1305371.5
5175.0000 1305181.4
5176.5000 1304827.6
5178.0000 1304328.8
5179.5000 1303749.5
5181.0000 1303335.0
5182.5000 1303296.0
5184.0000 1302910.1
5185.5000 1304008.0
5187.0000 1303354.9
5188.5000 1302605.8
5190.0000 1302441.1
5191.5000 1302304.8
5193.0000 1302257.8
5194.5000 1301638.6
5196.0000 1301461.6
5197.5000 1301090.6
5199.0000 1300925.8
5200.5000 1300572.8
5202.0000 1300517.0
5203.5000 1300230.4
5205.0000 1299789.9
5206.5000 1299843.3
5208.0000 1299491.6
5209.5000 1299303.8
5211.0000 1299087.3
5212.5000 1298865.9
5214.0000 1298669.3
5215.5000 1298524.1
5217.0000 1298349.4
5218.5000 1298166.3
5220.0000 1298019.9
5221.5000 1297939.9
5223.0000 1297715.3
5224.5000 1297694.3
5226.0000 1297458.3
5227.5000 1297243.0
5229.0000 1297009.5
5230.5000 1296980.1
5232.0000 1296825.3
5233.5000 1296751.4
5235.0000 1296547.4
5236.5000 1296335.4
5238.0000 1295152.6
5239.5000 1295235.6
5241.0000 1294917.0
5242.5000 1294886.6
5244.0000 1294727.0
5245.5000 1294536.8
5247.0000 1295333.6
5248.5000 1295524.9
5250.0000 1295326.4
5251.5000 1295136.9
5253.0000 1294958.1
5254.5000 1294851.4
5256.0000 1294784.0
5257.5000 1294694.4
5259.0000 1294626.6
5260.5000 1294552.0
5262.0000 1294442.3
5263.5000 1294365.1
5265.0000 1294251.0
5266.5000 1294155.0
5268.0000 1294056.6
5269.5000 1294011.0
5271.0000 1293857.1
5272.5000 1293821.3
5274.0000 1293712.5
5275.5000 1293625.1
5277.0000 1293580.1
5278.5000 1293488.6
5280.0000 1293407.9
5281.5000 1293318.3
5283.0000 1293274.8
5284.5000 1293195.8
5286.0000 1293122.4
5287.5000 1293010.0
5289.0000 1292953.4
5290.5000 1292915.9
5292.0000 1292783.9
5293.5000 1292784.3
5295.0000 1292710.5
5296.5000 1292629.1
5298.0000 1292554.1
5299.5000 1292446.6
5301.0000 1292469.0
5302.5000 1292347.3
5304.0000 1292352.8
5305.5000 1292175.3
5307.0000 1292152.6
5308.5000 1291997.9
5310.0000 1291921.4
5311.5000 1292064.6
5313.0000 1290484.8
5314.5000 1291014.4
5316.0000 1290813.4
5317.5000 1290658.1
5319.0000 1290638.1
5320.5000 1290547.8
5322.0000 1290467.1
5323.5000 1290310.3
5325.0000 1290258.6
5326.5000 1290122.1
5328.0000 1290196.9
5329.5000 1290129.3
5331.0000 1290027.6
5332.5000 1290840.6
5334.0000 1290758.0
5335.5000 1290798.3
5337.0000 1290550.6
5338.5000 1290576.4
5340.0000 1290427.6
5341.5000 1290345.5
5343.0000 1290251.0
5344.5000 1290188.6
5346.0000 1290150.8
5347.5000 1290010.5
5349.0000 1290585.1
5350.5000 1289992.1
5352.0000 1289973.0
5353.5000 1289979.9
5355.0000 1289818.3
5356.5000 1289659.6
5358.0000 1289695.6
5359.5000 1289516.6
5361.0000 1289405.0
5362.5000 1289402.4
5364.0000 1289306.3
5365.5000 1289251.9
5367.0000 1289194.8
5368.5000 1289075.6
5370.0000 1289089.9
5371.5000 1288926.9
5373.0000 1289016.4
5374.5000 1288817.6
5376.0000 1288855.1
5377.5000 1288669.5
5379.0000 1288666.9
5380.5000 1288585.9
5382.0000 1287343.0
5383.5000 1287449.4
5385.0000 1287412.3
5386.5000 1287264.1
5388.0000 1288329.6
5389.5000 1288136.0
5391.0000 1288039.5
5392.5000 1288021.8
5394.0000 1288129.4
5395.5000 1287889.4
5397.0000 1288018.3
5398.5000 1286197.0
5400.0000 1288003.5
5401.5000 1287514.4
5403.0000 1287375.8
5404.5000 1287655.8
5406.0000 1287457.0
5407.5000 1287331.1
5409.0000 1287524.9
5410.5000 1287219.6
5412.0000 1285373.5
5413.5000 1285882.4
5415.0000 1285783.3
5416.5000 1285790.4
5418.0000 1286408.5
5419.5000 1287094.3
5421.0000 1286721.3
5422.5000 1286365.4
5424.0000 1286678.6
5425.5000 1286239.5
5427.0000 1286317.5
5428.5000 1286226.8
5430.0000 1287356.0
5431.5000 1286664.6
5433.0000 1286179.9
5434.5000 1286001.3
5436.0000 1286009.6
5437.5000 1285834.1
5439.0000 1285945.6
5440.5000 1286105.9
5442.0000 1285795.0
5443.5000 1285687.1
5445.0000 1285467.6
5446.5000 1285347.8
5448.0000 1285216.0
5449.5000 1285173.6
5451.0000 1285567.3
5452.5000 1284652.6
5454.0000 1284503.4
5455.5000 1284184.4
5457.0000 1284117.6
5458.5000 1284049.5
5460.0000 1284344.9
5461.5000 1284699.0
5463.0000 1284683.1
5464.5000 1284342.1
5466.0000 1284355.8
5467.5000 1284087.5
5469.0000 1285492.4
5470.5000 1284605.8
5472.0000 1284075.4
5473.5000 1284306.3
5475.0000 1284465.1
5476.5000 1284510.4
5478.0000 1284339.3
5479.5000 1284124.6
5481.0000 1283925.0
5482.5000 1284007.9
5484.0000 1283657.0
5485.5000 1283860.0
5487.0000 1283564.5
5488.5000 1283441.1
5490.0000 1283500.5
5491.5000 1283286.3
5493.0000 1283243.1
5494.5000 1283075.3
5496.0000 1283047.0
5497.5000 1282865.6
5499.0000 1282895.1
5500.5000 1282548.8
5502.0000 1282489.6
5503.5000 1282764.6
5505.0000 1282352.5
5506.5000 1282250.4
5508.0000 1282255.5
5509.5000 1282138.8
5511.0000 1282005.3
5512.5000 1282126.3
5514.0000 1281854.3
5515.5000 1281857.8
5517.0000 1281700.4
5518.5000 1281490.4
5520.0000 1281457.3
5521.5000 1281355.8
5523.0000 1281272.6
5524.5000 1281070.9
5526.0000 1281072.9
5527.5000 1281059.5
5529.0000 1280903.3
5530.5000 1280850.4
5532.0000 1280704.0
5533.5000 1280748.5
5535.0000 1280503.4
5536.5000 1280451.1
5538.0000 1280284.5
5539.5000 1280089.1
5541.0000 1280259.4
5542.5000 1280008.4
5544.0000 1279630.4
5545.5000 1278999.8
5547.0000 1278551.5
5548.5000 1278339.0
5550.0000 1278347.8
5551.5000 1278234.5
5553.0000 1277968.6
5554.5000 1277838.9
5556.0000 1277794.9
5557.5000 1277629.4
5559.0000 1277446.4
5560.5000 1277320.0
5562.0000 1277168.4
5563.5000 1277051.4
5565.0000 1276892.5
5566.5000 1276821.4
5568.0000 1276736.0
5569.5000 1276488.0
5571.0000 1276438.9
5572.5000 1276547.9
5574.0000 1276359.5
5575.5000 1276362.8
5577.0000 1276211.0
5578.5000 1275994.0
5580.0000 1275821.0
5581.5000 1275577.1
5583.0000 1275664.6
5584.5000 1275535.9
5586.0000 1275484.6
5587.5000 1275087.4
5589.0000 1275285.6
5590.5000 1274940.4
5592.0000 1274833.9
5593.5000 1274538.5
5595.0000 1274434.4
5596.5000 1274271.3
5598.0000 1274402.4
5599.5000 1274406.8
5601.0000 1274411.4
5602.5000 1274735.9
5604.0000 1274371.6
5605.5000 1274252.6
5607.0000 1274010.9
5608.5000 1274176.9
5610.0000 1273598.3
5611.5000 1274301.5
5613.0000 1273579.8
5614.5000 1274105.6
5616.0000 1273505.3
5617.5000 1273627.0
5619.0000 1273664.6
5620.5000 1274054.9
5622.0000 1273081.4
5623.5000 1273620.9
5625.0000 1273317.5
5626.5000 1273373.8
5628.0000 1274048.0
5629.5000 1273220.8
5631.0000 1273087.5
5632.5000 1273547.4
5634.0000 1272991.9
5635.5000 1272682.5
5637.0000 1273219.8
5638.5000 1272854.8
5640.0000 1272326.4
5641.5000 1272817.6
5643.0000 1272896.9
5644.5000 1272246.4
5646.0000 1272382.5
5647.5000 1272883.1
5649.0000 1271939.4
5650.5000 1272014.8
5652.0000 1272612.5
5653.5000 1271992.9
5655.0000 1271944.6
5656.5000 1271296.0
5658.0000 1271603.8
5659.5000 1271574.0
5661.0000 1270846.1
5662.5000 1270865.4
5664.0000 1271161.3
5665.5000 1270681.1
5667.0000 1270396.0
5668.5000 1270761.5
5670.0000 1270442.9
5671.5000 1269894.1
5673.0000 1270303.5
5674.5000 1270142.9
5676.0000 1269379.5
5677.5000 1269537.0
5679.0000 1269643.4
5680.5000 1268912.0
5682.0000 1268204.8
5683.5000 1268950.3
5685.0000 1268222.1
5686.5000 1268493.6
5688.0000 1268471.3
5689.5000 1267647.3
5691.0000 1267963.3
5692.5000 1267909.0
5694.0000 1267157.3
5695.5000 1267291.5
5697.0000 1267351.6
5698.5000 1266902.6
5700.0000 1266763.6
5701.5000 1266958.9
5703.0000 1266574.0
5704.5000 1266567.1
5706.0000 1266523.8
5707.5000 1266170.5
5709.0000 1266295.4
5710.5000 1266046.9
5712.0000 1266045.9
5713.5000 1266192.8
5715.0000 1265964.0
5716.5000 1265635.8
5718.0000 1265606.9
5719.5000 1265295.0
5721.0000 1265023.5
5722.5000 1264541.3
5724.0000 1265319.4
5725.5000 1264793.8
5727.0000 1264708.8
5728.5000 1264681.8
5730.0000 1264393.3
5731.5000 1264144.0
5733.0000 1264126.3
5734.5000 1264028.8
5736.0000 1263661.0
5737.5000 1263670.0
5739.0000 1263760.6
5740.5000 1263561.4
5742.0000 1263384.8
5743.5000 1263097.1
5745.0000 1263397.8
5746.5000 1262999.3
5748.0000 1262627.9
5749.5000 1262881.6
5751.0000 1262682.9
5752.5000 1262493.4
5754.0000 1262136.5
5755.5000 1262349.9
5757.0000 1262246.4
5758.5000 1261925.4
5760.0000 1261683.4
5761.5000 1261771.0
5763.0000 1261693.8
5764.5000 1261391.3
5766.0000 1261159.6
5767.5000 1261212.3
5769.0000 1261236.4
5770.5000 1260952.3
5772.0000 1260756.1
5773.5000 1260879.6
5775.0000 1260840.1
5776.5000 1260586.5
5778.0000 1260362.3
5779.5000 1260583.3
5781.0000 1260329.4
5782.5000 1260107.8
5784.0000 1259967.0
5785.5000 1260218.5
5787.0000 1260030.8
5788.5000 1259696.6
5790.0000 1259674.5
5791.5000 1259236.3
5793.0000 1259460.3
5794.5000 1259430.9
5796.0000 1258632.4
5797.5000 1258842.1
5799.0000 1259347.0
5800.5000 1258805.1
5802.0000 1258756.4
5803.5000 1258727.3
5805.0000 1258995.0
5806.5000 1258665.3
5808.0000 1258172.8
5809.5000 1258158.6
5811.0000 1258144.4
5812.5000 1257844.3
5814.0000 1257749.0
5815.5000 1258038.3
5817.0000 1257713.0
5818.5000 1257048.1
5820.0000 1256629.1
5821.5000 1257218.0
5823.0000 1256453.9
5824.5000 1256573.9
5826.0000 1256312.0
5827.5000 1256206.8
5829.0000 1256175.3
5830.5000 1254876.5
5832.0000 1254550.0
5833.5000 1254912.5
5835.0000 1254302.8
5836.5000 1254671.8
5838.0000 1253996.9
5839.5000 1253760.9
5841.0000 1252941.5
5842.5000 1252783.3
5844.0000 1253114.0
5845.5000 1252747.5
5847.0000 1252228.3
5848.5000 1251892.3
5850.0000 1251472.1
5851.5000 1250992.8
5853.0000 1251185.0
5854.5000 1251722.3
5856.0000 1251590.1
5857.5000 1250725.8
5859.0000 1250503.1
5860.5000 1250563.9
5862.0000 1249586.0
5863.5000 1249728.3
5865.0000 1249212.4
5866.5000 1249232.9
5868.0000 1249688.9
5869.5000 1249302.5
5871.0000 1249863.1
5872.5000 1249566.3
5874.0000 1247348.8
5875.5000 1248437.3
5877.0000 1246096.0
5878.5000 1246129.5
5880.0000 1246218.8
5881.5000 1243818.8
5883.0000 1244558.0
5884.5000 1243400.5
5886.0000 1244123.1
5887.5000 1240591.1
5889.0000 1238658.8
5890.5000 1238959.9
5892.0000 1235413.5
5893.5000 1236736.0
5895.0000 1238551.9
5896.5000 1239456.0
5898.0000 1239783.6
5899.5000 1239895.6
5901.0000 1237399.3
5902.5000 1233434.0
5904.0000 1229523.8
5905.5000 1230195.6
5907.0000 1228540.4
5908.5000 1228274.6
5910.0000 1231310.3
5911.5000 1229351.9
5913.0000 1228913.3
5914.5000 1229521.1
5916.0000 1229747.8
5917.5000 1228460.9
5919.0000 1223843.6
5920.5000 1226027.6
5922.0000 1222259.1
5923.5000 1225694.8
5925.0000 1222275.6
5926.5000 1220250.4
5928.0000 1222734.5
5929.5000 1221658.5
5931.0000 1220267.8
5932.5000 1221271.6
5934.0000 1220642.1
5935.5000 1217461.0
5937.0000 1219097.0
5938.5000 1215106.1
5940.0000 1217897.4
5941.5000 1217448.6
5943.0000 1218478.8
5944.5000 1215113.9
5946.0000 1213574.4
5947.5000 1214050.8
5949.0000 1215577.1
5950.5000 1215102.8
5952.0000 1214557.9
5953.5000 1213921.3
5955.0000 1213887.6
5956.5000 1211709.3
5958.0000 1213064.4
5959.5000 1212328.8
5961.0000 1212356.8
5962.5000 1211032.8
5964.0000 1211022.1
5965.5000 1210632.4
5967.0000 1210768.4
5968.5000 1211016.4
5970.0000 1211902.6
5971.5000 1212100.1
5973.0000 1211710.9
5974.5000 1210741.4
5976.0000 1209543.5
5977.5000 1211259.1
5979.0000 1210169.8
5980.5000 1209491.3
5982.0000 1212182.5
5983.5000 1208166.9
5985.0000 1209550.3
5986.5000 1209908.3
5988.0000 1209123.8
5989.5000 1209437.0
5991.0000 1209565.5
5992.5000 1210166.8
5994.0000 1209653.6
5995.5000 1207839.6
5997.0000 1208895.3
5998.5000 1208862.1
6000.0000 1207749.9