0.0000000 5.9601245
0.10000000 5.9615307
0.20000000 5.9633470
0.30000001 5.9658599
0.40000001 5.9689074
0.50000000 5.9722643
0.60000002 5.9756327
0.69999999 5.9787455
0.80000001 5.9814339
0.89999998 5.9832540
1.0000000 5.9836116
1.1000000 5.9826102
1.2000000 5.9776759
1.3000000 5.9683399
1.4000000 5.9642525
1.5000000 5.9592295
1.6000000 5.9536076
1.7000000 5.9476523
1.8000000 5.9416175
1.9000000 5.9358912
2.0000000 5.9305711
2.0999999 5.9255762
2.2000000 5.9207258
2.3000000 5.9157887
2.4000001 5.9100809
2.5000000 5.9035859
2.5999999 5.8970790
2.7000000 5.8900146
2.8000000 5.8821449
2.9000001 5.8736205
3.0000000 5.8646894
3.0999999 5.8555899
3.2000000 5.8465581
3.3000000 5.8377900
3.4000001 5.8291669
3.5000000 5.8210292
3.5999999 5.8133068
3.7000000 5.8059149
3.8000000 5.7987576
3.9000001 5.7917333
4.0000000 5.7847385
4.0999999 5.7776837
4.1999998 5.7705140
4.3000002 5.7632079
4.4000001 5.7557731
4.5000000 5.7481799
4.5999999 5.7404861
4.6999998 5.7327676
4.8000002 5.7250819
4.9000001 5.7174578
5.0000000 5.7099218
6.5000000 5.6038775
8.0000000 5.5104141
9.5000000 5.4247746
11.000000 5.3439746
12.500000 5.2685394
14.000000 5.2014546
15.500000 5.1369352
17.000000 5.0772367
18.500000 5.0187526
20.000000 4.9623375
21.500000 4.9069543
23.000000 4.8524914
24.500000 4.7960649
26.000000 4.7065516
27.500000 4.5839901
29.000000 4.4382763
30.500000 4.2509131
32.000000 4.0444345
33.500000 3.8420827
35.000000 3.6526799
36.500000 3.4844513
38.000000 3.3491604
39.500000 3.2392964
41.000000 3.1946428
42.500000 3.1994338
44.000000 3.1555817
45.500000 3.1451290
47.000000 3.1335306
48.500000 3.1128914
50.000000 3.0972764
51.500000 3.0989203
53.000000 3.1053488
54.500000 3.1187422
56.000000 3.1383052
57.500000 3.1624122
59.000000 3.2056274
60.500000 3.2672224
62.000000 3.3396320
63.500000 3.4107018
65.000000 3.4854109
66.500000 3.5671189
68.000000 3.6751406
69.500000 3.7917659
71.000000 3.9162917
72.500000 4.0582156
74.000000 4.2219520
75.500000 4.4025340
77.000000 4.5916510
78.500000 4.7809558
80.000000 4.9649401
81.500000 5.1409025
83.000000 5.3056650
84.500000 5.4611435
86.000000 5.6050758
87.500000 5.7454734
89.000000 5.8975277
90.500000 6.0649166
92.000000 6.2443051
93.500000 6.4337401
95.000000 6.6315699
96.500000 6.8362803
98.000000 7.0469074
99.500000 7.2648225
101.00000 7.4895849
102.50000 7.7196021
104.00000 7.9541883
105.50000 8.1926050
107.00000 8.4355936
108.50000 8.6833372
110.00000 8.9334898
111.50000 9.1451149
113.00000 9.2896662
114.50000 9.3895435
116.00000 9.4668560
117.50000 9.5258169
119.00000 9.5718851
120.50000 9.6068583
122.00000 9.6335649
123.50000 9.6549854
125.00000 9.6725359
126.50000 9.6875935
128.00000 9.7006998
129.50000 9.7127142
131.00000 9.7237329
132.50000 9.7333441
134.00000 9.7419262
135.50000 9.7500811
137.00000 9.7580328
138.50000 9.7660666
140.00000 9.7741919
141.50000 9.7826643
143.00000 9.7914915
144.50000 9.8008709
146.00000 9.8105974
147.50000 9.8204279
149.00000 9.8303671
150.50000 9.8400106
152.00000 9.8495235
153.50000 9.8588619
155.00000 9.8679323
156.50000 9.8765965
158.00000 9.8851757
159.50000 9.8934307
161.00000 9.9012861
162.50000 9.9084015
164.00000 9.9149637
165.50000 9.9214592
167.00000 9.9281101
168.50000 9.9346828
170.00000 9.9414253
171.50000 9.9477739
173.00000 9.9541502
174.50000 9.9595346
176.00000 9.9650517
177.50000 9.9705429
179.00000 9.9762688
180.50000 9.9819765
182.00000 9.9877586
183.50000 9.9936256
185.00000 9.9994259
186.50000 10.005257
188.00000 10.011062
189.50000 10.016939
191.00000 10.022829
192.50000 10.028676
194.00000 10.034242
195.50000 10.039693
197.00000 10.044960
198.50000 10.050010
200.00000 10.054757
201.50000 10.059363
203.00000 10.063790
204.50000 10.068022
206.00000 10.072098
207.50000 10.076086
209.00000 10.080052
210.50000 10.084035
212.00000 10.088060
213.50000 10.092049
215.00000 10.096089
216.50000 10.100013
218.00000 10.103873
219.50000 10.107767
221.00000 10.111610
222.50000 10.115416
224.00000 10.119012
225.50000 10.122436
227.00000 10.125839
228.50000 10.129146
230.00000 10.132264
231.50000 10.135326
233.00000 10.138337
234.50000 10.141324
236.00000 10.144613
237.50000 10.147875
239.00000 10.151002
240.50000 10.154028
242.00000 10.156778
243.50000 10.159282
245.00000 10.161490
246.50000 10.163170
248.00000 10.164108
249.50000 10.164191
251.00000 10.163313
252.50000 10.160493
254.00000 10.152739
255.50000 10.139423
257.00000 10.121448
258.50000 10.105350
260.00000 10.096141
261.50000 10.089519
263.00000 10.078050
264.50000 10.058891
266.00000 10.031789
267.50000 10.001692
269.00000 9.9735165
270.50000 9.9488802
272.00000 9.9270201
273.50000 9.9078379
275.00000 9.8949661
276.50000 9.8899908
278.00000 9.8860750
279.50000 9.8835306
281.00000 9.8872089
282.50000 9.8942394
284.00000 9.9045429
285.50000 9.9125032
287.00000 9.9191523
288.50000 9.9235115
290.00000 9.9253731
291.50000 9.9227734
293.00000 9.9174471
294.50000 9.9062843
296.00000 9.8878508
297.50000 9.8622084
299.00000 9.8285465
300.50000 9.7849417
302.00000 9.7336740
303.50000 9.6804867
305.00000 9.6308098
306.50000 9.5850067
308.00000 9.5421791
309.50000 9.5011806
311.00000 9.4625807
312.50000 9.4281578
314.00000 9.4004822
315.50000 9.3803072
317.00000 9.3693371
318.50000 9.3680840
320.00000 9.3760557
321.50000 9.3879347
323.00000 9.3988647
324.50000 9.4077921
326.00000 9.4149189
327.50000 9.4213066
329.00000 9.4282970
330.50000 9.4350863
332.00000 9.4414368
333.50000 9.4464779
335.00000 9.4495811
336.50000 9.4503622
338.00000 9.4510622
339.50000 9.4507427
341.00000 9.4479656
342.50000 9.4433775
344.00000 9.4388332
345.50000 9.4349813
347.00000 9.4334030
348.50000 9.4344568
350.00000 9.4383888
351.50000 9.4424734
353.00000 9.4471102
354.50000 9.4538479
356.00000 9.4632196
357.50000 9.4746971
359.00000 9.4866848
360.50000 9.4992342
362.00000 9.5123138
363.50000 9.5269327
365.00000 9.5420523
366.50000 9.5573015
368.00000 9.5730381
369.50000 9.5892382
371.00000 9.6051054
372.50000 9.6196356
374.00000 9.6345177
375.50000 9.6501274
377.00000 9.6659222
378.50000 9.6829720
380.00000 9.6989927
381.50000 9.7142735
383.00000 9.7284861
384.50000 9.7432976
386.00000 9.7584801
387.50000 9.7724104
389.00000 9.7860022
390.50000 9.8001728
392.00000 9.8148108
393.50000 9.8280745
395.00000 9.8411856
396.50000 9.8534031
398.00000 9.8657312
399.50000 9.8769741
401.00000 9.8875113
402.50000 9.8974018
404.00000 9.9050188
405.50000 9.9124136
407.00000 9.9197140
408.50000 9.9263020
410.00000 9.9331436
411.50000 9.9395599
413.00000 9.9460316
414.50000 9.9528799
416.00000 9.9593105
417.50000 9.9652138
419.00000 9.9712114
420.50000 9.9765711
422.00000 9.9816589
423.50000 9.9865913
425.00000 9.9901352
426.50000 9.9934130
428.00000 9.9962673
429.50000 9.9988289
431.00000 10.000816
432.50000 10.002177
434.00000 10.003592
435.50000 10.005689
437.00000 10.006959
438.50000 10.006959
440.00000 10.006614
441.50000 10.005912
443.00000 10.005305
444.50000 10.004899
446.00000 10.004519
447.50000 10.003535
449.00000 10.002930
450.50000 10.002801
452.00000 10.002948
453.50000 10.003465
455.00000 10.004379
456.50000 10.005987
458.00000 10.008243
459.50000 10.010831
461.00000 10.013342
462.50000 10.015469
464.00000 10.017991
465.50000 10.020867
467.00000 10.023659
468.50000 10.026172
470.00000 10.028702
471.50000 10.031009
473.00000 10.033144
474.50000 10.034538
476.00000 10.035615
477.50000 10.037138
479.00000 10.039037
480.50000 10.040978
482.00000 10.042994
483.50000 10.045184
485.00000 10.046785
486.50000 10.048721
488.00000 10.050710
489.50000 10.052803
491.00000 10.054751
492.50000 10.056486
494.00000 10.058009
495.50000 10.059218
497.00000 10.060359
498.50000 10.061778
500.00000 10.063088
501.50000 10.064190
503.00000 10.064855
504.50000 10.065318
506.00000 10.065822
507.50000 10.066108
509.00000 10.066119
510.50000 10.066038
512.00000 10.065100
513.50000 10.063684
515.00000 10.062489
516.50000 10.061415
518.00000 10.059978
519.50000 10.057852
521.00000 10.054055
522.50000 10.048274
524.00000 10.040191
525.50000 10.029989
527.00000 10.018812
528.50000 10.008020
530.00000 9.9976940
531.50000 9.9865732
533.00000 9.9731236
534.50000 9.9562912
536.00000 9.9360647
537.50000 9.9125690
539.00000 9.8863583
540.50000 9.8583593
542.00000 9.8290997
543.50000 9.7989616
545.00000 9.7685814
546.50000 9.7386217
548.00000 9.7076235
549.50000 9.6755323
551.00000 9.6458635
552.50000 9.6137066
554.00000 9.5800304
555.50000 9.5457869
557.00000 9.5160017
558.50000 9.4834471
560.00000 9.4503517
561.50000 9.4173069
563.00000 9.3845243
564.50000 9.3517885
566.00000 9.3150196
567.50000 9.2859249
569.00000 9.2536316
570.50000 9.2209492
572.00000 9.1880169
573.50000 9.1548605
575.00000 9.1216469
576.50000 9.0884686
578.00000 9.0553408
579.50000 9.0223160
581.00000 8.9894438
582.50000 8.9567671
584.00000 8.9242020
585.50000 8.8917150
587.00000 8.8593626
588.50000 8.8272190
590.00000 8.7955389
591.50000 8.7642813
593.00000 8.7334175
594.50000 8.7030754
596.00000 8.6729136
597.50000 8.6419277
599.00000 8.6100264
600.50000 8.5820856
602.00000 8.5538673
603.50000 8.5264091
605.00000 8.4989958
606.50000 8.4717751
608.00000 8.4449825
609.50000 8.4185143
611.00000 8.3924456
612.50000 8.3666620
614.00000 8.3416252
615.50000 8.3174381
617.00000 8.2923098
618.50000 8.2679148
620.00000 8.2439232
621.50000 8.2195616
623.00000 8.1958256
624.50000 8.1717806
626.00000 8.1495361
627.50000 8.1328125
629.00000 8.1226015
630.50000 8.1148462
632.00000 8.1066818
633.50000 8.0963287
635.00000 8.0841227
636.50000 8.0720158
638.00000 8.0651703
639.50000 8.0616245
641.00000 8.0591383
642.50000 8.0562515
644.00000 8.0510750
645.50000 8.0419712
647.00000 8.0300703
648.50000 8.0158291
650.00000 8.0027180
651.50000 7.9915929
653.00000 7.9811249
654.50000 7.9702291
656.00000 7.9586291
657.50000 7.9466000
659.00000 7.9337325
660.50000 7.9199171
662.00000 7.9055924
663.50000 7.8906050
665.00000 7.8748269
666.50000 7.8581080
668.00000 7.8416481
669.50000 7.8270593
671.00000 7.8146267
672.50000 7.8023820
674.00000 7.7895017
675.50000 7.7759657
677.00000 7.7616210
678.50000 7.7460341
680.00000 7.7292900
681.50000 7.7119470
683.00000 7.6948709
684.50000 7.6794190
686.00000 7.6657953
687.50000 7.6533327
689.00000 7.6409225
690.50000 7.6280494
692.00000 7.6143918
693.50000 7.5997281
695.00000 7.5842252
696.50000 7.5685401
698.00000 7.5530052
699.50000 7.5348325
701.00000 7.5191612
702.50000 7.5118165
704.00000 7.5135589
705.50000 7.5112438
707.00000 7.5014529
708.50000 7.4874477
710.00000 7.4716773
711.50000 7.4551039
713.00000 7.4378686
714.50000 7.4206352
716.00000 7.4008651
717.50000 7.3826141
719.00000 7.3719163
720.50000 7.3683710
722.00000 7.3681917
723.50000 7.3631334
725.00000 7.3500896
726.50000 7.3326669
728.00000 7.3116951
729.50000 7.2914615
731.00000 7.2789817
732.50000 7.2744393
734.00000 7.2694721
735.50000 7.2624583
737.00000 7.2538824
738.50000 7.2440276
740.00000 7.2336464
741.50000 7.2229676
743.00000 7.2127547
744.50000 7.2028890
746.00000 7.1930966
747.50000 7.1829882
749.00000 7.1724348
750.50000 7.1617279
752.00000 7.1512532
753.50000 7.1410303
755.00000 7.1313787
756.50000 7.1222258
758.00000 7.1132989
759.50000 7.1041131
761.00000 7.0943050
762.50000 7.0837555
764.00000 7.0726643
765.50000 7.0613194
767.00000 7.0498776
768.50000 7.0383973
770.00000 7.0268612
771.50000 7.0153446
773.00000 7.0040431
774.50000 6.9929690
776.00000 6.9820280
777.50000 6.9711771
779.00000 6.9603987
780.50000 6.9496698
782.00000 6.9387894
783.50000 6.9278097
785.00000 6.9167323
786.50000 6.9057708
788.00000 6.8965449
789.50000 6.8909249
791.00000 6.8874893
792.50000 6.8856301
794.00000 6.8846593
795.50000 6.8837233
797.00000 6.8819213
798.50000 6.8788538
800.00000 6.8746934
801.50000 6.8697100
803.00000 6.8642235
804.50000 6.8582063
806.00000 6.8515868
807.50000 6.8442893
809.00000 6.8363299
810.50000 6.8280969
812.00000 6.8198547
813.50000 6.8120141
815.00000 6.8047538
816.50000 6.7981091
818.00000 6.7918715
819.50000 6.7856998
821.00000 6.7792478
822.50000 6.7723279
824.00000 6.7650619
825.50000 6.7577133
827.00000 6.7506413
828.50000 6.7441616
830.00000 6.7381659
831.50000 6.7324810
833.00000 6.7267275
834.50000 6.7207518
836.00000 6.7144337
837.50000 6.7079706
839.00000 6.7015700
840.50000 6.6955113
842.00000 6.6900191
843.50000 6.6850963
845.00000 6.6804361
846.50000 6.6756554
848.00000 6.6705604
849.50000 6.6651535
851.00000 6.6597810
852.50000 6.6546445
854.00000 6.6499348
855.50000 6.6456890
857.00000 6.6417046
858.50000 6.6377330
860.00000 6.6335492
861.50000 6.6291089
863.00000 6.6246419
864.50000 6.6203833
866.00000 6.6164842
867.50000 6.6130118
869.00000 6.6099892
870.50000 6.6062689
872.00000 6.6020355
873.50000 6.5970092
875.00000 6.5920191
876.50000 6.5871954
878.00000 6.5827551
879.50000 6.5785155
881.00000 6.5740623
882.50000 6.5699987
884.00000 6.5658755
885.50000 6.5613070
887.00000 6.5562358
888.50000 6.5511274
890.00000 6.5455427
891.50000 6.5391002
893.00000 6.5329347
894.50000 6.5281439
896.00000 6.5246096
897.50000 6.5222979
899.00000 6.5211091
900.50000 6.5199027
902.00000 6.5176768
903.50000 6.5156994
905.00000 6.5131297
906.50000 6.5096393
908.00000 6.5056672
909.50000 6.5092525
911.00000 6.5214162
912.50000 6.5341578
914.00000 6.5449667
915.50000 6.5535531
917.00000 6.5673294
918.50000 6.6009231
920.00000 6.6440363
921.50000 6.6877856
923.00000 6.7350740
924.50000 6.7783966
926.00000 6.8497429
927.50000 6.9228649
929.00000 6.9964733
930.50000 7.0609140
932.00000 7.1340532
933.50000 7.2103262
935.00000 7.2896442
936.50000 7.3685122
938.00000 7.4371581
939.50000 7.4855886
941.00000 7.5314860
942.50000 7.5715146
944.00000 7.6049428
945.50000 7.6316280
947.00000 7.6542587
948.50000 7.6725640
950.00000 7.6880088
951.50000 7.7066336
953.00000 7.7275181
954.50000 7.7479138
956.00000 7.7702279
957.50000 7.7921333
959.00000 7.8129320
960.50000 7.8333158
962.00000 7.8502388
963.50000 7.8603878
965.00000 7.8658953
966.50000 7.8691354
968.00000 7.8710899
969.50000 7.8724093
971.00000 7.8755035
972.50000 7.8820291
974.00000 7.8933349
975.50000 7.9078531
977.00000 7.9243641
978.50000 7.9408011
980.00000 7.9555078
981.50000 7.9656048
983.00000 7.9703341
984.50000 7.9703732
986.00000 7.9674692
987.50000 7.9636674
989.00000 7.9623704
990.50000 7.9662628
992.00000 7.9735575
993.50000 7.9835711
995.00000 7.9965715
996.50000 8.0113134
998.00000 8.0275040
999.50000 8.0481768
1001.0000 8.0775595
1002.5000 8.1071539
1004.0000 8.1303358
1005.5000 8.1471786
1007.0000 8.1663294
1008.5000 8.2011242
1010.0000 8.2535791
1011.5000 8.3173389
1013.0000 8.3784819
1014.5000 8.4383221
1016.0000 8.4944210
1017.5000 8.5307226
1019.0000 8.5473051
1020.5000 8.5627651
1022.0000 8.5752621
1023.5000 8.5817175
1025.0000 8.5854645
1026.5000 8.5896215
1028.0000 8.5900831
1029.5000 8.5849314
1031.0000 8.5793543
1032.5000 8.5730772
1034.0000 8.5648727
1035.5000 8.5551310
1037.0000 8.5444899
1038.5000 8.5334520
1040.0000 8.5228300
1041.5000 8.5120363
1043.0000 8.5012388
1044.5000 8.4900103
1046.0000 8.4780312
1047.5000 8.4650660
1049.0000 8.4512405
1050.5000 8.4365454
1052.0000 8.4213190
1053.5000 8.4058104
1055.0000 8.3903522
1056.5000 8.3749428
1058.0000 8.3596535
1059.5000 8.3442965
1061.0000 8.3285227
1062.5000 8.3123302
1064.0000 8.2957411
1065.5000 8.2788763
1067.0000 8.2617950
1068.5000 8.2445688
1070.0000 8.2273397
1071.5000 8.2100544
1073.0000 8.1926527
1074.5000 8.1750593
1076.0000 8.1573362
1077.5000 8.1395731
1079.0000 8.1217136
1080.5000 8.1038876
1082.0000 8.0860567
1083.5000 8.0681839
1085.0000 8.0503254
1086.5000 8.0325289
1088.0000 8.0147171
1089.5000 7.9970293
1091.0000 7.9795480
1092.5000 7.9621935
1094.0000 7.9442477
1095.5000 7.9264159
1097.0000 7.9086871
1098.5000 7.8901854
1100.0000 7.8710299
1101.5000 7.8516812
1103.0000 7.8323936
1104.5000 7.8133974
1106.0000 7.7944736
1107.5000 7.7752008
1109.0000 7.7556219
1110.5000 7.7360048
1112.0000 7.7165012
1113.5000 7.6972070
1115.0000 7.6781378
1116.5000 7.6590796
1118.0000 7.6400037
1119.5000 7.6210308
1121.0000 7.6014338
1122.5000 7.5817680
1124.0000 7.5626950
1125.5000 7.5445619
1127.0000 7.5272746
1128.5000 7.5099154
1130.0000 7.4918838
1131.5000 7.4737415
1133.0000 7.4569077
1134.5000 7.4413533
1136.0000 7.4258418
1137.5000 7.4097424
1139.0000 7.3937130
1140.5000 7.3776240
1142.0000 7.3626060
1143.5000 7.3481803
1145.0000 7.3289704
1146.5000 7.3120399
1148.0000 7.2995296
1149.5000 7.2913384
1151.0000 7.2870173
1152.5000 7.2766128
1154.0000 7.2621193
1155.5000 7.2474313
1157.0000 7.2293749
1158.5000 7.2077050
1160.0000 7.1911664
1161.5000 7.1807265
1163.0000 7.1731777
1164.5000 7.1653910
1166.0000 7.1567540
1167.5000 7.1473241
1169.0000 7.1369309
1170.5000 7.1229887
1172.0000 7.1103864
1173.5000 7.0952764
1175.0000 7.0760794
1176.5000 7.0518160
1178.0000 7.0265903
1179.5000 7.0059724
1181.0000 6.9925504
1182.5000 6.9845529
1184.0000 6.9770751
1185.5000 6.9687328
1187.0000 6.9591584
1188.5000 6.9480233
1190.0000 6.9353752
1191.5000 6.9229188
1193.0000 6.9118423
1194.5000 6.9028292
1196.0000 6.8952665
1197.5000 6.8888841
1199.0000 6.8832083
1200.5000 6.8774219
1202.0000 6.8705420
1203.5000 6.8627882
1205.0000 6.8540821
1206.5000 6.8441482
1208.0000 6.8335900
1209.5000 6.8234186
1211.0000 6.8142266
1212.5000 6.8067689
1214.0000 6.8001804
1215.5000 6.7940984
1217.0000 6.7875247
1218.5000 6.7809625
1220.0000 6.7747641
1221.5000 6.7686434
1223.0000 6.7627101
1224.5000 6.7577310
1226.0000 6.7531757
1227.5000 6.7485337
1229.0000 6.7435236
1230.5000 6.7384405
1232.0000 6.7342520
1233.5000 6.7313395
1235.0000 6.7291660
1236.5000 6.7272291
1238.0000 6.7250719
1239.5000 6.7226334
1241.0000 6.7199121
1242.5000 6.7170010
1244.0000 6.7142391
1245.5000 6.7117600
1247.0000 6.7093382
1248.5000 6.7071643
1250.0000 6.7055736
1251.5000 6.7065935
1253.0000 6.7138729
1254.5000 6.7255793
1256.0000 6.7392440
1257.5000 6.7510190
1259.0000 6.7589879
1260.5000 6.7640209
1262.0000 6.7673502
1263.5000 6.7689528
1265.0000 6.7683392
1266.5000 6.7656474
1268.0000 6.7616825
1269.5000 6.7574873
1271.0000 6.7534504
1272.5000 6.7502179
1274.0000 6.7483273
1275.5000 6.7460237
1277.0000 6.7415466
1278.5000 6.7363343
1280.0000 6.7302136
1281.5000 6.7234545
1283.0000 6.7186804
1284.5000 6.7138414
1286.0000 6.7004080
1287.5000 6.6851292
1289.0000 6.6748562
1290.5000 6.6664782
1292.0000 6.6597543
1293.5000 6.6540198
1295.0000 6.6481276
1296.5000 6.6423922
1298.0000 6.6363311
1299.5000 6.6292357
1301.0000 6.6213884
1302.5000 6.6134729
1304.0000 6.6048379
1305.5000 6.5965247
1307.0000 6.5890698
1308.5000 6.5820365
1310.0000 6.5772133
1311.5000 6.5733814
1313.0000 6.5701375
1314.5000 6.5666852
1316.0000 6.5628815
1317.5000 6.5549502
1319.0000 6.5449367
1320.5000 6.5387011
1322.0000 6.5342188
1323.5000 6.5303230
1325.0000 6.5270338
1326.5000 6.5233436
1328.0000 6.5192618
1329.5000 6.5147500
1331.0000 6.5091772
1332.5000 6.5046716
1334.0000 6.5005918
1335.5000 6.4961138
1337.0000 6.4908066
1338.5000 6.4839435
1340.0000 6.4772172
1341.5000 6.4648867
1343.0000 6.4482613
1344.5000 6.4251375
1346.0000 6.4115419
1347.5000 6.4080029
1349.0000 6.4083691
1350.5000 6.4096947
1352.0000 6.4108729
1353.5000 6.4099069
1355.0000 6.4072590
1356.5000 6.3967824
1358.0000 6.3758311
1359.5000 6.3492203
1361.0000 6.3376713
1362.5000 6.3245616
1364.0000 6.3124590
1365.5000 6.3129549
1367.0000 6.2891989
1368.5000 6.2365499
1370.0000 6.1922722
1371.5000 6.1770558
1373.0000 6.1653676
1374.5000 6.0391636
1376.0000 5.8279257
1377.5000 5.6598949
1379.0000 5.5320616
1380.5000 5.4212403
1382.0000 5.3336544
1383.5000 5.2966156
1385.0000 5.3032990
1386.5000 5.3092632
1388.0000 5.3173976
1389.5000 5.3261895
1391.0000 5.3432846
1392.5000 5.3675036
1394.0000 5.3953691
1395.5000 5.4293146
1397.0000 5.4777188
1398.5000 5.5389128
1400.0000 5.6163282
1401.5000 5.7137609
1403.0000 5.8210783
1404.5000 5.9346380
1406.0000 6.0544291
1407.5000 6.1800466
1409.0000 6.3119349
1410.5000 6.4499717
1412.0000 6.5946965
1413.5000 6.7448654
1415.0000 6.8978710
1416.5000 7.0544834
1418.0000 7.2148972
1419.5000 7.3775039
1421.0000 7.5385685
1422.5000 7.6964335
1424.0000 7.8542132
1425.5000 8.0105162
1427.0000 8.1669102
1428.5000 8.3343639
1430.0000 8.5011597
1431.5000 8.6674404
1433.0000 8.8287992
1434.5000 8.9864941
1436.0000 9.1295919
1437.5000 9.2586279
1439.0000 9.3593473
1440.5000 9.4309044
1442.0000 9.4857082
1443.5000 9.5291691
1445.0000 9.5623741
1446.5000 9.5883341
1448.0000 9.6093626
1449.5000 9.6282539
1451.0000 9.6429710
1452.5000 9.6527634
1454.0000 9.6573162
1455.5000 9.6576633
1457.0000 9.6551762
1458.5000 9.6503315
1460.0000 9.6430731
1461.5000 9.6335011
1463.0000 9.6213379
1464.5000 9.6092644
1466.0000 9.5988178
1467.5000 9.5908403
1469.0000 9.5856733
1470.5000 9.5828991
1472.0000 9.5811529
1473.5000 9.5803118
1475.0000 9.5801926
1476.5000 9.5817080
1478.0000 9.5845270
1479.5000 9.5882902
1481.0000 9.5927191
1482.5000 9.5967159
1484.0000 9.6012859
1485.5000 9.6055536
1487.0000 9.6106482
1488.5000 9.6152363
1490.0000 9.6202240
1491.5000 9.6252642
1493.0000 9.6298304
1494.5000 9.6342010
1496.0000 9.6380224
1497.5000 9.6408749
1499.0000 9.6435194
1500.5000 9.6459742
1502.0000 9.6487198
1503.5000 9.6527662
1505.0000 9.6581945
1506.5000 9.6649580
1508.0000 9.6725368
1509.5000 9.6799603
1511.0000 9.6868849
1512.5000 9.6936121
1514.0000 9.6997547
1515.5000 9.7059011
1517.0000 9.7117233
1518.5000 9.7175379
1520.0000 9.7240591
1521.5000 9.7303352
1523.0000 9.7364883
1524.5000 9.7419262
1526.0000 9.7464485
1527.5000 9.7508678
1529.0000 9.7555752
1530.5000 9.7597628
1532.0000 9.7634516
1533.5000 9.7671080
1535.0000 9.7706242
1536.5000 9.7731504
1538.0000 9.7771788
1539.5000 9.7814379
1541.0000 9.7848549
1542.5000 9.7878504
1544.0000 9.7909555
1545.5000 9.7941971
1547.0000 9.7974701
1548.5000 9.8003635
1550.0000 9.8024492
1551.5000 9.8041401
1553.0000 9.8059826
1554.5000 9.8078260
1556.0000 9.8106613
1557.5000 9.8136749
1559.0000 9.8165598
1560.5000 9.8189344
1562.0000 9.8207026
1563.5000 9.8218002
1565.0000 9.8222685
1566.5000 9.8230972
1568.0000 9.8258219
1569.5000 9.8284321
1571.0000 9.8305035
1572.5000 9.8330088
1574.0000 9.8352375
1575.5000 9.8360806
1577.0000 9.8361912
1578.5000 9.8370962
1580.0000 9.8378420
1581.5000 9.8386755
1583.0000 9.8401852
1584.5000 9.8421469
1586.0000 9.8442287
1587.5000 9.8454485
1589.0000 9.8458099
1590.5000 9.8461056
1592.0000 9.8465500
1593.5000 9.8478222
1595.0000 9.8496752
1596.5000 9.8518620
1598.0000 9.8537312
1599.5000 9.8545485
1601.0000 9.8543482
1602.5000 9.8538933
1604.0000 9.8538275
1605.5000 9.8545399
1607.0000 9.8560820
1608.5000 9.8576498
1610.0000 9.8592243
1611.5000 9.8609104
1613.0000 9.8616734
1614.5000 9.8612137
1616.0000 9.8608742
1617.5000 9.8610802
1619.0000 9.8622313
1620.5000 9.8641157
1622.0000 9.8658323
1623.5000 9.8669939
1625.0000 9.8678741
1626.5000 9.8685131
1628.0000 9.8690176
1629.5000 9.8698101
1631.0000 9.8710918
1632.5000 9.8730221
1634.0000 9.8751011
1635.5000 9.8773985
1637.0000 9.8790808
1638.5000 9.8802443
1640.0000 9.8814764
1641.5000 9.8827581
1643.0000 9.8838568
1644.5000 9.8855391
1646.0000 9.8878479
1647.5000 9.8898840
1649.0000 9.8919239
1650.5000 9.8936720
1652.0000 9.8945837
1653.5000 9.8960772
1655.0000 9.8978081
1656.5000 9.8996372
1658.0000 9.9016724
1659.5000 9.9037991
1661.0000 9.9057007
1662.5000 9.9074421
1664.0000 9.9085073
1665.5000 9.9093571
1667.0000 9.9111490
1668.5000 9.9128036
1670.0000 9.9146166
1671.5000 9.9165049
1673.0000 9.9183712
1674.5000 9.9201031
1676.0000 9.9210949
1677.5000 9.9221497
1679.0000 9.9236536
1680.5000 9.9250813
1682.0000 9.9265995
1683.5000 9.9286461
1685.0000 9.9303608
1686.5000 9.9315767
1688.0000 9.9324856
1689.5000 9.9334669
1691.0000 9.9339437
1692.5000 9.9344549
1694.0000 9.9355888
1695.5000 9.9368534
1697.0000 9.9386864
1698.5000 9.9402628
1700.0000 9.9415159
1701.5000 9.9423742
1703.0000 9.9426613
1704.5000 9.9434385
1706.0000 9.9440079
1707.5000 9.9448767
1709.0000 9.9456692
1710.5000 9.9465065
1712.0000 9.9468346
1713.5000 9.9466848
1715.0000 9.9459877
1716.5000 9.9454470
1718.0000 9.9446774
1719.5000 9.9441528
1721.0000 9.9436388
1722.5000 9.9432192
1724.0000 9.9425602
1725.5000 9.9412832
1727.0000 9.9395990
1728.5000 9.9376974
1730.0000 9.9358521
1731.5000 9.9340219
1733.0000 9.9326973
1734.5000 9.9316025
1736.0000 9.9303446
1737.5000 9.9293137
1739.0000 9.9285402
1740.5000 9.9272003
1742.0000 9.9261293
1743.5000 9.9253407
1745.0000 9.9245863
1746.5000 9.9245720
1748.0000 9.9244366
1749.5000 9.9238386
1751.0000 9.9231873
1752.5000 9.9225302
1754.0000 9.9212856
1755.5000 9.9203701
1757.0000 9.9197054
1758.5000 9.9195566
1760.0000 9.9190178
1761.5000 9.9184942
1763.0000 9.9180784
1764.5000 9.9170990
1766.0000 9.9151487
1767.5000 9.9134216
1769.0000 9.9121275
1770.5000 9.9116077
1772.0000 9.9109659
1773.5000 9.9100990
1775.0000 9.9091110
1776.5000 9.9075785
1778.0000 9.9055223
1779.5000 9.9042721
1781.0000 9.9032450
1782.5000 9.9026947
1784.0000 9.9024725
1785.5000 9.9023790
1787.0000 9.9020433
1788.5000 9.9017582
1790.0000 9.9012651
1791.5000 9.9009905
1793.0000 9.9007978
1794.5000 9.9004517
1796.0000 9.9002676
1797.5000 9.9000244
1799.0000 9.8994455
1800.5000 9.8986063
1802.0000 9.8975954
1803.5000 9.8959904
1805.0000 9.8944445
1806.5000 9.8929691
1808.0000 9.8921242
1809.5000 9.8916445
1811.0000 9.8914967
1812.5000 9.8913517
1814.0000 9.8910398
1815.5000 9.8905296
1817.0000 9.8901272
1818.5000 9.8902292
1820.0000 9.8904476
1821.5000 9.8911333
1823.0000 9.8915854
1824.5000 9.8914986
1826.0000 9.8911638
1827.5000 9.8904476
1829.0000 9.8900204
1830.5000 9.8898382
1832.0000 9.8902082
1833.5000 9.8906879
1835.0000 9.8915339
1836.5000 9.8918791
1838.0000 9.8920279
1839.5000 9.8917532
1841.0000 9.8914585
1842.5000 9.8914499
1844.0000 9.8917990
1845.5000 9.8924170
1847.0000 9.8934050
1848.5000 9.8944473
1850.0000 9.8955555
1851.5000 9.8966818
1853.0000 9.8977623
1854.5000 9.8986988
1856.0000 9.8992739
1857.5000 9.9003334
1859.0000 9.9015064
1860.5000 9.9028988
1862.0000 9.9044304
1863.5000 9.9058065
1865.0000 9.9072599
1866.5000 9.9083138
1868.0000 9.9092779
1869.5000 9.9106503
1871.0000 9.9123220
1872.5000 9.9140625
1874.0000 9.9160194
1875.5000 9.9176064
1877.0000 9.9191208
1878.5000 9.9205332
1880.0000 9.9220428
1881.5000 9.9233465
1883.0000 9.9249382
1884.5000 9.9267120
1886.0000 9.9281549
1887.5000 9.9293222
1889.0000 9.9306555
1890.5000 9.9320202
1892.0000 9.9336596
1893.5000 9.9350080
1895.0000 9.9366665
1896.5000 9.9381704
1898.0000 9.9396544
1899.5000 9.9413691
1901.0000 9.9427900
1902.5000 9.9444256
1904.0000 9.9456329
1905.5000 9.9469318
1907.0000 9.9483318
1908.5000 9.9499531
1910.0000 9.9514275
1911.5000 9.9526157
1913.0000 9.9539480
1914.5000 9.9553270
1916.0000 9.9564009
1917.5000 9.9573698
1919.0000 9.9577808
1920.5000 9.9580889
1922.0000 9.9582357
1923.5000 9.9581327
1925.0000 9.9579725
1926.5000 9.9575529
1928.0000 9.9570503
1929.5000 9.9565544
1931.0000 9.9563704
1932.5000 9.9563503
1934.0000 9.9565859
1935.5000 9.9567184
1937.0000 9.9566526
1938.5000 9.9567671
1940.0000 9.9570389
1941.5000 9.9576654
1943.0000 9.9580517
1944.5000 9.9586067
1946.0000 9.9593992
1947.5000 9.9604521
1949.0000 9.9614544
1950.5000 9.9624825
1952.0000 9.9631882
1953.5000 9.9635296
1955.0000 9.9637928
1956.5000 9.9643745
1958.0000 9.9653225
1959.5000 9.9663811
1961.0000 9.9673138
1962.5000 9.9678087
1964.0000 9.9683676
1965.5000 9.9683542
1967.0000 9.9686012
1968.5000 9.9691429
1970.0000 9.9699659
1971.5000 9.9705954
1973.0000 9.9710445
1974.5000 9.9713936
1976.0000 9.9716892
1977.5000 9.9721088
1979.0000 9.9728374
1980.5000 9.9737253
1982.0000 9.9749298
1983.5000 9.9761467
1985.0000 9.9772596
1986.5000 9.9781885
1988.0000 9.9789753
1989.5000 9.9798193
1991.0000 9.9806452
1992.5000 9.9815950
1994.0000 9.9827356
1995.5000 9.9840927
1997.0000 9.9852476
1998.5000 9.9864902
2000.0000 9.9879656
2001.5000 9.9890261
2003.0000 9.9898939
2004.5000 9.9911003
2006.0000 9.9926481
2007.5000 9.9942446
2009.0000 9.9959040
2010.5000 9.9973345
2012.0000 9.9989433
2013.5000 10.000398
2015.0000 10.001624
2016.5000 10.003107
2018.0000 10.004568
2019.5000 10.006061
2021.0000 10.007574
2022.5000 10.008929
2024.0000 10.010086
2025.5000 10.011105
2027.0000 10.012004
2028.5000 10.012968
2030.0000 10.014023
2031.5000 10.015182
2033.0000 10.016382
2034.5000 10.017398
2036.0000 10.018351
2037.5000 10.019301
2039.0000 10.020196
2040.5000 10.021112
2042.0000 10.021683
2043.5000 10.021513
2045.0000 10.020779
2046.5000 10.020465
2048.0000 10.020596
2049.5000 10.020896
2051.0000 10.021042
2052.5000 10.020922
2054.0000 10.020945
2055.5000 10.021268
2057.0000 10.021804
2058.5000 10.022319
2060.0000 10.022648
2061.5000 10.023066
2063.0000 10.023649
2064.5000 10.024139
2066.0000 10.024557
2067.5000 10.024961
2069.0000 10.025290
2070.5000 10.025479
2072.0000 10.025643
2073.5000 10.025734
2075.0000 10.025459
2076.5000 10.025341
2078.0000 10.025584
2079.5000 10.025429
2081.0000 10.025371
2082.5000 10.025799
2084.0000 10.026189
2085.5000 10.026515
2087.0000 10.026491
2088.5000 10.026686
2090.0000 10.027233
2091.5000 10.027596
2093.0000 10.028115
2094.5000 10.028603
2096.0000 10.029095
2097.5000 10.029428
2099.0000 10.029653
2100.5000 10.029761
2102.0000 10.029881
2103.5000 10.030062
2105.0000 10.030096
2106.5000 10.030214
2108.0000 10.030336
2109.5000 10.030350
2111.0000 10.030012
2112.5000 10.029971
2114.0000 10.030068
2115.5000 10.030180
2117.0000 10.030346
2118.5000 10.030479
2120.0000 10.030676
2121.5000 10.030945
2123.0000 10.031102
2124.5000 10.031347
2126.0000 10.031491
2127.5000 10.031812
2129.0000 10.031946
2130.5000 10.032205
2132.0000 10.032458
2133.5000 10.032746
2135.0000 10.033024
2136.5000 10.033333
2138.0000 10.033649
2139.5000 10.033923
2141.0000 10.034253
2142.5000 10.034589
2144.0000 10.034920
2145.5000 10.035310
2147.0000 10.035596
2148.5000 10.035988
2150.0000 10.036350
2151.5000 10.036643
2153.0000 10.037036
2154.5000 10.037474
2156.0000 10.037847
2157.5000 10.038207
2159.0000 10.038657
2160.5000 10.038998
2162.0000 10.039339
2163.5000 10.039818
2165.0000 10.040221
2166.5000 10.040595
2168.0000 10.041038
2169.5000 10.041502
2171.0000 10.041921
2172.5000 10.042335
2174.0000 10.042809
2175.5000 10.043140
2177.0000 10.043452
2178.5000 10.043762
2180.0000 10.044001
2181.5000 10.044364
2183.0000 10.044694
2184.5000 10.045071
2186.0000 10.045448
2187.5000 10.045568
2189.0000 10.045726
2190.5000 10.045910
2192.0000 10.046284
2193.5000 10.046653
2195.0000 10.047128
2196.5000 10.047504
2198.0000 10.047481
2199.5000 10.047549
2201.0000 10.047915
2202.5000 10.048292
2204.0000 10.048788
2205.5000 10.049372
2207.0000 10.049814
2208.5000 10.050248
2210.0000 10.050543
2211.5000 10.050848
2213.0000 10.051096
2214.5000 10.051470
2216.0000 10.052043
2217.5000 10.052896
2219.0000 10.053469
2220.5000 10.054111
2222.0000 10.054674
2223.5000 10.055222
2225.0000 10.055715
2226.5000 10.056297
2228.0000 10.056801
2229.5000 10.057318
2231.0000 10.057895
2232.5000 10.058393
2234.0000 10.058982
2235.5000 10.059516
2237.0000 10.060127
2238.5000 10.060609
2240.0000 10.061215
2241.5000 10.061707
2243.0000 10.062223
2244.5000 10.062681
2246.0000 10.063192
2247.5000 10.063662
2249.0000 10.064207
2250.5000 10.064667
2252.0000 10.065234
2253.5000 10.065780
2255.0000 10.066225
2256.5000 10.066780
2258.0000 10.067264
2259.5000 10.067774
2261.0000 10.068263
2262.5000 10.068788
2264.0000 10.069268
2265.5000 10.069731
2267.0000 10.070171
2268.5000 10.070626
2270.0000 10.071066
2271.5000 10.071531
2273.0000 10.071987
2274.5000 10.072453
2276.0000 10.072918
2277.5000 10.073377
2279.0000 10.073833
2280.5000 10.074299
2282.0000 10.074759
2283.5000 10.075208
2285.0000 10.075647
2286.5000 10.076052
2288.0000 10.076468
2289.5000 10.076867
2291.0000 10.077259
2292.5000 10.077673
2294.0000 10.078085
2295.5000 10.078526
2297.0000 10.078938
2298.5000 10.079379
2300.0000 10.079847
2301.5000 10.080303
2303.0000 10.080875
2304.5000 10.081488
2306.0000 10.082242
2307.5000 10.083193
2309.0000 10.084324
2310.5000 10.085721
2312.0000 10.087334
2313.5000 10.089092
2315.0000 10.090966
2316.5000 10.092992
2318.0000 10.095431
2319.5000 10.097732
2321.0000 10.100153
2322.5000 10.102630
2324.0000 10.105138
2325.5000 10.107429
2327.0000 10.109603
2328.5000 10.111592
2330.0000 10.113502
2331.5000 10.115359
2333.0000 10.117188
2334.5000 10.119003
2336.0000 10.120781
2337.5000 10.122514
2339.0000 10.124197
2340.5000 10.126151
2342.0000 10.128121
2343.5000 10.130013
2345.0000 10.131718
2346.5000 10.133413
2348.0000 10.135160
2349.5000 10.136739
2351.0000 10.138271
2352.5000 10.140143
2354.0000 10.141781
2355.5000 10.143285
2357.0000 10.144742
2358.5000 10.146625
2360.0000 10.148352
2361.5000 10.150053
2363.0000 10.151785
2364.5000 10.153465
2366.0000 10.155132
2367.5000 10.156783
2369.0000 10.158493
2370.5000 10.160177
2372.0000 10.161876
2373.5000 10.163628
2375.0000 10.165599
2376.5000 10.167624
2378.0000 10.169623
2379.5000 10.171550
2381.0000 10.173380
2382.5000 10.175080
2384.0000 10.176698
2385.5000 10.178245
2387.0000 10.179581
2388.5000 10.180647
2390.0000 10.181570
2391.5000 10.182225
2393.0000 10.181797
2394.5000 10.178564
2396.0000 10.173535
2397.5000 10.169686
2399.0000 10.164675
2400.5000 10.156009
2402.0000 10.145299
2403.5000 10.131784
2405.0000 10.115352
2406.5000 10.088444
2408.0000 10.051842
2409.5000 10.013797
2411.0000 9.9789133
2412.5000 9.9444580
2414.0000 9.9120121
2415.5000 9.8845005
2417.0000 9.8550320
2418.5000 9.8255692
2420.0000 9.7938824
2421.5000 9.7582092
2423.0000 9.7201233
2424.5000 9.6826429
2426.0000 9.6477995
2427.5000 9.6140709
2429.0000 9.5794353
2430.5000 9.5422726
2432.0000 9.5031376
2433.5000 9.4620838
2435.0000 9.4216518
2436.5000 9.3827972
2438.0000 9.3461771
2439.5000 9.3113747
2441.0000 9.2760935
2442.5000 9.2393532
2444.0000 9.2008781
2445.5000 9.1612129
2447.0000 9.1225882
2448.5000 9.0844746
2450.0000 9.0417719
2451.5000 8.9994612
2453.0000 8.9595661
2454.5000 8.9192276
2456.0000 8.8789701
2457.5000 8.8411655
2459.0000 8.8032084
2460.5000 8.7615232
2462.0000 8.7188244
2463.5000 8.6796083
2465.0000 8.6403809
2466.5000 8.6012688
2468.0000 8.5636034
2469.5000 8.5341864
2471.0000 8.5048819
2472.5000 8.4778519
2474.0000 8.4546547
2475.5000 8.4292612
2477.0000 8.4000225
2478.5000 8.3678970
2480.0000 8.3326855
2481.5000 8.2950573
2483.0000 8.2538290
2484.5000 8.2124681
2486.0000 8.1742687
2487.5000 8.1382551
2489.0000 8.1046495
2490.5000 8.0716305
2492.0000 8.0398893
2493.5000 8.0119972
2495.0000 7.9875150
2496.5000 7.9676423
2498.0000 7.9531446
2499.5000 7.9403915
2501.0000 7.9268384
2502.5000 7.9146123
2504.0000 7.9001517
2505.5000 7.8877268
2507.0000 7.8722463
2508.5000 7.8558722
2510.0000 7.8383284
2511.5000 7.8201928
2513.0000 7.8035727
2514.5000 7.7924213
2516.0000 7.7854223
2517.5000 7.7806325
2519.0000 7.7789493
2520.5000 7.7773004
2522.0000 7.7734785
2523.5000 7.7669821
2525.0000 7.7581420
2526.5000 7.7474213
2528.0000 7.7351222
2529.5000 7.7221141
2531.0000 7.7093463
2532.5000 7.6969256
2534.0000 7.6848569
2535.5000 7.6733570
2537.0000 7.6615863
2538.5000 7.6497068
2540.0000 7.6378837
2541.5000 7.6258316
2543.0000 7.6131878
2544.5000 7.5996962
2546.0000 7.5845242
2547.5000 7.5679574
2549.0000 7.5526977
2550.5000 7.5369296
2552.0000 7.5206075
2553.5000 7.5035658
2555.0000 7.4866753
2556.5000 7.4709854
2558.0000 7.4562821
2559.5000 7.4426718
2561.0000 7.4296212
2562.5000 7.4160619
2564.0000 7.4023938
2565.5000 7.3899679
2567.0000 7.3797903
2568.5000 7.3727818
2570.0000 7.3671298
2571.5000 7.3592172
2573.0000 7.3485770
2574.5000 7.3434286
2576.0000 7.3435693
2577.5000 7.3436313
2579.0000 7.3416510
2580.5000 7.3316503
2582.0000 7.3204560
2583.5000 7.3099656
2585.0000 7.2978139
2586.5000 7.2850022
2588.0000 7.2782068
2589.5000 7.2771883
2591.0000 7.2755003
2592.5000 7.2729788
2594.0000 7.2700915
2595.5000 7.2646003
2597.0000 7.2563648
2598.5000 7.2490468
2600.0000 7.2393594
2601.5000 7.2302656
2603.0000 7.2176647
2604.5000 7.2086983
2606.0000 7.2079425
2607.5000 7.2147927
2609.0000 7.2235394
2610.5000 7.2283850
2612.0000 7.2211323
2613.5000 7.2103176
2615.0000 7.1966162
2616.5000 7.1788192
2618.0000 7.1632948
2619.5000 7.1576376
2621.0000 7.1580505
2622.5000 7.1636167
2624.0000 7.1721997
2625.5000 7.1762042
2627.0000 7.1649733
2628.5000 7.1512432
2630.0000 7.1348286
2631.5000 7.1146755
2633.0000 7.0983987
2634.5000 7.0933723
2636.0000 7.0956287
2637.5000 7.1051564
2639.0000 7.1182451
2640.5000 7.1181436
2642.0000 7.1075339
2643.5000 7.0900002
2645.0000 7.0698223
2646.5000 7.0509377
2648.0000 7.0449247
2649.5000 7.0496659
2651.0000 7.0591254
2652.5000 7.0748315
2654.0000 7.0874081
2655.5000 7.0835333
2657.0000 7.0710125
2658.5000 7.0512886
2660.0000 7.0308652
2661.5000 7.0199828
2663.0000 7.0210171
2664.5000 7.0273485
2666.0000 7.0390587
2667.5000 7.0503526
2669.0000 7.0408773
2670.5000 7.0266623
2672.0000 7.0114851
2673.5000 6.9986038
2675.0000 6.9923897
2676.5000 6.9940233
2678.0000 6.9996576
2679.5000 7.0103874
2681.0000 7.0069485
2682.5000 6.9965930
2684.0000 6.9820204
2685.5000 6.9695778
2687.0000 6.9627805
2688.5000 6.9635735
2690.0000 6.9680252
2691.5000 6.9763918
2693.0000 6.9706783
2694.5000 6.9612389
2696.0000 6.9484200
2697.5000 6.9392610
2699.0000 6.9361563
2700.5000 6.9376664
2702.0000 6.9428535
2703.5000 6.9440198
2705.0000 6.9336839
2706.5000 6.9230685
2708.0000 6.9140935
2709.5000 6.9094663
2711.0000 6.9093695
2712.5000 6.9110012
2714.0000 6.9147787
2715.5000 6.9086404
2717.0000 6.9004078
2718.5000 6.8917556
2720.0000 6.8820734
2721.5000 6.8690143
2723.0000 6.8542242
2724.5000 6.8424196
2726.0000 6.8330626
2727.5000 6.8245010
2729.0000 6.8146996
2730.5000 6.8060288
2732.0000 6.8039193
2733.5000 6.8075805
2735.0000 6.8126426
2736.5000 6.8162222
2738.0000 6.8195295
2739.5000 6.8215971
2741.0000 6.8217783
2742.5000 6.8197794
2744.0000 6.8176966
2745.5000 6.8159490
2747.0000 6.8126740
2748.5000 6.8094158
2750.0000 6.8062768
2751.5000 6.8021793
2753.0000 6.7971125
2754.5000 6.7890859
2756.0000 6.7805991
2757.5000 6.7772379
2759.0000 6.7780213
2760.5000 6.7800317
2762.0000 6.7825637
2763.5000 6.7860947
2765.0000 6.7936831
2766.5000 6.8082271
2768.0000 6.8254976
2769.5000 6.8362961
2771.0000 6.8414865
2772.5000 6.8421655
2774.0000 6.8373656
2775.5000 6.8296247
2777.0000 6.8216805
2778.5000 6.8176398
2780.0000 6.8170791
2781.5000 6.8171239
2783.0000 6.8154273
2784.5000 6.8126149
2786.0000 6.8098140
2787.5000 6.8080969
2789.0000 6.8093038
2790.5000 6.8115830
2792.0000 6.8132510
2793.5000 6.8131466
2795.0000 6.8110266
2796.5000 6.8085670
2798.0000 6.8066044
2799.5000 6.8046713
2801.0000 6.8010392
2802.5000 6.7998295
2804.0000 6.8030362
2805.5000 6.8076200
2807.0000 6.8133869
2808.5000 6.8198547
2810.0000 6.8262930
2811.5000 6.8319421
2813.0000 6.8364358
2814.5000 6.8404508
2816.0000 6.8435106
2817.5000 6.8443646
2819.0000 6.8451052
2820.5000 6.8468065
2822.0000 6.8475266
2823.5000 6.8469782
2825.0000 6.8454170
2826.5000 6.8436227
2828.0000 6.8418765
2829.5000 6.8403606
2831.0000 6.8394117
2832.5000 6.8379097
2834.0000 6.8366804
2835.5000 6.8361673
2837.0000 6.8355069
2838.5000 6.8326874
2840.0000 6.8324256
2841.5000 6.8444142
2843.0000 6.8588705
2844.5000 6.8728004
2846.0000 6.8855925
2847.5000 6.8966308
2849.0000 6.9052958
2850.5000 6.9112148
2852.0000 6.9156504
2853.5000 6.9190378
2855.0000 6.9213538
2856.5000 6.9224472
2858.0000 6.9228010
2859.5000 6.9226985
2861.0000 6.9222689
2862.5000 6.9215727
2864.0000 6.9207263
2865.5000 6.9197383
2867.0000 6.9188166
2868.5000 6.9180684
2870.0000 6.9173026
2871.5000 6.9165797
2873.0000 6.9158230
2874.5000 6.9147043
2876.0000 6.9135714
2877.5000 6.9125919
2879.0000 6.9116826
2880.5000 6.9112725
2882.0000 6.9106560
2883.5000 6.9100075
2885.0000 6.9124398
2886.5000 6.9158621
2888.0000 6.9196277
2889.5000 6.9245548
2891.0000 6.9293451
2892.5000 6.9332838
2894.0000 6.9364424
2895.5000 6.9389138
2897.0000 6.9407964
2898.5000 6.9422574
2900.0000 6.9432082
2901.5000 6.9437504
2903.0000 6.9440403
2904.5000 6.9441113
2906.0000 6.9440618
2907.5000 6.9439483
2909.0000 6.9435124
2910.5000 6.9429941
2912.0000 6.9424233
2913.5000 6.9417272
2915.0000 6.9409060
2916.5000 6.9402275
2918.0000 6.9395714
2919.5000 6.9389467
2921.0000 6.9382792
2922.5000 6.9376044
2924.0000 6.9369187
2925.5000 6.9361534
2927.0000 6.9354043
2928.5000 6.9345841
2930.0000 6.9337544
2931.5000 6.9329243
2933.0000 6.9322686
2934.5000 6.9316306
2936.0000 6.9310946
2937.5000 6.9304576
2939.0000 6.9296541
2940.5000 6.9290681
2942.0000 6.9289870
2943.5000 6.9293036
2945.0000 6.9297881
2946.5000 6.9304023
2948.0000 6.9312816
2949.5000 6.9322062
2951.0000 6.9330645
2952.5000 6.9339046
2954.0000 6.9345603
2955.5000 6.9349809
2957.0000 6.9354525
2958.5000 6.9358015
2960.0000 6.9359379
2961.5000 6.9360147
2963.0000 6.9363184
2964.5000 6.9379277
2966.0000 6.9372416
2967.5000 6.9356856
2969.0000 6.9313636
2970.5000 6.9297905
2972.0000 6.9240837
2973.5000 6.9198513
2975.0000 6.9111958
2976.5000 6.9008698
2978.0000 6.8867493
2979.5000 6.8727121
2981.0000 6.8591971
2982.5000 6.8449821
2984.0000 6.8327699
2985.5000 6.8256249
2987.0000 6.8236065
2988.5000 6.8279238
2990.0000 6.8362107
2991.5000 6.8439350
2993.0000 6.8497200
2994.5000 6.8516278
2996.0000 6.8387122
2997.5000 6.8204422
2999.0000 6.8024793
3000.0000 6.7896948
3001.5000 6.7769613
3003.0000 6.7669864
3004.5000 6.7645683
3006.0000 6.7669711
3007.5000 6.7725143
3009.0000 6.7792153
3010.5000 6.7845879
3012.0000 6.7879620
3013.5000 6.7719245
3015.0000 6.6568694
3016.5000 6.5197849
3018.0000 6.3504443
3019.5000 6.1629810
3021.0000 5.9887900
3022.5000 5.8334646
3024.0000 5.6969609
3025.5000 5.5807581
3027.0000 5.4826760
3028.5000 5.3996902
3030.0000 5.3340669
3031.5000 5.2830081
3033.0000 5.2402816
3034.5000 5.2074871
3036.0000 5.1945724
3037.5000 5.2074299
3039.0000 5.2306108
3040.5000 5.2645168
3042.0000 5.3008456
3043.5000 5.3333330
3045.0000 5.3660836
3046.5000 5.4074712
3048.0000 5.4615808
3049.5000 5.5265436
3051.0000 5.5974045
3052.5000 5.6687622
3054.0000 5.7399244
3055.5000 5.8147798
3057.0000 5.8931985
3058.5000 5.9815936
3060.0000 6.0788946
3061.5000 6.1807823
3063.0000 6.2855091
3064.5000 6.3939795
3066.0000 6.5040951
3067.5000 6.6167188
3069.0000 6.7328115
3070.5000 6.8527699
3072.0000 6.9753509
3073.5000 7.1000466
3075.0000 7.2257991
3076.5000 7.3534112
3078.0000 7.4821877
3079.5000 7.6106362
3081.0000 7.7390599
3082.5000 7.8687172
3084.0000 7.9991040
3085.5000 8.1305637
3087.0000 8.2619486
3088.5000 8.3933601
3090.0000 8.5225296
3091.5000 8.6506758
3093.0000 8.7765808
3094.5000 8.8958263
3096.0000 9.0074987
3097.5000 9.1144876
3099.0000 9.2148724
3100.5000 9.3063679
3102.0000 9.3830376
3103.5000 9.4486656
3105.0000 9.5038881
3106.5000 9.5459242
3108.0000 9.5783710
3109.5000 9.6029873
3111.0000 9.6194172
3112.5000 9.6272087
3114.0000 9.6242580
3115.5000 9.6094131
3117.0000 9.5824900
3118.5000 9.5443487
3120.0000 9.4967995
3121.5000 9.4438725
3123.0000 9.3902063
3124.5000 9.3383932
3126.0000 9.2899389
3127.5000 9.2452803
3129.0000 9.2019329
3130.5000 9.1696072
3132.0000 9.1506796
3133.5000 9.1438293
3135.0000 9.1460829
3136.5000 9.1592798
3138.0000 9.1801128
3139.5000 9.2020941
3141.0000 9.2235451
3142.5000 9.2460203
3144.0000 9.2675438
3145.5000 9.2892847
3147.0000 9.3115711
3148.5000 9.3324881
3150.0000 9.3486624
3151.5000 9.3587513
3153.0000 9.3632793
3154.5000 9.3625383
3156.0000 9.3559256
3157.5000 9.3441963
3159.0000 9.3275194
3160.5000 9.3077154
3162.0000 9.2859364
3163.5000 9.2635622
3165.0000 9.2417450
3166.5000 9.2179651
3168.0000 9.2010765
3169.5000 9.1949224
3171.0000 9.1983967
3172.5000 9.2036715
3174.0000 9.2098408
3175.5000 9.2169313
3177.0000 9.2209711
3178.5000 9.2295933
3180.0000 9.2457161
3181.5000 9.2607870
3183.0000 9.2721796
3184.5000 9.2789373
3186.0000 9.2804089
3187.5000 9.2798786
3189.0000 9.2764330
3190.5000 9.2691574
3192.0000 9.2596045
3193.5000 9.2485971
3195.0000 9.2324276
3196.5000 9.2147169
3198.0000 9.2049179
3199.5000 9.2032623
3201.0000 9.2018270
3202.5000 9.2018242
3204.0000 9.2038040
3205.5000 9.2075758
3207.0000 9.2110109
3208.5000 9.2129831
3210.0000 9.2144413
3211.5000 9.2131824
3213.0000 9.2071066
3214.5000 9.1973696
3216.0000 9.1830988
3217.5000 9.1715021
3219.0000 9.1647587
3220.5000 9.1640720
3222.0000 9.1654577
3223.5000 9.1673126
3225.0000 9.1666241
3226.5000 9.1715679
3228.0000 9.1843624
3229.5000 9.1950617
3231.0000 9.2037277
3232.5000 9.2108898
3234.0000 9.2159405
3235.5000 9.2168455
3237.0000 9.2090387
3238.5000 9.1982346
3240.0000 9.1906738
3241.5000 9.1810274
3243.0000 9.1671524
3244.5000 9.1507368
3246.0000 9.1418610
3247.5000 9.1320858
3249.0000 9.1227446
3250.5000 9.1206846
3252.0000 9.1192598
3253.5000 9.1182671
3255.0000 9.1227837
3256.5000 9.1280460
3258.0000 9.1327820
3259.5000 9.1384401
3261.0000 9.1439314
3262.5000 9.1478205
3264.0000 9.1498013
3265.5000 9.1501131
3267.0000 9.1482420
3268.5000 9.1438122
3270.0000 9.1373463
3271.5000 9.1295786
3273.0000 9.1210890
3274.5000 9.1121159
3276.0000 9.1033907
3277.5000 9.0958576
3279.0000 9.0903149
3280.5000 9.0869484
3282.0000 9.0866356
3283.5000 9.0907526
3285.0000 9.1000452
3286.5000 9.1146269
3288.0000 9.1343632
3289.5000 9.1594439
3291.0000 9.1904507
3292.5000 9.2280350
3294.0000 9.2740707
3295.5000 9.3257198
3297.0000 9.3798666
3298.5000 9.4367790
3300.0000 9.4963818
3301.5000 9.5577831
3303.0000 9.6177788
3304.5000 9.6623659
3306.0000 9.6716433
3307.5000 9.6869154
3309.0000 9.7059536
3310.5000 9.7180271
3312.0000 9.7302217
3313.5000 9.7434635
3315.0000 9.7553711
3316.5000 9.7679501
3318.0000 9.7798767
3319.5000 9.7913580
3321.0000 9.8024006
3322.5000 9.8133039
3324.0000 9.8236122
3325.5000 9.8336258
3327.0000 9.8431959
3328.5000 9.8527994
3330.0000 9.8620396
3331.5000 9.8707304
3333.0000 9.8796444
3334.5000 9.8877935
3336.0000 9.8957415
3337.5000 9.9037218
3339.0000 9.9107933
3340.5000 9.9187174
3342.0000 9.9256439
3343.5000 9.9329100
3345.0000 9.9395638
3346.5000 9.9459352
3348.0000 9.9520922
3349.5000 9.9576521
3351.0000 9.9634018
3352.5000 9.9685802
3354.0000 9.9738779
3355.5000 9.9787092
3357.0000 9.9839420
3358.5000 9.9886541
3360.0000 9.9937134
3361.5000 9.9982986
3363.0000 10.002828
3364.5000 10.007095
3366.0000 10.011157
3367.5000 10.015225
3369.0000 10.019118
3370.5000 10.023099
3372.0000 10.026813
3373.5000 10.030405
3375.0000 10.033975
3376.5000 10.037388
3378.0000 10.040859
3379.5000 10.044281
3381.0000 10.047636
3382.5000 10.050822
3384.0000 10.054029
3385.5000 10.057143
3387.0000 10.060220
3388.5000 10.063086
3390.0000 10.066194
3391.5000 10.069060
3393.0000 10.072125
3394.5000 10.075055
3396.0000 10.077851
3397.5000 10.080581
3399.0000 10.083262
3400.5000 10.085423
3402.0000 10.087253
3403.5000 10.086978
3405.0000 10.085613
3406.5000 10.085236
3408.0000 10.085715
3409.5000 10.085879
3411.0000 10.086887
3412.5000 10.087770
3414.0000 10.087279
3415.5000 10.086056
3417.0000 10.085280
3418.5000 10.084476
3420.0000 10.083530
3421.5000 10.082376
3423.0000 10.081551
3424.5000 10.081178
3426.0000 10.080897
3427.5000 10.081640
3429.0000 10.082560
3430.5000 10.081700
3432.0000 10.079531
3433.5000 10.077141
3435.0000 10.073162
3436.5000 10.061392
3438.0000 10.055653
3439.5000 10.042619
3441.0000 10.029398
3442.5000 10.016679
3444.0000 10.005670
3445.5000 9.9962759
3447.0000 9.9872446
3448.5000 9.9773026
3450.0000 9.9642372
3451.5000 9.9561062
3453.0000 9.9470406
3454.5000 9.9365540
3456.0000 9.9242439
3457.5000 9.9113369
3459.0000 9.8994770
3460.5000 9.8873653
3462.0000 9.8774242
3463.5000 9.8693781
3465.0000 9.8611174
3466.5000 9.8526678
3468.0000 9.8439484
3469.5000 9.8350344
3471.0000 9.8272877
3472.5000 9.8197861
3474.0000 9.8125105
3475.5000 9.8026934
3477.0000 9.7863503
3478.5000 9.7620764
3480.0000 9.7348690
3481.5000 9.7082300
3483.0000 9.6826677
3484.5000 9.6580362
3486.0000 9.6334486
3487.5000 9.6080885
3489.0000 9.5801802
3490.5000 9.5503798
3492.0000 9.5224667
3493.5000 9.4980860
3495.0000 9.4762335
3496.5000 9.4532871
3498.0000 9.4254084
3499.5000 9.3976088
3501.0000 9.3715639
3502.5000 9.3439817
3504.0000 9.3136120
3505.5000 9.2852669
3507.0000 9.2582579
3508.5000 9.2326298
3510.0000 9.2034168
3511.5000 9.1712284
3513.0000 9.1411896
3514.5000 9.1081610
3516.0000 9.0767059
3517.5000 9.0444384
3519.0000 9.0131006
3520.5000 8.9796953
3522.0000 8.9482756
3523.5000 8.9229460
3525.0000 8.8968515
3526.5000 8.8692131
3528.0000 8.8397131
3529.5000 8.8129301
3531.0000 8.7841415
3532.5000 8.7533979
3534.0000 8.7210665
3535.5000 8.6897316
3537.0000 8.6612692
3538.5000 8.6309872
3540.0000 8.6005077
3541.5000 8.5676918
3543.0000 8.5367956
3544.5000 8.5069714
3546.0000 8.4753466
3547.5000 8.4428558
3549.0000 8.4103680
3550.5000 8.3804197
3552.0000 8.3488817
3553.5000 8.3166533
3555.0000 8.2829161
3556.5000 8.2526941
3558.0000 8.2221317
3559.5000 8.1903181
3561.0000 8.1555119
3562.5000 8.1232710
3564.0000 8.0935698
3565.5000 8.0646172
3567.0000 8.0336151
3568.5000 7.9955549
3570.0000 7.9585061
3571.5000 7.9180822
3573.0000 7.8763499
3574.5000 7.8366542
3576.0000 7.7946754
3577.5000 7.7520299
3579.0000 7.7057719
3580.5000 7.6489205
3582.0000 7.5780373
3583.5000 7.4915562
3585.0000 7.3726702
3586.5000 7.2122073
3588.0000 7.1429939
3589.5000 7.1132302
3591.0000 7.0838675
3592.5000 7.0742021
3594.0000 7.0743833
3595.5000 7.0793743
3597.0000 7.0831466
3598.5000 7.0863271
3600.0000 7.0854826
3601.5000 7.0810642
3603.0000 7.0761924
3604.5000 7.0751023
3606.0000 7.0784359
3607.5000 7.0787783
3609.0000 7.0768170
3610.5000 7.0727530
3612.0000 7.0709395
3613.5000 7.0712285
3615.0000 7.0725150
3616.5000 7.0732255
3618.0000 7.0715418
3619.5000 7.0686531
3621.0000 7.0668459
3622.5000 7.0676937
3624.0000 7.0683846
3625.5000 7.0676785
3627.0000 7.0653858
3628.5000 7.0640268
3630.0000 7.0638556
3631.5000 7.0640969
3633.0000 7.0639014
3634.5000 7.0624938
3636.0000 7.0606151
3637.5000 7.0598149
3639.0000 7.0600986
3640.5000 7.0601115
3642.0000 7.0591140
3643.5000 7.0575871
3645.0000 7.0565152
3646.5000 7.0562019
3648.0000 7.0562291
3649.5000 7.0556045
3651.0000 7.0542727
3652.5000 7.0531368
3654.0000 7.0527377
3655.5000 7.0525641
3657.0000 7.0521398
3658.5000 7.0510178
3660.0000 7.0497990
3661.5000 7.0492043
3663.0000 7.0489254
3664.5000 7.0486131
3666.0000 7.0479169
3667.5000 7.0468554
3669.0000 7.0461931
3670.5000 7.0456829
3672.0000 7.0454001
3673.5000 7.0447149
3675.0000 7.0439200
3676.5000 7.0432940
3678.0000 7.0427065
3679.5000 7.0421534
3681.0000 7.0416546
3682.5000 7.0411196
3684.0000 7.0405927
3685.5000 7.0400953
3687.0000 7.0395384
3688.5000 7.0390129
3690.0000 7.0385494
3691.5000 7.0381069
3693.0000 7.0376024
3694.5000 7.0371084
3696.0000 7.0366564
3697.5000 7.0362024
3699.0000 7.0356917
3700.5000 7.0351834
3702.0000 7.0346861
3703.5000 7.0342522
3705.0000 7.0337629
3706.5000 7.0332718
3708.0000 7.0327964
3709.5000 7.0323186
3711.0000 7.0318489
3712.5000 7.0313497
3714.0000 7.0309238
3715.5000 7.0304646
3717.0000 7.0300241
3718.5000 7.0295539
3720.0000 7.0291214
3721.5000 7.0288463
3723.0000 7.0283861
3724.5000 7.0278025
3726.0000 7.0272717
3727.5000 7.0267467
3729.0000 7.0264163
3730.5000 7.0261536
3732.0000 7.0258808
3733.5000 7.0254803
3735.0000 7.0249825
3736.5000 7.0244713
3738.0000 7.0240145
3739.5000 7.0234785
3741.0000 7.0230169
3742.5000 7.0226970
3744.0000 7.0224056
3745.5000 7.0220709
3747.0000 7.0217171
3748.5000 7.0213051
3750.0000 7.0207973
3751.5000 7.0203042
3753.0000 7.0198956
3754.5000 7.0195746
3756.0000 7.0192780
3757.5000 7.0189443
3759.0000 7.0185428
3760.5000 7.0181289
3762.0000 7.0177298
3763.5000 7.0173445
3765.0000 7.0169683
3766.5000 7.0167003
3768.0000 7.0166559
3769.5000 7.0170107
3771.0000 7.0160060
3772.5000 7.0162144
3774.0000 7.0144525
3775.5000 7.0146718
3777.0000 7.0126095
3778.5000 7.0125284
3780.0000 7.0101662
3781.5000 7.0097604
3783.0000 7.0055671
3784.5000 7.0041623
3786.0000 7.0002246
3787.5000 6.9990344
3789.0000 6.9912314
3790.5000 6.9735584
3792.0000 6.9485884
3793.5000 6.9219980
3795.0000 6.9022870
3796.5000 6.8881660
3798.0000 6.8780727
3799.5000 6.8728185
3801.0000 6.8696351
3802.5000 6.8647661
3804.0000 6.8556228
3805.5000 6.8416352
3807.0000 6.8393064
3808.5000 6.8350945
3810.0000 6.8424244
3811.5000 6.8540754
3813.0000 6.8654332
3814.5000 6.8743854
3816.0000 6.8795857
3817.5000 6.8731093
3819.0000 6.8557243
3820.5000 6.8406749
3822.0000 6.8295460
3823.5000 6.8322968
3825.0000 6.8395305
3826.5000 6.8495727
3828.0000 6.8588581
3829.5000 6.8637905
3831.0000 6.8540802
3832.5000 6.8338876
3834.0000 6.8246255
3835.5000 6.8148923
3837.0000 6.8138685
3838.5000 6.8136506
3840.0000 6.8227873
3841.5000 6.8303704
3843.0000 6.8384380
3844.5000 6.8422236
3846.0000 6.8382721
3847.5000 6.8265839
3849.0000 6.8130746
3850.5000 6.8088498
3852.0000 6.8042126
3853.5000 6.8066077
3855.0000 6.8152099
3856.5000 6.8248067
3858.0000 6.8330846
3859.5000 6.8388162
3861.0000 6.8434916
3862.5000 6.8426332
3864.0000 6.8333440
3865.5000 6.8211074
3867.0000 6.8076959
3868.5000 6.8023353
3870.0000 6.8021879
3871.5000 6.8122478
3873.0000 6.8251019
3874.5000 6.8386006
3876.0000 6.8500443
3877.5000 6.8581529
3879.0000 6.8612595
3880.5000 6.8566771
3882.0000 6.8491621
3883.5000 6.8416409
3885.0000 6.8398581
3886.5000 6.8491626
3888.0000 6.8653445
3889.5000 6.8824511
3891.0000 6.8959384
3892.5000 6.9056668
3894.0000 6.9124241
3895.5000 6.9168773
3897.0000 6.9191890
3898.5000 6.9190998
3900.0000 6.9154949
3901.5000 6.9101324
3903.0000 6.9053044
3904.5000 6.9023147
3906.0000 6.9025064
3907.5000 6.9049335
3909.0000 6.9038463
3910.5000 6.8939557
3912.0000 6.8907971
3913.5000 6.9121919
3915.0000 6.9248471
3916.5000 6.9428988
3918.0000 6.9623265
3919.5000 6.9803634
3921.0000 6.9931912
3922.5000 7.0020876
3924.0000 7.0101967
3925.5000 7.0146222
3927.0000 7.0159869
3928.5000 7.0151968
3930.0000 7.0148368
3931.5000 7.0122070
3933.0000 7.0110831
3934.5000 7.0099511
3936.0000 7.0098939
3937.5000 7.0098395
3939.0000 7.0094919
3940.5000 7.0093365
3942.0000 7.0091653
3943.5000 7.0089498
3945.0000 7.0087800
3946.5000 7.0085878
3948.0000 7.0082932
3949.5000 7.0081348
3951.0000 7.0071435
3952.5000 7.0054746
3954.0000 7.0034494
3955.5000 7.0018749
3957.0000 7.0035543
3958.5000 7.0073705
3960.0000 7.0133924
3961.5000 7.0208898
3963.0000 7.0275807
3964.5000 7.0327663
3966.0000 7.0366898
3967.5000 7.0396919
3969.0000 7.0420413
3970.5000 7.0439730
3972.0000 7.0454922
3973.5000 7.0463367
3975.0000 7.0466456
3976.5000 7.0466456
3978.0000 7.0464759
3979.5000 7.0461984
3981.0000 7.0460091
3982.5000 7.0457306
3984.0000 7.0455565
3985.5000 7.0452147
3987.0000 7.0449042
3988.5000 7.0446687
3990.0000 7.0444140
3991.5000 7.0441875
3993.0000 7.0439663
3994.5000 7.0436950
3996.0000 7.0434074
3997.5000 7.0431976
3999.0000 7.0429831
4000.5000 7.0428338
4002.0000 7.0427456
4003.5000 7.0425448
4005.0000 7.0426712
4006.5000 7.0423717
4008.0000 7.0421686
4009.5000 7.0431218
4011.0000 7.0449986
4012.5000 7.0470123
4014.0000 7.0490332
4015.5000 7.0505652
4017.0000 7.0521984
4018.5000 7.0540648
4020.0000 7.0551763
4021.5000 7.0566664
4023.0000 7.0586333
4024.5000 7.0603027
4026.0000 7.0614386
4027.5000 7.0620637
4029.0000 7.0624566
4030.5000 7.0627050
4032.0000 7.0629659
4033.5000 7.0632648
4035.0000 7.0630732
4036.5000 7.0629802
4038.0000 7.0635791
4039.5000 7.0646067
4041.0000 7.0654879
4042.5000 7.0658259
4044.0000 7.0656996
4045.5000 7.0655241
4047.0000 7.0653262
4048.5000 7.0652051
4050.0000 7.0651040
4051.5000 7.0650525
4053.0000 7.0649734
4054.5000 7.0648761
4056.0000 7.0649867
4057.5000 7.0651860
4059.0000 7.0654583
4060.5000 7.0656128
4062.0000 7.0655398
4063.5000 7.0655341
4065.0000 7.0653543
4066.5000 7.0651526
4068.0000 7.0651641
4069.5000 7.0652032
4071.0000 7.0652232
4072.5000 7.0651779
4074.0000 7.0652337
4075.5000 7.0653682
4077.0000 7.0654469
4078.5000 7.0654058
4080.0000 7.0651565
4081.5000 7.0649276
4083.0000 7.0647402
4084.5000 7.0647302
4086.0000 7.0649099
4087.5000 7.0648026
4089.0000 7.0647006
4090.5000 7.0645413
4092.0000 7.0644040
4093.5000 7.0641537
4095.0000 7.0640163
4096.5000 7.0638795
4098.0000 7.0637207
4099.5000 7.0634961
4101.0000 7.0633755
4102.5000 7.0633869
4104.0000 7.0631461
4105.5000 7.0629635
4107.0000 7.0630937
4108.5000 7.0632229
4110.0000 7.0620565
4111.5000 7.0620155
4113.0000 7.0616188
4114.5000 7.0618382
4116.0000 7.0620704
4117.5000 7.0618863
4119.0000 7.0620461
4120.5000 7.0616546
4122.0000 7.0613217
4123.5000 7.0610743
4125.0000 7.0606456
4126.5000 7.0609336
4128.0000 7.0604758
4129.5000 7.0603743
4131.0000 7.0601883
4132.5000 7.0598812
4134.0000 7.0598960
4135.5000 7.0600247
4137.0000 7.0600104
4138.5000 7.0599861
4140.0000 7.0597382
4141.5000 7.0595255
4143.0000 7.0593810
4144.5000 7.0592799
4146.0000 7.0592937
4147.5000 7.0589881
4149.0000 7.0588565
4150.5000 7.0587234
4152.0000 7.0581989
4153.5000 7.0584521
4155.0000 7.0581932
4156.5000 7.0579848
4158.0000 7.0578284
4159.5000 7.0575705
4161.0000 7.0576048
4162.5000 7.0575695
4164.0000 7.0573993
4165.5000 7.0574737
4167.0000 7.0572686
4168.5000 7.0568199
4170.0000 7.0567617
4171.5000 7.0562415
4173.0000 7.0567141
4174.5000 7.0557070
4176.0000 7.0562096
4177.5000 7.0552049
4179.0000 7.0553603
4180.5000 7.0552588
4182.0000 7.0551243
4183.5000 7.0553370
4185.0000 7.0553980
4186.5000 7.0553584
4188.0000 7.0550013
4189.5000 7.0552893
4191.0000 7.0542631
4192.5000 7.0544276
4194.0000 7.0534377
4195.5000 7.0540266
4197.0000 7.0530443
4198.5000 7.0533533
4200.0000 7.0529509
4201.5000 7.0525708
4203.0000 7.0530872
4204.5000 7.0531049
4206.0000 7.0541286
4207.5000 7.0535321
4209.0000 7.0522928
4210.5000 7.0521903
4212.0000 7.0510879
4213.5000 7.0508828
4215.0000 7.0499887
4216.5000 7.0491896
4218.0000 7.0492826
4219.5000 7.0495749
4221.0000 7.0501299
4222.5000 7.0504060
4224.0000 7.0503516
4225.5000 7.0497046
4227.0000 7.0489202
4228.5000 7.0487843
4230.0000 7.0479774
4231.5000 7.0481238
4233.0000 7.0475740
4234.5000 7.0476274
4236.0000 7.0470791
4237.5000 7.0465670
4239.0000 7.0465026
4240.5000 7.0458932
4242.0000 7.0464005
4243.5000 7.0450988
4245.0000 7.0456676
4246.5000 7.0442934
4248.0000 7.0448999
4249.5000 7.0441051
4251.0000 7.0439281
4252.5000 7.0433693
4254.0000 7.0430751
4255.5000 7.0431709
4257.0000 7.0429335
4258.5000 7.0428476
4260.0000 7.0426817
4261.5000 7.0422759
4263.0000 7.0419025
4264.5000 7.0413332
4266.0000 7.0413437
4267.5000 7.0405288
4269.0000 7.0408893
4270.5000 7.0401216
4272.0000 7.0404263
4273.5000 7.0398345
4275.0000 7.0397792
4276.5000 7.0393519
4278.0000 7.0389290
4279.5000 7.0386243
4281.0000 7.0379896
4282.5000 7.0381737
4284.0000 7.0373244
4285.5000 7.0377321
4287.0000 7.0371823
4288.5000 7.0370317
4290.0000 7.0367231
4291.5000 7.0363321
4293.0000 7.0364895
4294.5000 7.0356903
4296.0000 7.0360336
4297.5000 7.0349646
4299.0000 7.0353756
4300.5000 7.0348048
4302.0000 7.0348921
4303.5000 7.0345049
4305.0000 7.0340161
4306.5000 7.0340767
4308.0000 7.0338740
4309.5000 7.0338106
4311.0000 7.0337548
4312.5000 7.0334702
4314.0000 7.0333681
4315.5000 7.0329537
4317.0000 7.0327148
4318.5000 7.0321355
4320.0000 7.0324664
4321.5000 7.0317240
4323.0000 7.0317564
4324.5000 7.0316825
4326.0000 7.0314798
4327.5000 7.0314779
4329.0000 7.0308127
4330.5000 7.0310173
4332.0000 7.0300498
4333.5000 7.0305858
4335.0000 7.0294142
4336.5000 7.0300078
4338.0000 7.0292473
4339.5000 7.0290914
4341.0000 7.0290909
4342.5000 7.0287542
4344.0000 7.0289383
4345.5000 7.0286016
4347.0000 7.0286059
4348.5000 7.0282712
4350.0000 7.0279932
4351.5000 7.0280070
4353.0000 7.0272713
4354.5000 7.0278158
4356.0000 7.0269742
4357.5000 7.0271502
4359.0000 7.0270982
4360.5000 7.0267839
4362.0000 7.0269599
4363.5000 7.0262427
4365.0000 7.0265522
4366.5000 7.0255017
4368.0000 7.0260711
4369.5000 7.0254335
4371.0000 7.0256724
4372.5000 7.0251985
4374.0000 7.0248656
4375.5000 7.0252151
4377.0000 7.0245833
4378.5000 7.0250297
4380.0000 7.0243154
4381.5000 7.0245671
4383.0000 7.0239887
4384.5000 7.0239472
4386.0000 7.0236440
4387.5000 7.0232606
4389.0000 7.0235167
4390.5000 7.0228829
4392.0000 7.0232382
4393.5000 7.0229263
4395.0000 7.0229073
4396.5000 7.0227442
4398.0000 7.0223770
4399.5000 7.0222273
4401.0000 7.0215349
4402.5000 7.0218201
4404.0000 7.0208502
4405.5000 7.0216780
4407.0000 7.0208378
4408.5000 7.0209022
4410.0000 7.0210881
4411.5000 7.0205908
4413.0000 7.0209484
4414.5000 7.0201454
4416.0000 7.0205140
4417.5000 7.0194664
4419.0000 7.0200009
4420.5000 7.0193892
4422.0000 7.0195742
4423.5000 7.0188718
4425.0000 7.0186992
4426.5000 7.0190697
4428.0000 7.0183592
4429.5000 7.0189509
4431.0000 7.0183945
4432.5000 7.0184703
4434.0000 7.0179400
4435.5000 7.0176005
4437.0000 7.0175157
4438.5000 7.0167589
4440.0000 7.0173845
4441.5000 7.0165749
4443.0000 7.0168381
4444.5000 7.0168929
4446.0000 7.0165229
4447.5000 7.0168071
4449.0000 7.0159817
4450.5000 7.0163889
4452.0000 7.0154161
4453.5000 7.0158825
4455.0000 7.0152702
4456.5000 7.0153623
4458.0000 7.0150557
4459.5000 7.0146394
4461.0000 7.0150938
4462.5000 7.0145235
4464.0000 7.0148344
4465.5000 7.0143900
4467.0000 7.0144129
4468.5000 7.0138874
4470.0000 7.0136356
4471.5000 7.0134616
4473.0000 7.0128536
4474.5000 7.0132871
4476.0000 7.0126429
4477.5000 7.0131011
4479.0000 7.0125561
4480.5000 7.0124254
4482.0000 7.0126753
4483.5000 7.0119042
4485.0000 7.0124712
4486.5000 7.0112476
4488.0000 7.0119853
4489.5000 7.0110450
4491.0000 7.0114322
4492.5000 7.0108976
4494.0000 7.0108314
4495.5000 7.0107746
4497.0000 7.0101752
4498.5000 7.0107808
4500.0000 7.0101585
4501.5000 7.0104637
4503.0000 7.0100269
4504.5000 7.0099182
4506.0000 7.0095630
4507.5000 7.0091534
4509.0000 7.0091810
4510.5000 7.0084391
4512.0000 7.0089703
4513.5000 7.0083885
4515.0000 7.0086799
4516.5000 7.0083022
4518.0000 7.0081005
4519.5000 7.0081325
4521.0000 7.0073824
4522.5000 7.0078783
4524.0000 7.0069118
4525.5000 7.0076113
4527.0000 7.0069489
4528.5000 7.0069938
4530.0000 7.0070510
4531.5000 7.0064325
4533.0000 7.0070043
4534.5000 7.0059643
4536.0000 7.0066814
4537.5000 7.0058947
4539.0000 7.0061226
4540.5000 7.0055761
4542.0000 7.0054321
4543.5000 7.0054617
4545.0000 7.0048118
4546.5000 7.0053968
4548.0000 7.0049291
4549.5000 7.0050693
4551.0000 7.0048456
4552.5000 7.0046372
4554.0000 7.0045605
4555.5000 7.0040188
4557.0000 7.0041595
4558.5000 7.0033302
4560.0000 7.0039697
4561.5000 7.0032363
4563.0000 7.0035181
4564.5000 7.0032487
4566.0000 7.0029988
4567.5000 7.0031075
4569.0000 7.0023847
4570.5000 7.0028901
4572.0000 7.0017948
4573.5000 7.0025392
4575.0000 7.0016522
4576.5000 7.0020652
4578.0000 7.0017414
4579.5000 7.0014400
4581.0000 7.0013299
4582.5000 7.0007944
4584.0000 7.0012956
4585.5000 7.0002041
4587.0000 7.0012517
4588.5000 6.9997807
4590.0000 7.0007086
4591.5000 6.9997211
4593.0000 6.9997759
4594.5000 7.0000386
4596.0000 6.9999890
4597.5000 6.9994731
4599.0000 6.9988408
4600.5000 6.9982667
4602.0000 6.9976521
4603.5000 6.9969716
4605.0000 6.9966421
4606.5000 6.9966345
4608.0000 6.9966612
4609.5000 6.9968991
4611.0000 6.9966826
4612.5000 6.9967184
4614.0000 6.9966178
4615.5000 6.9963002
4617.0000 6.9962802
4618.5000 6.9960446
4620.0000 6.9957051
4621.5000 6.9954233
4623.0000 6.9949913
4624.5000 6.9951057
4626.0000 6.9941254
4627.5000 6.9950929
4629.0000 6.9936156
4630.5000 6.9940424
4632.0000 6.9932280
4633.5000 6.9931965
4635.0000 6.9931822
4636.5000 6.9929276
4638.0000 6.9930148
4639.5000 6.9935002
4641.0000 6.9926891
4642.5000 6.9922180
4644.0000 6.9912510
4645.5000 6.9913716
4647.0000 6.9911265
4648.5000 6.9913707
4650.0000 6.9910917
4651.5000 6.9901514
4653.0000 6.9896321
4654.5000 6.9893007
4656.0000 6.9891696
4657.5000 6.9890614
4659.0000 6.9890099
4660.5000 6.9889088
4662.0000 6.9888120
4663.5000 6.9886551
4665.0000 6.9885693
4666.5000 6.9883966
4668.0000 6.9882545
4669.5000 6.9882226
4671.0000 6.9880829
4672.5000 6.9880047
4674.0000 6.9878578
4675.5000 6.9876871
4677.0000 6.9874673
4678.5000 6.9873295
4680.0000 6.9871230
4681.5000 6.9869771
4683.0000 6.9868398
4684.5000 6.9866657
4686.0000 6.9865704
4687.5000 6.9864597
4689.0000 6.9863558
4690.5000 6.9862537
4692.0000 6.9861116
4693.5000 6.9859724
4695.0000 6.9857984
4696.5000 6.9856157
4698.0000 6.9854989
4699.5000 6.9853673
4701.0000 6.9851069
4702.5000 6.9847288
4704.0000 6.9851527
4705.5000 6.9844079
4707.0000 6.9850087
4708.5000 6.9843183
4710.0000 6.9844222
4711.5000 6.9839458
4713.0000 6.9836435
4714.5000 6.9836459
4716.0000 6.9829507
4717.5000 6.9836082
4719.0000 6.9829221
4720.5000 6.9831209
4722.0000 6.9831548
4723.5000 6.9827375
4725.0000 6.9831228
4726.5000 6.9822521
4728.0000 6.9827633
4729.5000 6.9819145
4731.0000 6.9822626
4732.5000 6.9817300
4734.0000 6.9817371
4735.5000 6.9815526
4737.0000 6.9810557
4738.5000 6.9815769
4740.0000 6.9811316
4741.5000 6.9812975
4743.0000 6.9810500
4744.5000 6.9808526
4746.0000 6.9806747
4747.5000 6.9801269
4749.0000 6.9804525
4750.5000 6.9794068
4752.0000 6.9802694
4753.5000 6.9789658
4755.0000 6.9796896
4756.5000 6.9789143
4758.0000 6.9787259
4759.5000 6.9786558
4761.0000 6.9777317
4762.5000 6.9783072
4764.0000 6.9768968
4765.5000 6.9775219
4767.0000 6.9760790
4768.5000 6.9770999
4770.0000 6.9754329
4771.5000 6.9757323
4773.0000 6.9746647
4774.5000 6.9744692
4776.0000 6.9744592
4777.5000 6.9737692
4779.0000 6.9740224
4780.5000 6.9719024
4782.0000 6.9716706
4783.5000 6.9703660
4785.0000 6.9704099
4786.5000 6.9701815
4788.0000 6.9697962
4789.5000 6.9696307
4791.0000 6.9694538
4792.5000 6.9694748
4794.0000 6.9691563
4795.5000 6.9691114
4797.0000 6.9678555
4798.5000 6.9673142
4800.0000 6.9672289
4801.5000 6.9667468
4803.0000 6.9661570
4804.5000 6.9655828
4806.0000 6.9656215
4807.5000 6.9649692
4809.0000 6.9646330
4810.5000 6.9641876
4812.0000 6.9639153
4813.5000 6.9631667
4815.0000 6.9626346
4816.5000 6.9620762
4818.0000 6.9615912
4819.5000 6.9613357
4821.0000 6.9607053
4822.5000 6.9606075
4824.0000 6.9602556
4825.5000 6.9601088
4827.0000 6.9599771
4828.5000 6.9595637
4830.0000 6.9595637
4831.5000 6.9584713
4833.0000 6.9582138
4834.5000 6.9571004
4836.0000 6.9567456
4837.5000 6.9562349
4839.0000 6.9565358
4840.5000 6.9560423
4842.0000 6.9558563
4843.5000 6.9551530
4845.0000 6.9548101
4846.5000 6.9547153
4848.0000 6.9542899
4849.5000 6.9546208
4851.0000 6.9527736
4852.5000 6.9524593
4854.0000 6.9514265
4855.5000 6.9517956
4857.0000 6.9515471
4858.5000 6.9514604
4860.0000 6.9511600
4861.5000 6.9508076
4863.0000 6.9509273
4864.5000 6.9508619
4866.0000 6.9502850
4867.5000 6.9495959
4869.0000 6.9486513
4870.5000 6.9477720
4872.0000 6.9469848
4873.5000 6.9470382
4875.0000 6.9470077
4876.5000 6.9474330
4878.0000 6.9472609
4879.5000 6.9466267
4881.0000 6.9461174
4882.5000 6.9459391
4884.0000 6.9459872
4885.5000 6.9458671
4887.0000 6.9455457
4888.5000 6.9451890
4890.0000 6.9447689
4891.5000 6.9445839
4893.0000 6.9440117
4894.5000 6.9442601
4896.0000 6.9431567
4897.5000 6.9426937
4899.0000 6.9424005
4900.5000 6.9426632
4902.0000 6.9427896
4903.5000 6.9428535
4905.0000 6.9426913
4906.5000 6.9425678
4908.0000 6.9423862
4909.5000 6.9424300
4911.0000 6.9424291
4912.5000 6.9422884
4914.0000 6.9416599
4915.5000 6.9415035
4917.0000 6.9408278
4918.5000 6.9407806
4920.0000 6.9403353
4921.5000 6.9403129
4923.0000 6.9407172
4924.5000 6.9406052
4926.0000 6.9400024
4927.5000 6.9407110
4929.0000 6.9394808
4930.5000 6.9389734
4932.0000 6.9384813
4933.5000 6.9385629
4935.0000 6.9382935
4936.5000 6.9382610
4938.0000 6.9383574
4939.5000 6.9382133
4941.0000 6.9382281
4942.5000 6.9380317
4944.0000 6.9380546
4945.5000 6.9379573
4947.0000 6.9378595
4948.5000 6.9377084
4950.0000 6.9374881
4951.5000 6.9375925
4953.0000 6.9374776
4954.5000 6.9365253
4956.0000 6.9369216
4957.5000 6.9361844
4959.0000 6.9366245
4960.5000 6.9365244
4962.0000 6.9361553
4963.5000 6.9363070
4965.0000 6.9357243
4966.5000 6.9361205
4968.0000 6.9356279
4969.5000 6.9358835
4971.0000 6.9359112
4972.5000 6.9358330
4974.0000 6.9354696
4975.5000 6.9350548
4977.0000 6.9347386
4978.5000 6.9348054
4980.0000 6.9347110
4981.5000 6.9347820
4983.0000 6.9349680
4984.5000 6.9352837
4986.0000 6.9342060
4987.5000 6.9344397
4989.0000 6.9335876
4990.5000 6.9334602
4992.0000 6.9332819
4993.5000 6.9330387
4995.0000 6.9332561
4996.5000 6.9331603
4998.0000 6.9333992
4999.5000 6.9337630
5001.0000 6.9327908
5002.5000 6.9336658
5004.0000 6.9321270
5005.5000 6.9327145
5007.0000 6.9311485
5008.5000 6.9319172
5010.0000 6.9310737
5011.5000 6.9311986
5013.0000 6.9309573
5014.5000 6.9307642
5016.0000 6.9310117
5017.5000 6.9309216
5019.0000 6.9309692
5020.5000 6.9306908
5022.0000 6.9304252
5023.5000 6.9297590
5025.0000 6.9294963
5026.5000 6.9289865
5028.0000 6.9285998
5029.5000 6.9285402
5031.0000 6.9282136
5032.5000 6.9282961
5034.0000 6.9282193
5035.5000 6.9281716
5037.0000 6.9275818
5038.5000 6.9277606
5040.0000 6.9265318
5041.5000 6.9266381
5043.0000 6.9259977
5044.5000 6.9258032
5046.0000 6.9253812
5047.5000 6.9250216
5049.0000 6.9250998
5050.5000 6.9249854
5052.0000 6.9250450
5053.5000 6.9246078
5055.0000 6.9244862
5056.5000 6.9235916
5058.0000 6.9235368
5059.5000 6.9226871
5061.0000 6.9225225
5062.5000 6.9219890
5064.0000 6.9214468
5065.5000 6.9213510
5067.0000 6.9210405
5068.5000 6.9210601
5070.0000 6.9209495
5071.5000 6.9207921
5073.0000 6.9206977
5074.5000 6.9203377
5076.0000 6.9198990
5077.5000 6.9195857
5079.0000 6.9195752
5080.5000 6.9193101
5082.0000 6.9191904
5083.5000 6.9190235
5085.0000 6.9188080
5086.5000 6.9181681
5088.0000 6.9186282
5089.5000 6.9170985
5091.0000 6.9181228
5092.5000 6.9162426
5094.0000 6.9166250
5095.5000 6.9152288
5097.0000 6.9152155
5098.5000 6.9150243
5100.0000 6.9149899
5101.5000 6.9151015
5103.0000 6.9150624
5104.5000 6.9151287
5106.0000 6.9150476
5107.5000 6.9147120
5109.0000 6.9139142
5110.5000 6.9132919
5112.0000 6.9129701
5113.5000 6.9129348
5115.0000 6.9130592
5116.5000 6.9126067
5118.0000 6.9124441
5119.5000 6.9111972
5121.0000 6.9113226
5122.5000 6.9100866
5124.0000 6.9100165
5125.5000 6.9101419
5127.0000 6.9100289
5128.5000 6.9105377
5130.0000 6.9093871
5131.5000 6.9085288
5133.0000 6.9077082
5134.5000 6.9078145
5136.0000 6.9078131
5137.5000 6.9078555
5139.0000 6.9080186
5140.5000 6.9076252
5142.0000 6.9067516
5143.5000 6.9060388
5145.0000 6.9057660
5146.5000 6.9056826
5148.0000 6.9057541
5149.5000 6.9051499
5151.0000 6.9048357
5152.5000 6.9037585
5154.0000 6.9035454
5155.5000 6.9036222
5157.0000 6.9038849
5158.5000 6.9040575
5160.0000 6.9037395
5161.5000 6.9024692
5163.0000 6.9019504
5164.5000 6.9012184
5166.0000 6.9012275
5167.5000 6.9013762
5169.0000 6.9015465
5170.5000 6.9013481
5172.0000 6.9008102
5173.5000 6.8997951
5175.0000 6.8991661
5176.5000 6.8991308
5178.0000 6.8989921
5179.5000 6.8990941
5181.0000 6.8988853
5182.5000 6.8987579
5184.0000 6.8979635
5185.5000 6.8974977
5187.0000 6.8973398
5188.5000 6.8972726
5190.0000 6.8973765
5191.5000 6.8967662
5193.0000 6.8967237
5194.5000 6.8960996
5196.0000 6.8958607
5197.5000 6.8956003
5199.0000 6.8952975
5200.5000 6.8952074
5202.0000 6.8949156
5203.5000 6.8947592
5205.0000 6.8946571
5206.5000 6.8945732
5208.0000 6.8945050
5209.5000 6.8944616
5211.0000 6.8943262
5212.5000 6.8942375
5214.0000 6.8940721
5215.5000 6.8938127
5217.0000 6.8935781
5218.5000 6.8933420
5220.0000 6.8931632
5221.5000 6.8929000
5223.0000 6.8927188
5224.5000 6.8928046
5226.0000 6.8926892
5227.5000 6.8927622
5229.0000 6.8927536
5230.5000 6.8925543
5232.0000 6.8925815
5233.5000 6.8920665
5235.0000 6.8918471
5236.5000 6.8914123
5238.0000 6.8917174
5239.5000 6.8911414
5241.0000 6.8912873
5242.5000 6.8913178
5244.0000 6.8911304
5245.5000 6.8912654
5247.0000 6.8906603
5248.5000 6.8907733
5250.0000 6.8899417
5251.5000 6.8899426
5253.0000 6.8897948
5254.5000 6.8897567
5256.0000 6.8897743
5257.5000 6.8897142
5259.0000 6.8897157
5260.5000 6.8897200
5262.0000 6.8897271
5263.5000 6.8897624
5265.0000 6.8897552
5266.5000 6.8897009
5268.0000 6.8896508
5269.5000 6.8895125
5271.0000 6.8893490
5272.5000 6.8891592
5274.0000 6.8891106
5275.5000 6.8888812
5277.0000 6.8889699
5278.5000 6.8888459
5280.0000 6.8888865
5281.5000 6.8889461
5283.0000 6.8887401
5284.5000 6.8889952
5286.0000 6.8884687
5287.5000 6.8886275
5289.0000 6.8879175
5290.5000 6.8882909
5292.0000 6.8878412
5293.5000 6.8880224
5295.0000 6.8879809
5296.5000 6.8879180
5298.0000 6.8880925
5299.5000 6.8880024
5301.0000 6.8881612
5302.5000 6.8878098
5304.0000 6.8879886
5305.5000 6.8875556
5307.0000 6.8876491
5308.5000 6.8873744
5310.0000 6.8871465
5311.5000 6.8871922
5313.0000 6.8865271
5314.5000 6.8871913
5316.0000 6.8864717
5317.5000 6.8871260
5319.0000 6.8867784
5320.5000 6.8867402
5322.0000 6.8867674
5323.5000 6.8861017
5325.0000 6.8865714
5326.5000 6.8858714
5328.0000 6.8863378
5329.5000 6.8860164
5331.0000 6.8860583
5332.5000 6.8863320
5334.0000 6.8856812
5335.5000 6.8865423
5337.0000 6.8854957
5338.5000 6.8863001
5340.0000 6.8855433
5341.5000 6.8857975
5343.0000 6.8854113
5344.5000 6.8851714
5346.0000 6.8855100
5347.5000 6.8851676
5349.0000 6.8855152
5350.5000 6.8853559
5352.0000 6.8852248
5353.5000 6.8855281
5355.0000 6.8848624
5356.5000 6.8853221
5358.0000 6.8842878
5359.5000 6.8850894
5361.0000 6.8840394
5362.5000 6.8847475
5364.0000 6.8843155
5365.5000 6.8843765
5367.0000 6.8845592
5368.5000 6.8842454
5370.0000 6.8846908
5371.5000 6.8843169
5373.0000 6.8845878
5374.5000 6.8842454
5376.0000 6.8841939
5377.5000 6.8840466
5379.0000 6.8836632
5380.5000 6.8840880
5382.0000 6.8834271
5383.5000 6.8841438
5385.0000 6.8836832
5386.5000 6.8838472
5388.0000 6.8838291
5389.5000 6.8835049
5391.0000 6.8838763
5392.5000 6.8829646
5394.0000 6.8836684
5395.5000 6.8826280
5397.0000 6.8833628
5398.5000 6.8828216
5400.0000 6.8829842
5401.5000 6.8832135
5403.0000 6.8827615
5404.5000 6.8835411
5406.0000 6.8824601
5407.5000 6.8836079
5409.0000 6.8826938
5410.5000 6.8822703
5412.0000 6.8824720
5413.5000 6.8822250
5415.0000 6.8824968
5416.5000 6.8823981
5418.0000 6.8825078
5419.5000 6.8824778
5421.0000 6.8821769
5422.5000 6.8824334
5424.0000 6.8828940
5425.5000 6.8828888
5427.0000 6.8830214
5428.5000 6.8827209
5430.0000 6.8824482
5431.5000 6.8817830
5433.0000 6.8821368
5434.5000 6.8828540
5436.0000 6.8830309
5437.5000 6.8829532
5439.0000 6.8832774
5440.5000 6.8825388
5442.0000 6.8826637
5443.5000 6.8823266
5445.0000 6.8827477
5446.5000 6.8828425
5448.0000 6.8826470
5449.5000 6.8827796
5451.0000 6.8821583
5452.5000 6.8820448
5454.0000 6.8817391
5455.5000 6.8821197
5457.0000 6.8828301
5458.5000 6.8819666
5460.0000 6.8825140
5461.5000 6.8813195
5463.0000 6.8816595
5464.5000 6.8813848
5466.0000 6.8820019
5467.5000 6.8814769
5469.0000 6.8818316
5470.5000 6.8806682
5472.0000 6.8809700
5473.5000 6.8813181
5475.0000 6.8809528
5476.5000 6.8809500
5478.0000 6.8812823
5479.5000 6.8817153
5481.0000 6.8823295
5482.5000 6.8821611
5484.0000 6.8818674
5485.5000 6.8815231
5487.0000 6.8809767
5488.5000 6.8807540
5490.0000 6.8809361
5491.5000 6.8802371
5493.0000 6.8810368
5494.5000 6.8799472
5496.0000 6.8807878
5497.5000 6.8800082
5499.0000 6.8803506
5500.5000 6.8799939
5502.0000 6.8797646
5503.5000 6.8799901
5505.0000 6.8795996
5506.5000 6.8799582
5508.0000 6.8799386
5509.5000 6.8798823
5511.0000 6.8801355
5512.5000 6.8799090
5514.0000 6.8796868
5515.5000 6.8793015
5517.0000 6.8793273
5518.5000 6.8787174
5520.0000 6.8792582
5521.5000 6.8786507
5523.0000 6.8790021
5524.5000 6.8788466
5526.0000 6.8786879
5527.5000 6.8789177
5529.0000 6.8782158
5530.5000 6.8787866
5532.0000 6.8777452
5533.5000 6.8785815
5535.0000 6.8779531
5536.5000 6.8781877
5538.0000 6.8779607
5539.5000 6.8777394
5541.0000 6.8781734
5542.5000 6.8774891
5544.0000 6.8781700
5545.5000 6.8774343
5547.0000 6.8777537
5548.5000 6.8764901
5550.0000 6.8768039
5551.5000 6.8757315
5553.0000 6.8758512
5554.5000 6.8757267
5556.0000 6.8755856
5557.5000 6.8757181
5559.0000 6.8757997
5560.5000 6.8759861
5562.0000 6.8760667
5563.5000 6.8761277
5565.0000 6.8761010
5566.5000 6.8760805
5568.0000 6.8757854
5569.5000 6.8757830
5571.0000 6.8754935
5572.5000 6.8754506
5574.0000 6.8751826
5575.5000 6.8752899
5577.0000 6.8753548
5578.5000 6.8753843
5580.0000 6.8754129
5581.5000 6.8753839
5583.0000 6.8746762
5584.5000 6.8745437
5586.0000 6.8741779
5587.5000 6.8740058
5589.0000 6.8741946
5590.5000 6.8735542
5592.0000 6.8738885
5593.5000 6.8735785
5595.0000 6.8739820
5596.5000 6.8734198
5598.0000 6.8732629
5599.5000 6.8725133
5601.0000 6.8724680
5602.5000 6.8726029
5604.0000 6.8728404
5605.5000 6.8730426
5607.0000 6.8729520
5608.5000 6.8725052
5610.0000 6.8726406
5611.5000 6.8726349
5613.0000 6.8726134
5614.5000 6.8727932
5616.0000 6.8728371
5617.5000 6.8728843
5619.0000 6.8728361
5620.5000 6.8729835
5622.0000 6.8729558
5623.5000 6.8725657
5625.0000 6.8723865
5626.5000 6.8724108
5628.0000 6.8717089
5629.5000 6.8722367
5631.0000 6.8716841
5632.5000 6.8720522
5634.0000 6.8719401
5635.5000 6.8712292
5637.0000 6.8722959
5638.5000 6.8714886
5640.0000 6.8717980
5641.5000 6.8716364
5643.0000 6.8707905
5644.5000 6.8715429
5646.0000 6.8712158
5647.5000 6.8711824
5649.0000 6.8715482
5650.5000 6.8702874
5652.0000 6.8709240
5653.5000 6.8700223
5655.0000 6.8703270
5656.5000 6.8699188
5658.0000 6.8697252
5659.5000 6.8701048
5661.0000 6.8699212
5662.5000 6.8699126
5664.0000 6.8700943
5665.5000 6.8698044
5667.0000 6.8698487
5668.5000 6.8697081
5670.0000 6.8693447
5671.5000 6.8693733
5673.0000 6.8684158
5674.5000 6.8692007
5676.0000 6.8683467
5677.5000 6.8687239
5679.0000 6.8683314
5680.5000 6.8677278
5682.0000 6.8684478
5683.5000 6.8677197
5685.0000 6.8668680
5686.5000 6.8661995
5688.0000 6.8660045
5689.5000 6.8662086
5691.0000 6.8662348
5692.5000 6.8663473
5694.0000 6.8666162
5695.5000 6.8667345
5697.0000 6.8666406
5698.5000 6.8666472
5700.0000 6.8665886
5701.5000 6.8664274
5703.0000 6.8662391
5704.5000 6.8659043
5706.0000 6.8662314
5707.5000 6.8654470
5709.0000 6.8655758
5710.5000 6.8654275
5712.0000 6.8651452
5713.5000 6.8651361
5715.0000 6.8647733
5716.5000 6.8652306
5718.0000 6.8651519
5719.5000 6.8646536
5721.0000 6.8656945
5722.5000 6.8636446
5724.0000 6.8637967
5725.5000 6.8626761
5727.0000 6.8627172
5728.5000 6.8627334
5730.0000 6.8627176
5731.5000 6.8630924
5733.0000 6.8634186
5734.5000 6.8635397
5736.0000 6.8636966
5737.5000 6.8635592
5739.0000 6.8637433
5740.5000 6.8630471
5742.0000 6.8632565
5743.5000 6.8627005
5745.0000 6.8630624
5746.5000 6.8624234
5748.0000 6.8620896
5749.5000 6.8627691
5751.0000 6.8619289
5752.5000 6.8620524
5754.0000 6.8625326
5755.5000 6.8618207
5757.0000 6.8619704
5758.5000 6.8612871
5760.0000 6.8616443
5761.5000 6.8616095
5763.0000 6.8612294
5764.5000 6.8611960
5766.0000 6.8612847
5767.5000 6.8612690
5769.0000 6.8612757
5770.5000 6.8611135
5772.0000 6.8611908
5773.5000 6.8612266
5775.0000 6.8609319
5776.5000 6.8607707
5778.0000 6.8606281
5779.5000 6.8609724
5781.0000 6.8603101
5782.5000 6.8604698
5784.0000 6.8604693
5785.5000 6.8599553
5787.0000 6.8602567
5788.5000 6.8599544
5790.0000 6.8602076
5791.5000 6.8599210
5793.0000 6.8594689
5794.5000 6.8599706
5796.0000 6.8592515
5797.5000 6.8597794
5799.0000 6.8591318
5800.5000 6.8593550
5802.0000 6.8598571
5803.5000 6.8592072
5805.0000 6.8591747
5806.5000 6.8592277
5808.0000 6.8595505
5809.5000 6.8581638
5811.0000 6.8583193
5812.5000 6.8574500
5814.0000 6.8574886
5815.5000 6.8564491
5817.0000 6.8564649
5818.5000 6.8573952
5820.0000 6.8571310
5821.5000 6.8570328
5823.0000 6.8571243
5824.5000 6.8564935
5826.0000 6.8558517
5827.5000 6.8546219
5829.0000 6.8549538
5830.5000 6.8553729
5832.0000 6.8555322
5833.5000 6.8555131
5835.0000 6.8563113
5836.5000 6.8563285
5838.0000 6.8559699
5839.5000 6.8549366
5841.0000 6.8544717
5842.5000 6.8529401
5844.0000 6.8505988
5845.5000 6.8492899
5847.0000 6.8490410
5848.5000 6.8491306
5850.0000 6.8494139
5851.5000 6.8500919
5853.0000 6.8504558
5854.5000 6.8503461
5856.0000 6.8505297
5857.5000 6.8510246
5859.0000 6.8514924
5860.5000 6.8514700
5862.0000 6.8515167
5863.5000 6.8520746
5865.0000 6.8509560
5866.5000 6.8505015
5868.0000 6.8500285
5869.5000 6.8500090
5871.0000 6.8497334
5872.5000 6.8501205
5874.0000 6.8505154
5875.5000 6.8483377
5877.0000 6.8455844
5878.5000 6.8414202
5880.0000 6.8362613
5881.5000 6.8370309
5883.0000 6.8361988
5884.5000 6.8389969
5886.0000 6.8398247
5887.5000 6.8400803
5889.0000 6.8418369
5890.5000 6.8392920
5892.0000 6.8363791
5893.5000 6.8331523
5895.0000 6.8221593
5896.5000 6.8109150
5898.0000 6.8041763
5899.5000 6.8092132
5901.0000 6.8171482
5902.5000 6.8247471
5904.0000 6.8277411
5905.5000 6.8311944
5907.0000 6.8327641
5908.5000 6.8277903
5910.0000 6.8154702
5911.5000 6.8092189
5913.0000 6.8104320
5914.5000 6.8143349
5916.0000 6.8196692
5917.5000 6.8222094
5919.0000 6.8261595
5920.5000 6.8260651
5922.0000 6.8264661
5923.5000 6.8225493
5925.0000 6.8215685
5926.5000 6.8203874
5928.0000 6.8195362
5929.5000 6.8203740
5931.0000 6.8202052
5932.5000 6.8214836
5934.0000 6.8214917
5935.5000 6.8224044
5937.0000 6.8210735
5938.5000 6.8202190
5940.0000 6.8191113
5941.5000 6.8172684
5943.0000 6.8167815
5944.5000 6.8176956
5946.0000 6.8178439
5947.5000 6.8129091
5949.0000 6.8087955
5950.5000 6.8091483
5952.0000 6.8102026
5953.5000 6.8140125
5955.0000 6.8148780
5956.5000 6.8180985
5958.0000 6.8171754
5959.5000 6.8178711
5961.0000 6.8168831
5962.5000 6.8170276
5964.0000 6.8176050
5965.5000 6.8180366
5967.0000 6.8184023
5968.5000 6.8182397
5970.0000 6.8176203
5971.5000 6.8180981
5973.0000 6.8173943
5974.5000 6.8173165
5976.0000 6.8175321
5977.5000 6.8159513
5979.0000 6.8160987
5980.5000 6.8152795
5982.0000 6.8147359
5983.5000 6.8152719
5985.0000 6.8147807
5986.5000 6.8145814
5988.0000 6.8140798
5989.5000 6.8144445
5991.0000 6.8149705
5992.5000 6.8152142
5994.0000 6.8153672
5995.5000 6.8151841
5997.0000 6.8139544
5998.5000 6.8147125
6000.0000 6.8142786