0.0000000 601.66443
0.10000000 601.38483
0.20000000 601.06696
0.30000001 600.70282
0.40000001 600.28265
0.50000000 599.81812
0.60000002 599.32739
0.69999999 598.83368
0.80000001 598.36072
0.89999998 597.92957
1.0000000 597.55835
1.1000000 597.26117
1.2000000 597.04779
1.3000000 596.96191
1.4000000 596.99805
1.5000000 597.10907
1.6000000 597.23444
1.7000000 597.32251
1.8000000 597.33838
1.9000000 597.26459
2.0000000 597.10138
2.0999999 596.86469
2.2000000 596.58246
2.3000000 596.28967
2.4000001 596.02344
2.5000000 595.81989
2.5999999 595.70251
2.7000000 595.67456
2.8000000 595.72150
2.9000001 595.81909
3.0000000 595.93896
3.0999999 596.05328
3.2000000 596.13922
3.3000000 596.18152
3.4000001 596.17432
3.5000000 596.12158
3.5999999 596.03296
3.7000000 595.92145
3.8000000 595.80188
3.9000001 595.68811
4.0000000 595.59052
4.0999999 595.51483
4.1999998 595.46198
4.3000002 595.42871
4.4000001 595.40918
4.5000000 595.39648
4.5999999 595.38422
4.6999998 595.36694
4.8000002 595.34094
4.9000001 595.30408
5.0000000 595.25592
6.5000000 594.30444
8.0000000 593.09613
9.5000000 591.74384
11.000000 590.39233
12.500000 589.12268
14.000000 587.87726
15.500000 586.71405
17.000000 585.50073
18.500000 584.31915
20.000000 583.12811
21.500000 581.96783
23.000000 580.75665
24.500000 579.42651
26.000000 578.01093
27.500000 576.37256
29.000000 574.62061
30.500000 572.75458
32.000000 570.63989
33.500000 568.59937
35.000000 566.68866
36.500000 565.03351
38.000000 563.34216
39.500000 561.89050
41.000000 561.40039
42.500000 558.92712
44.000000 558.00629
45.500000 556.72662
47.000000 555.42731
48.500000 554.32648
50.000000 553.51868
51.500000 552.28473
53.000000 551.20483
54.500000 550.25397
56.000000 549.85321
57.500000 548.90033
59.000000 547.95929
60.500000 547.07892
62.000000 546.58453
63.500000 546.07074
65.000000 544.56714
66.500000 544.15649
68.000000 543.45593
69.500000 542.77649
71.000000 542.66156
72.500000 541.82990
74.000000 541.50433
75.500000 541.16772
77.000000 540.77112
78.500000 540.10480
80.000000 539.51147
81.500000 538.98126
83.000000 538.28619
84.500000 537.54016
86.000000 536.99719
87.500000 536.66461
89.000000 536.40381
90.500000 536.14917
92.000000 535.91779
93.500000 535.78052
95.000000 535.52307
96.500000 535.33392
98.000000 535.15430
99.500000 535.02118
101.00000 534.85791
102.50000 534.71625
104.00000 534.59918
105.50000 534.47028
107.00000 534.34558
108.50000 534.23792
110.00000 534.19598
111.50000 534.18970
113.00000 534.18750
114.50000 534.27856
116.00000 534.30841
117.50000 534.25702
119.00000 534.30267
120.50000 534.38757
122.00000 534.37061
123.50000 534.44635
125.00000 534.43860
126.50000 534.45319
128.00000 534.43250
129.50000 534.49078
131.00000 534.45508
132.50000 534.49707
134.00000 534.48132
135.50000 534.55188
137.00000 534.58704
138.50000 534.67523
140.00000 534.73950
141.50000 534.85950
143.00000 534.97498
144.50000 535.13611
146.00000 535.28711
147.50000 535.42975
149.00000 535.57611
150.50000 535.71527
152.00000 535.84875
153.50000 535.99890
155.00000 536.13147
156.50000 536.25452
158.00000 536.41821
159.50000 536.52203
161.00000 536.62634
162.50000 536.68250
164.00000 536.74017
165.50000 536.83936
167.00000 537.01819
168.50000 537.13043
170.00000 537.33203
171.50000 537.37933
173.00000 537.55945
174.50000 537.59747
176.00000 537.73138
177.50000 537.86005
179.00000 538.04364
180.50000 538.20398
182.00000 538.41437
183.50000 538.61829
185.00000 538.81323
186.50000 538.99835
188.00000 539.17139
189.50000 539.35742
191.00000 539.51923
192.50000 539.70679
194.00000 539.84180
195.50000 539.97296
197.00000 540.10980
198.50000 540.27417
200.00000 540.40588
201.50000 540.55823
203.00000 540.69598
204.50000 540.85315
206.00000 541.00244
207.50000 541.12927
209.00000 541.27985
210.50000 541.40033
212.00000 541.51611
213.50000 541.63806
215.00000 541.78314
216.50000 541.91156
218.00000 542.04755
219.50000 542.22687
221.00000 542.42596
222.50000 542.60974
224.00000 542.77515
225.50000 542.93365
227.00000 543.13458
228.50000 543.34406
230.00000 543.50983
231.50000 543.72302
233.00000 543.92944
234.50000 544.16876
236.00000 544.40582
237.50000 544.64459
239.00000 544.91254
240.50000 545.16876
242.00000 545.41479
243.50000 545.62885
245.00000 545.82257
246.50000 545.95624
248.00000 546.08380
249.50000 546.21863
251.00000 546.33954
252.50000 546.46857
254.00000 546.57147
255.50000 546.65753
257.00000 546.71271
258.50000 546.72382
260.00000 546.71991
261.50000 546.72876
263.00000 546.74609
264.50000 546.75110
266.00000 546.74237
267.50000 546.69232
269.00000 546.58014
270.50000 546.41351
272.00000 546.18341
273.50000 545.90509
275.00000 545.50897
276.50000 545.10040
278.00000 544.68561
279.50000 544.43677
281.00000 544.24469
282.50000 544.09253
284.00000 543.97705
285.50000 543.87549
287.00000 543.77087
288.50000 543.66913
290.00000 543.54224
291.50000 543.36847
293.00000 543.14142
294.50000 542.86206
296.00000 542.55438
297.50000 542.25549
299.00000 541.93896
300.50000 541.60052
302.00000 541.27130
303.50000 540.97784
305.00000 540.70947
306.50000 540.44116
308.00000 540.20062
309.50000 540.00165
311.00000 539.82129
312.50000 539.67542
314.00000 539.54315
315.50000 539.44592
317.00000 539.36548
318.50000 539.30963
320.00000 539.25531
321.50000 539.18591
323.00000 539.12775
324.50000 539.07886
326.00000 539.02991
327.50000 538.99353
329.00000 538.96985
330.50000 538.94629
332.00000 538.90906
333.50000 538.88318
335.00000 538.83447
336.50000 538.80774
338.00000 538.77893
339.50000 538.74524
341.00000 538.69446
342.50000 538.66443
344.00000 538.64252
345.50000 538.62933
347.00000 538.61340
348.50000 538.60413
350.00000 538.56586
351.50000 538.56262
353.00000 538.55603
354.50000 538.55823
356.00000 538.55792
357.50000 538.55017
359.00000 538.56750
360.50000 538.56012
362.00000 538.57959
363.50000 538.58618
365.00000 538.57910
366.50000 538.59375
368.00000 538.60510
369.50000 538.61414
371.00000 538.59412
372.50000 538.60748
374.00000 538.62494
375.50000 538.63708
377.00000 538.65643
378.50000 538.66284
380.00000 538.67932
381.50000 538.67224
383.00000 538.69690
384.50000 538.71332
386.00000 538.72583
387.50000 538.73920
389.00000 538.76776
390.50000 538.79779
392.00000 538.78351
393.50000 538.81036
395.00000 538.81232
396.50000 538.82617
398.00000 538.83301
399.50000 538.82690
401.00000 538.84760
402.50000 538.83740
404.00000 538.84467
405.50000 538.87201
407.00000 538.87512
408.50000 538.88733
410.00000 538.89545
411.50000 538.90942
413.00000 538.93652
414.50000 538.94861
416.00000 538.95306
417.50000 538.97406
419.00000 538.98535
420.50000 538.97809
422.00000 538.99908
423.50000 539.00031
425.00000 539.00500
426.50000 539.00739
428.00000 539.01373
429.50000 539.01031
431.00000 539.00781
432.50000 538.99945
434.00000 539.00012
435.50000 538.98749
437.00000 539.00146
438.50000 538.99811
440.00000 538.99133
441.50000 539.00220
443.00000 539.00812
444.50000 539.00671
446.00000 538.99707
447.50000 539.00574
449.00000 539.02435
450.50000 539.02832
452.00000 539.03571
453.50000 539.03986
455.00000 539.05634
456.50000 539.07239
458.00000 539.09302
459.50000 539.10413
461.00000 539.10822
462.50000 539.12421
464.00000 539.15125
465.50000 539.16058
467.00000 539.16705
468.50000 539.18628
470.00000 539.20374
471.50000 539.21356
473.00000 539.21149
474.50000 539.21393
476.00000 539.23193
477.50000 539.26239
479.00000 539.29126
480.50000 539.31189
482.00000 539.33331
483.50000 539.34271
485.00000 539.36664
486.50000 539.38660
488.00000 539.40100
489.50000 539.42834
491.00000 539.45190
492.50000 539.46637
494.00000 539.47949
495.50000 539.49109
497.00000 539.51471
498.50000 539.55530
500.00000 539.58600
501.50000 539.60168
503.00000 539.61707
504.50000 539.63275
506.00000 539.65936
507.50000 539.69122
509.00000 539.72400
510.50000 539.75604
512.00000 539.77478
513.50000 539.77887
515.00000 539.79694
516.50000 539.81891
518.00000 539.84491
519.50000 539.86548
521.00000 539.88629
522.50000 539.89569
524.00000 539.89679
525.50000 539.89270
527.00000 539.89081
528.50000 539.86670
530.00000 539.83490
531.50000 539.80109
533.00000 539.75500
534.50000 539.70874
536.00000 539.67029
537.50000 539.63947
539.00000 539.60547
540.50000 539.58221
542.00000 539.56097
543.50000 539.54962
545.00000 539.56305
546.50000 539.59143
548.00000 539.61334
549.50000 539.62628
551.00000 539.61237
552.50000 539.58948
554.00000 539.55969
555.50000 539.54211
557.00000 539.52869
558.50000 539.51880
560.00000 539.52808
561.50000 539.53833
563.00000 539.56628
564.50000 539.58881
566.00000 539.60175
567.50000 539.61169
569.00000 539.61810
570.50000 539.62268
572.00000 539.61908
573.50000 539.61554
575.00000 539.62085
576.50000 539.62476
578.00000 539.63342
579.50000 539.64429
581.00000 539.64984
582.50000 539.65509
584.00000 539.65454
585.50000 539.65814
587.00000 539.66095
588.50000 539.66620
590.00000 539.66949
591.50000 539.67175
593.00000 539.67554
594.50000 539.67645
596.00000 539.68286
597.50000 539.68567
599.00000 539.68817
600.50000 539.69128
602.00000 539.69519
603.50000 539.69489
605.00000 539.69415
606.50000 539.69818
608.00000 539.70184
609.50000 539.70520
611.00000 539.70911
612.50000 539.71356
614.00000 539.71802
615.50000 539.72644
617.00000 539.73230
618.50000 539.73932
620.00000 539.74500
621.50000 539.75433
623.00000 539.76227
624.50000 539.77191
626.00000 539.77942
627.50000 539.78870
629.00000 539.79993
630.50000 539.80066
632.00000 539.80817
633.50000 539.81763
635.00000 539.82867
636.50000 539.83618
638.00000 539.84247
639.50000 539.84277
641.00000 539.85199
642.50000 539.86017
644.00000 539.86621
645.50000 539.86981
647.00000 539.87354
648.50000 539.88263
650.00000 539.88873
651.50000 539.89435
653.00000 539.90033
654.50000 539.90759
656.00000 539.91486
657.50000 539.91742
659.00000 539.91827
660.50000 539.92181
662.00000 539.92932
663.50000 539.93762
665.00000 539.94733
666.50000 539.94989
668.00000 539.95874
669.50000 539.96625
671.00000 539.97156
672.50000 539.97290
674.00000 539.98370
675.50000 539.99127
677.00000 539.99695
678.50000 539.99896
680.00000 540.00189
681.50000 540.01013
683.00000 540.01971
684.50000 540.02631
686.00000 540.03174
687.50000 540.03607
689.00000 540.04028
690.50000 540.04181
692.00000 540.04321
693.50000 540.04474
695.00000 540.05145
696.50000 540.05762
698.00000 540.06104
699.50000 540.06165
701.00000 540.05573
702.50000 540.03876
704.00000 540.02692
705.50000 540.03180
707.00000 540.04565
708.50000 540.06476
710.00000 540.08075
711.50000 540.08990
713.00000 540.09229
714.50000 540.10272
716.00000 540.10669
717.50000 540.09827
719.00000 540.07098
720.50000 540.04865
722.00000 540.04163
723.50000 540.04980
725.00000 540.07043
726.50000 540.08893
728.00000 540.10114
729.50000 540.10297
731.00000 540.07306
732.50000 540.03790
734.00000 540.02460
735.50000 540.01862
737.00000 540.02161
738.50000 540.02161
740.00000 540.01556
741.50000 540.01270
743.00000 540.00970
744.50000 540.00470
746.00000 539.99933
747.50000 539.99707
749.00000 539.99573
750.50000 539.99591
752.00000 539.98602
753.50000 539.97327
755.00000 539.95905
756.50000 539.94977
758.00000 539.93597
759.50000 539.92480
761.00000 539.91595
762.50000 539.91040
764.00000 539.90381
765.50000 539.89325
767.00000 539.88220
768.50000 539.87207
770.00000 539.86267
771.50000 539.85156
773.00000 539.83600
774.50000 539.81915
776.00000 539.80249
777.50000 539.78906
779.00000 539.77777
780.50000 539.76471
782.00000 539.74780
783.50000 539.72858
785.00000 539.71600
786.50000 539.70319
788.00000 539.69067
789.50000 539.67444
791.00000 539.65161
792.50000 539.63098
794.00000 539.60553
795.50000 539.57666
797.00000 539.54559
798.50000 539.51721
800.00000 539.48730
801.50000 539.46295
803.00000 539.43896
804.50000 539.41705
806.00000 539.39868
807.50000 539.38513
809.00000 539.37122
810.50000 539.35291
812.00000 539.32837
813.50000 539.29865
815.00000 539.26831
816.50000 539.24060
818.00000 539.21625
819.50000 539.19336
821.00000 539.17169
822.50000 539.14905
824.00000 539.12433
825.50000 539.09430
827.00000 539.06232
828.50000 539.02686
830.00000 538.98901
831.50000 538.95636
833.00000 538.92352
834.50000 538.89386
836.00000 538.86438
837.50000 538.82904
839.00000 538.79016
840.50000 538.74976
842.00000 538.70612
843.50000 538.66620
845.00000 538.63098
846.50000 538.59454
848.00000 538.55933
849.50000 538.51959
851.00000 538.47449
852.50000 538.42712
854.00000 538.37970
855.50000 538.33435
857.00000 538.29034
858.50000 538.24316
860.00000 538.19641
861.50000 538.14752
863.00000 538.09680
864.50000 538.04572
866.00000 537.99652
867.50000 537.92218
869.00000 537.83276
870.50000 537.74146
872.00000 537.63354
873.50000 537.53870
875.00000 537.42432
876.50000 537.31067
878.00000 537.17725
879.50000 537.05164
881.00000 536.94098
882.50000 536.78796
884.00000 536.63190
885.50000 536.47839
887.00000 536.29980
888.50000 536.10852
890.00000 535.94049
891.50000 535.81689
893.00000 535.69904
894.50000 535.57074
896.00000 535.41455
897.50000 535.26624
899.00000 535.07635
900.50000 534.89142
902.00000 534.75616
903.50000 534.55981
905.00000 534.36078
906.50000 534.17487
908.00000 533.99866
909.50000 533.79285
911.00000 533.59509
912.50000 533.40662
914.00000 533.15527
915.50000 532.88782
917.00000 532.67181
918.50000 532.42249
920.00000 532.20514
921.50000 531.99982
923.00000 531.72418
924.50000 531.48541
926.00000 531.24524
927.50000 530.98114
929.00000 530.71112
930.50000 530.45654
932.00000 530.22113
933.50000 529.94684
935.00000 529.67126
936.50000 529.44818
938.00000 529.21112
939.50000 528.97217
941.00000 528.72028
942.50000 528.55206
944.00000 528.36536
945.50000 528.21802
947.00000 528.07147
948.50000 527.89014
950.00000 527.77527
951.50000 527.66650
953.00000 527.53082
954.50000 527.39020
956.00000 527.25128
957.50000 527.15753
959.00000 527.04419
960.50000 526.86743
962.00000 526.65417
963.50000 526.47577
965.00000 526.32953
966.50000 526.18903
968.00000 526.06201
969.50000 525.97583
971.00000 525.85229
972.50000 525.75543
974.00000 525.68445
975.50000 525.56232
977.00000 525.48962
978.50000 525.35443
980.00000 525.25275
981.50000 525.14075
983.00000 525.02185
984.50000 524.89661
986.00000 524.81311
987.50000 524.73303
989.00000 524.69946
990.50000 524.61401
992.00000 524.51672
993.50000 524.43927
995.00000 524.35016
996.50000 524.28918
998.00000 524.26044
999.50000 524.20532
1001.0000 524.20184
1002.5000 524.18738
1004.0000 524.16699
1005.5000 524.19672
1007.0000 524.18311
1008.5000 524.21826
1010.0000 524.24231
1011.5000 524.32397
1013.0000 524.40735
1014.5000 524.47278
1016.0000 524.54480
1017.5000 524.57709
1019.0000 524.63116
1020.5000 524.68964
1022.0000 524.70496
1023.5000 524.75671
1025.0000 524.82550
1026.5000 524.88306
1028.0000 524.85565
1029.5000 524.86914
1031.0000 525.01636
1032.5000 525.12830
1034.0000 525.21997
1035.5000 525.35736
1037.0000 525.46075
1038.5000 525.58862
1040.0000 525.71381
1041.5000 525.84650
1043.0000 525.98480
1044.5000 526.11603
1046.0000 526.24445
1047.5000 526.37103
1049.0000 526.49091
1050.5000 526.60040
1052.0000 526.71338
1053.5000 526.82495
1055.0000 526.94043
1056.5000 527.05780
1058.0000 527.17664
1059.5000 527.29816
1061.0000 527.41162
1062.5000 527.52466
1064.0000 527.63922
1065.5000 527.75049
1067.0000 527.86047
1068.5000 527.97455
1070.0000 528.08240
1071.5000 528.18982
1073.0000 528.29572
1074.5000 528.40320
1076.0000 528.50897
1077.5000 528.61261
1079.0000 528.71423
1080.5000 528.81317
1082.0000 528.91608
1083.5000 529.01617
1085.0000 529.11914
1086.5000 529.21783
1088.0000 529.31848
1089.5000 529.41608
1091.0000 529.51978
1092.5000 529.60742
1094.0000 529.70435
1095.5000 529.80463
1097.0000 529.88574
1098.5000 529.97107
1100.0000 530.06183
1101.5000 530.15723
1103.0000 530.25214
1104.5000 530.34674
1106.0000 530.43542
1107.5000 530.52106
1109.0000 530.60889
1110.5000 530.69617
1112.0000 530.78259
1113.5000 530.86353
1115.0000 530.94159
1116.5000 531.01862
1118.0000 531.09467
1119.5000 531.15729
1121.0000 531.21936
1122.5000 531.28174
1124.0000 531.34717
1125.5000 531.40973
1127.0000 531.47034
1128.5000 531.51837
1130.0000 531.56769
1131.5000 531.62946
1133.0000 531.69275
1134.5000 531.74957
1136.0000 531.79205
1137.5000 531.84180
1139.0000 531.89435
1140.5000 531.94824
1142.0000 532.00403
1143.5000 532.04193
1145.0000 532.09155
1146.5000 532.11536
1148.0000 532.13336
1149.5000 532.14618
1151.0000 532.15851
1152.5000 532.21741
1154.0000 532.27893
1155.5000 532.32751
1157.0000 532.37384
1158.5000 532.40735
1160.0000 532.41431
1161.5000 532.38995
1163.0000 532.38660
1164.5000 532.39801
1166.0000 532.39691
1167.5000 532.38080
1169.0000 532.36487
1170.5000 532.34760
1172.0000 532.33307
1173.5000 532.28723
1175.0000 532.18201
1176.5000 532.04266
1178.0000 531.92084
1179.5000 531.79016
1181.0000 531.63281
1182.5000 531.44360
1184.0000 531.25818
1185.5000 531.08685
1187.0000 530.91760
1188.5000 530.74622
1190.0000 530.57483
1191.5000 530.40527
1193.0000 530.25104
1194.5000 530.13507
1196.0000 530.04370
1197.5000 529.94238
1199.0000 529.82422
1200.5000 529.69849
1202.0000 529.58508
1203.5000 529.47522
1205.0000 529.35962
1206.5000 529.26166
1208.0000 529.14063
1209.5000 529.00562
1211.0000 528.84900
1212.5000 528.68939
1214.0000 528.57440
1215.5000 528.47949
1217.0000 528.42645
1218.5000 528.36090
1220.0000 528.28784
1221.5000 528.21393
1223.0000 528.14557
1224.5000 528.06805
1226.0000 528.01666
1227.5000 527.96735
1229.0000 527.92395
1230.5000 527.88422
1232.0000 527.83282
1233.5000 527.75806
1235.0000 527.70099
1236.5000 527.64624
1238.0000 527.58783
1239.5000 527.53790
1241.0000 527.48077
1242.5000 527.41455
1244.0000 527.34235
1245.5000 527.27905
1247.0000 527.21588
1248.5000 527.16296
1250.0000 527.12115
1251.5000 527.08447
1253.0000 527.03186
1254.5000 526.98175
1256.0000 526.90698
1257.5000 526.80908
1259.0000 526.72052
1260.5000 526.63306
1262.0000 526.55237
1263.5000 526.48572
1265.0000 526.44531
1266.5000 526.41882
1268.0000 526.36426
1269.5000 526.30981
1271.0000 526.25751
1272.5000 526.18787
1274.0000 526.07300
1275.5000 525.99542
1277.0000 525.88818
1278.5000 525.75189
1280.0000 525.59412
1281.5000 525.45660
1283.0000 525.21918
1284.5000 524.99152
1286.0000 524.67474
1287.5000 524.39917
1289.0000 524.21783
1290.5000 523.99481
1292.0000 523.73236
1293.5000 523.50964
1295.0000 523.29089
1296.5000 523.07458
1298.0000 522.83130
1299.5000 522.54437
1301.0000 522.30481
1302.5000 522.03119
1304.0000 521.80127
1305.5000 521.52936
1307.0000 521.26190
1308.5000 521.04114
1310.0000 520.81842
1311.5000 520.58118
1313.0000 520.34943
1314.5000 520.11469
1316.0000 519.82880
1317.5000 519.56335
1319.0000 519.37256
1320.5000 519.12659
1322.0000 518.92725
1323.5000 518.75043
1325.0000 518.54004
1326.5000 518.33167
1328.0000 518.09094
1329.5000 517.89227
1331.0000 517.73669
1332.5000 517.56256
1334.0000 517.36713
1335.5000 517.17633
1337.0000 516.98163
1338.5000 516.73688
1340.0000 516.43024
1341.5000 516.23688
1343.0000 515.96661
1344.5000 515.73242
1346.0000 515.56561
1347.5000 515.38257
1349.0000 515.19647
1350.5000 514.99817
1352.0000 514.77203
1353.5000 514.53937
1355.0000 514.31091
1356.5000 514.09821
1358.0000 513.56580
1359.5000 513.50195
1361.0000 513.34711
1362.5000 513.06769
1364.0000 512.89227
1365.5000 512.41785
1367.0000 511.84042
1368.5000 511.48975
1370.0000 511.13840
1371.5000 510.71786
1373.0000 509.51456
1374.5000 506.66022
1376.0000 507.52600
1377.5000 507.58334
1379.0000 507.14117
1380.5000 506.86438
1382.0000 506.81439
1383.5000 506.63525
1385.0000 505.74960
1386.5000 505.59164
1388.0000 505.17722
1389.5000 504.87387
1391.0000 504.66483
1392.5000 504.38962
1394.0000 504.10394
1395.5000 504.02914
1397.0000 503.77765
1398.5000 503.56390
1400.0000 503.43442
1401.5000 503.32071
1403.0000 503.11078
1404.5000 502.86996
1406.0000 502.71509
1407.5000 502.46405
1409.0000 502.30447
1410.5000 502.14725
1412.0000 501.95346
1413.5000 501.70676
1415.0000 501.48730
1416.5000 501.20874
1418.0000 501.06650
1419.5000 500.84689
1421.0000 500.54813
1422.5000 500.39188
1424.0000 500.13181
1425.5000 499.91547
1427.0000 499.70029
1428.5000 499.51917
1430.0000 499.27469
1431.5000 499.07684
1433.0000 498.80011
1434.5000 498.58347
1436.0000 498.43442
1437.5000 498.24802
1439.0000 498.06033
1440.5000 497.95087
1442.0000 497.82382
1443.5000 497.74789
1445.0000 497.63889
1446.5000 497.55368
1448.0000 497.55099
1449.5000 497.44266
1451.0000 497.41739
1452.5000 497.37320
1454.0000 497.28650
1455.5000 497.25000
1457.0000 497.29120
1458.5000 497.26416
1460.0000 497.28244
1461.5000 497.17548
1463.0000 497.18777
1464.5000 497.18771
1466.0000 497.17352
1467.5000 497.14722
1469.0000 497.15939
1470.5000 497.12027
1472.0000 497.10312
1473.5000 497.12256
1475.0000 497.14905
1476.5000 497.09448
1478.0000 497.07681
1479.5000 497.08673
1481.0000 497.06247
1482.5000 497.03268
1484.0000 497.01907
1485.5000 497.01630
1487.0000 496.99194
1488.5000 497.01532
1490.0000 497.00598
1491.5000 497.01880
1493.0000 497.00754
1494.5000 496.95264
1496.0000 496.92255
1497.5000 496.92722
1499.0000 496.90479
1500.5000 496.91605
1502.0000 496.93250
1503.5000 496.94687
1505.0000 496.92365
1506.5000 496.93274
1508.0000 496.93628
1509.5000 496.93918
1511.0000 496.96313
1512.5000 496.93524
1514.0000 496.94073
1515.5000 496.93991
1517.0000 496.93292
1518.5000 496.91937
1520.0000 496.93976
1521.5000 496.91354
1523.0000 496.89923
1524.5000 496.91028
1526.0000 496.92664
1527.5000 496.94995
1529.0000 496.90079
1530.5000 496.89365
1532.0000 496.90717
1533.5000 496.90964
1535.0000 496.91089
1536.5000 496.89975
1538.0000 496.91992
1539.5000 496.90613
1541.0000 496.91385
1542.5000 496.90790
1544.0000 496.89609
1545.5000 496.91354
1547.0000 496.91522
1548.5000 496.91403
1550.0000 496.89801
1551.5000 496.91165
1553.0000 496.90057
1554.5000 496.88107
1556.0000 496.89667
1557.5000 496.88629
1559.0000 496.88809
1560.5000 496.88492
1562.0000 496.89392
1563.5000 496.85217
1565.0000 496.84824
1566.5000 496.91257
1568.0000 496.88229
1569.5000 496.85922
1571.0000 496.86771
1572.5000 496.85138
1574.0000 496.87601
1575.5000 496.83423
1577.0000 496.87430
1578.5000 496.83026
1580.0000 496.80383
1581.5000 496.79709
1583.0000 496.80551
1584.5000 496.84225
1586.0000 496.83588
1587.5000 496.81268
1589.0000 496.79111
1590.5000 496.78348
1592.0000 496.80496
1593.5000 496.80783
1595.0000 496.78845
1596.5000 496.79007
1598.0000 496.76990
1599.5000 496.74725
1601.0000 496.77106
1602.5000 496.75323
1604.0000 496.75299
1605.5000 496.77527
1607.0000 496.75256
1608.5000 496.73474
1610.0000 496.76593
1611.5000 496.74661
1613.0000 496.70303
1614.5000 496.70132
1616.0000 496.71100
1617.5000 496.71375
1619.0000 496.70499
1620.5000 496.70047
1622.0000 496.69122
1623.5000 496.68262
1625.0000 496.68668
1626.5000 496.69452
1628.0000 496.65671
1629.5000 496.64557
1631.0000 496.65207
1632.5000 496.64609
1634.0000 496.65286
1635.5000 496.64420
1637.0000 496.62659
1638.5000 496.59943
1640.0000 496.59607
1641.5000 496.58359
1643.0000 496.57123
1644.5000 496.57175
1646.0000 496.57120
1647.5000 496.56622
1649.0000 496.55972
1650.5000 496.57715
1652.0000 496.52774
1653.5000 496.54031
1655.0000 496.52127
1656.5000 496.50751
1658.0000 496.53232
1659.5000 496.49957
1661.0000 496.49365
1662.5000 496.48676
1664.0000 496.47501
1665.5000 496.50519
1667.0000 496.48807
1668.5000 496.45157
1670.0000 496.44397
1671.5000 496.44247
1673.0000 496.42206
1674.5000 496.43463
1676.0000 496.40463
1677.5000 496.42715
1679.0000 496.40817
1680.5000 496.37796
1682.0000 496.39001
1683.5000 496.37924
1685.0000 496.34583
1686.5000 496.36145
1688.0000 496.33200
1689.5000 496.33545
1691.0000 496.31894
1692.5000 496.32303
1694.0000 496.30002
1695.5000 496.28180
1697.0000 496.31064
1698.5000 496.28436
1700.0000 496.26489
1701.5000 496.26099
1703.0000 496.24915
1704.5000 496.23471
1706.0000 496.23462
1707.5000 496.20404
1709.0000 496.21597
1710.5000 496.19781
1712.0000 496.17480
1713.5000 496.16806
1715.0000 496.17447
1716.5000 496.10519
1718.0000 496.11768
1719.5000 496.07901
1721.0000 496.06067
1722.5000 496.06686
1724.0000 496.03259
1725.5000 496.00351
1727.0000 496.01520
1728.5000 495.97809
1730.0000 495.92911
1731.5000 495.93256
1733.0000 495.93466
1734.5000 495.87796
1736.0000 495.85437
1737.5000 495.87619
1739.0000 495.84427
1740.5000 495.81909
1742.0000 495.83008
1743.5000 495.74969
1745.0000 495.79160
1746.5000 495.73486
1748.0000 495.71191
1749.5000 495.68912
1751.0000 495.67593
1752.5000 495.64969
1754.0000 495.62408
1755.5000 495.60480
1757.0000 495.60617
1758.5000 495.56113
1760.0000 495.54858
1761.5000 495.53802
1763.0000 495.51059
1764.5000 495.47656
1766.0000 495.45145
1767.5000 495.41751
1769.0000 495.42957
1770.5000 495.36920
1772.0000 495.34348
1773.5000 495.34143
1775.0000 495.31284
1776.5000 495.29349
1778.0000 495.27600
1779.5000 495.22641
1781.0000 495.21231
1782.5000 495.20078
1784.0000 495.19836
1785.5000 495.13040
1787.0000 495.14120
1788.5000 495.10727
1790.0000 495.08636
1791.5000 495.06204
1793.0000 495.03870
1794.5000 495.00195
1796.0000 495.00912
1797.5000 494.96176
1799.0000 494.92914
1800.5000 494.92010
1802.0000 494.89847
1803.5000 494.88467
1805.0000 494.82193
1806.5000 494.81546
1808.0000 494.78574
1809.5000 494.75790
1811.0000 494.75061
1812.5000 494.73764
1814.0000 494.71350
1815.5000 494.71057
1817.0000 494.66232
1818.5000 494.64734
1820.0000 494.60605
1821.5000 494.60626
1823.0000 494.57114
1824.5000 494.54047
1826.0000 494.52277
1827.5000 494.48605
1829.0000 494.47131
1830.5000 494.46835
1832.0000 494.42273
1833.5000 494.41779
1835.0000 494.39764
1836.5000 494.34305
1838.0000 494.30179
1839.5000 494.30515
1841.0000 494.26453
1842.5000 494.27899
1844.0000 494.21832
1845.5000 494.19440
1847.0000 494.20108
1848.5000 494.17517
1850.0000 494.14136
1851.5000 494.12857
1853.0000 494.11655
1854.5000 494.04358
1856.0000 494.04248
1857.5000 494.04071
1859.0000 493.98959
1860.5000 493.99799
1862.0000 493.98303
1863.5000 493.96216
1865.0000 493.93237
1866.5000 493.86813
1868.0000 493.88986
1869.5000 493.86630
1871.0000 493.81833
1872.5000 493.81464
1874.0000 493.80646
1875.5000 493.78708
1877.0000 493.75745
1878.5000 493.74298
1880.0000 493.72668
1881.5000 493.67783
1883.0000 493.66931
1884.5000 493.63742
1886.0000 493.59393
1887.5000 493.59436
1889.0000 493.57504
1890.5000 493.56961
1892.0000 493.53943
1893.5000 493.51572
1895.0000 493.47818
1896.5000 493.46350
1898.0000 493.44727
1899.5000 493.41534
1901.0000 493.41580
1902.5000 493.36707
1904.0000 493.37057
1905.5000 493.32074
1907.0000 493.33322
1908.5000 493.30463
1910.0000 493.25369
1911.5000 493.24438
1913.0000 493.23334
1914.5000 493.20227
1916.0000 493.18396
1917.5000 493.14319
1919.0000 493.08978
1920.5000 493.08118
1922.0000 493.04639
1923.5000 493.01797
1925.0000 492.99661
1926.5000 492.97711
1928.0000 492.92786
1929.5000 492.91290
1931.0000 492.89120
1932.5000 492.85468
1934.0000 492.83438
1935.5000 492.81711
1937.0000 492.79245
1938.5000 492.75488
1940.0000 492.74649
1941.5000 492.68469
1943.0000 492.66412
1944.5000 492.64258
1946.0000 492.64810
1947.5000 492.60672
1949.0000 492.60410
1950.5000 492.55930
1952.0000 492.52734
1953.5000 492.46579
1955.0000 492.47952
1956.5000 492.43567
1958.0000 492.43015
1959.5000 492.41388
1961.0000 492.35144
1962.5000 492.33047
1964.0000 492.29837
1965.5000 492.28745
1967.0000 492.24191
1968.5000 492.24338
1970.0000 492.17477
1971.5000 492.17853
1973.0000 492.14233
1974.5000 492.11313
1976.0000 492.10455
1977.5000 492.08051
1979.0000 492.04355
1980.5000 492.01321
1982.0000 491.99936
1983.5000 491.96820
1985.0000 491.94846
1986.5000 491.92020
1988.0000 491.89236
1989.5000 491.85400
1991.0000 491.83466
1992.5000 491.81448
1994.0000 491.79578
1995.5000 491.78406
1997.0000 491.75565
1998.5000 491.74899
2000.0000 491.71487
2001.5000 491.67709
2003.0000 491.64429
2004.5000 491.63507
2006.0000 491.64038
2007.5000 491.58835
2009.0000 491.57434
2010.5000 491.53336
2012.0000 491.55353
2013.5000 491.50009
2015.0000 491.49377
2016.5000 491.48264
2018.0000 491.45139
2019.5000 491.42874
2021.0000 491.42285
2022.5000 491.41190
2024.0000 491.36859
2025.5000 491.34586
2027.0000 491.34213
2028.5000 491.29907
2030.0000 491.28510
2031.5000 491.28384
2033.0000 491.26233
2034.5000 491.23450
2036.0000 491.20905
2037.5000 491.19345
2039.0000 491.17230
2040.5000 491.12784
2042.0000 491.09207
2043.5000 490.99564
2045.0000 490.99554
2046.5000 490.97675
2048.0000 490.96786
2049.5000 490.95673
2051.0000 490.89218
2052.5000 490.87076
2054.0000 490.85834
2055.5000 490.83618
2057.0000 490.80917
2058.5000 490.77866
2060.0000 490.71982
2061.5000 490.74979
2063.0000 490.69788
2064.5000 490.69760
2066.0000 490.63498
2067.5000 490.65237
2069.0000 490.58063
2070.5000 490.56549
2072.0000 490.57394
2073.5000 490.51221
2075.0000 490.48706
2076.5000 490.46918
2078.0000 490.47308
2079.5000 490.41467
2081.0000 490.38947
2082.5000 490.37305
2084.0000 490.34247
2085.5000 490.33899
2087.0000 490.32468
2088.5000 490.29544
2090.0000 490.27600
2091.5000 490.25595
2093.0000 490.21930
2094.5000 490.22369
2096.0000 490.17026
2097.5000 490.18069
2099.0000 490.13123
2100.5000 490.12253
2102.0000 490.08029
2103.5000 490.07458
2105.0000 490.04074
2106.5000 490.01340
2108.0000 490.00458
2109.5000 489.96231
2111.0000 489.93744
2112.5000 489.92627
2114.0000 489.93387
2115.5000 489.88132
2117.0000 489.91290
2118.5000 489.86276
2120.0000 489.80377
2121.5000 489.81653
2123.0000 489.78702
2124.5000 489.77576
2126.0000 489.74048
2127.5000 489.71860
2129.0000 489.70352
2130.5000 489.67523
2132.0000 489.66138
2133.5000 489.65143
2135.0000 489.62402
2136.5000 489.60678
2138.0000 489.59811
2139.5000 489.56876
2141.0000 489.55121
2142.5000 489.52930
2144.0000 489.51331
2145.5000 489.50308
2147.0000 489.46237
2148.5000 489.45773
2150.0000 489.42102
2151.5000 489.41177
2153.0000 489.39136
2154.5000 489.37756
2156.0000 489.36661
2157.5000 489.33643
2159.0000 489.33014
2160.5000 489.29501
2162.0000 489.27060
2163.5000 489.28235
2165.0000 489.24936
2166.5000 489.22446
2168.0000 489.22128
2169.5000 489.19870
2171.0000 489.18094
2172.5000 489.14175
2174.0000 489.13818
2175.5000 489.10959
2177.0000 489.06863
2178.5000 489.02954
2180.0000 489.00485
2181.5000 488.97775
2183.0000 488.97327
2184.5000 488.96857
2186.0000 488.93198
2187.5000 488.90189
2189.0000 488.87726
2190.5000 488.85599
2192.0000 488.84976
2193.5000 488.81766
2195.0000 488.82462
2196.5000 488.77423
2198.0000 488.77472
2199.5000 488.72971
2201.0000 488.74362
2202.5000 488.71646
2204.0000 488.70721
2205.5000 488.70605
2207.0000 488.68542
2208.5000 488.67749
2210.0000 488.67892
2211.5000 488.65363
2213.0000 488.64471
2214.5000 488.64313
2216.0000 488.64203
2217.5000 488.65118
2219.0000 488.63022
2220.5000 488.64111
2222.0000 488.61838
2223.5000 488.59622
2225.0000 488.57718
2226.5000 488.56537
2228.0000 488.55103
2229.5000 488.52444
2231.0000 488.52872
2232.5000 488.51370
2234.0000 488.50024
2235.5000 488.49530
2237.0000 488.48474
2238.5000 488.46066
2240.0000 488.44189
2241.5000 488.43851
2243.0000 488.40930
2244.5000 488.39798
2246.0000 488.36600
2247.5000 488.34225
2249.0000 488.36896
2250.5000 488.32816
2252.0000 488.31900
2253.5000 488.31653
2255.0000 488.28967
2256.5000 488.28369
2258.0000 488.26779
2259.5000 488.25793
2261.0000 488.24374
2262.5000 488.23022
2264.0000 488.20715
2265.5000 488.18915
2267.0000 488.16583
2268.5000 488.16611
2270.0000 488.15012
2271.5000 488.13773
2273.0000 488.10764
2274.5000 488.08295
2276.0000 488.08289
2277.5000 488.07745
2279.0000 488.06226
2280.5000 488.05301
2282.0000 488.03360
2283.5000 488.03284
2285.0000 487.98529
2286.5000 488.00296
2288.0000 487.96921
2289.5000 487.95239
2291.0000 487.93729
2292.5000 487.94171
2294.0000 487.91611
2295.5000 487.90680
2297.0000 487.90903
2298.5000 487.90109
2300.0000 487.89474
2301.5000 487.89404
2303.0000 487.91003
2304.5000 487.92462
2306.0000 487.97293
2307.5000 488.04376
2309.0000 488.14502
2310.5000 488.27533
2312.0000 488.40729
2313.5000 488.61237
2315.0000 488.77615
2316.5000 488.92975
2318.0000 489.07251
2319.5000 489.17429
2321.0000 489.37183
2322.5000 489.55984
2324.0000 489.75613
2325.5000 489.95801
2327.0000 490.07278
2328.5000 490.24866
2330.0000 490.38101
2331.5000 490.51694
2333.0000 490.64902
2334.5000 490.80188
2336.0000 490.97592
2337.5000 491.10529
2339.0000 491.23523
2340.5000 491.39749
2342.0000 491.50681
2343.5000 491.65796
2345.0000 491.80399
2346.5000 491.92160
2348.0000 492.07379
2349.5000 492.17932
2351.0000 492.33932
2352.5000 492.46567
2354.0000 492.59341
2355.5000 492.73260
2357.0000 492.86768
2358.5000 493.02557
2360.0000 493.17368
2361.5000 493.32547
2363.0000 493.52765
2364.5000 493.71774
2366.0000 493.87253
2367.5000 494.02740
2369.0000 494.23267
2370.5000 494.39212
2372.0000 494.58112
2373.5000 494.77698
2375.0000 494.93588
2376.5000 495.09451
2378.0000 495.26935
2379.5000 495.39532
2381.0000 495.51773
2382.5000 495.63242
2384.0000 495.73035
2385.5000 495.81491
2387.0000 495.87671
2388.5000 495.92715
2390.0000 495.98727
2391.5000 496.05649
2393.0000 496.14066
2394.5000 496.23514
2396.0000 496.33356
2397.5000 496.41241
2399.0000 496.50812
2400.5000 496.57404
2402.0000 496.65125
2403.5000 496.71521
2405.0000 496.77048
2406.5000 496.80283
2408.0000 496.83594
2409.5000 496.85379
2411.0000 496.85980
2412.5000 496.85788
2414.0000 496.85568
2415.5000 496.83719
2417.0000 496.82681
2418.5000 496.80215
2420.0000 496.78348
2421.5000 496.78497
2423.0000 496.79730
2424.5000 496.81479
2426.0000 496.81769
2427.5000 496.80252
2429.0000 496.80438
2430.5000 496.81479
2432.0000 496.84341
2433.5000 496.87375
2435.0000 496.91138
2436.5000 496.92026
2438.0000 496.93518
2439.5000 496.92960
2441.0000 496.92691
2442.5000 496.92307
2444.0000 496.90781
2445.5000 496.88437
2447.0000 496.86670
2448.5000 496.88007
2450.0000 496.90329
2451.5000 496.90115
2453.0000 496.91196
2454.5000 496.92096
2456.0000 496.89856
2457.5000 496.87408
2459.0000 496.88672
2460.5000 496.89691
2462.0000 496.88025
2463.5000 496.87869
2465.0000 496.87534
2466.5000 496.87488
2468.0000 496.87747
2469.5000 496.90903
2471.0000 496.93927
2472.5000 496.92877
2474.0000 496.90085
2475.5000 496.87360
2477.0000 496.84244
2478.5000 496.82986
2480.0000 496.83447
2481.5000 496.85724
2483.0000 496.88205
2484.5000 496.87732
2486.0000 496.86560
2487.5000 496.85886
2489.0000 496.86633
2490.5000 496.87122
2492.0000 496.86240
2493.5000 496.86298
2495.0000 496.85986
2496.5000 496.86093
2498.0000 496.88116
2499.5000 496.92892
2501.0000 496.97617
2502.5000 497.01422
2504.0000 497.06870
2505.5000 497.12149
2507.0000 497.18213
2508.5000 497.24725
2510.0000 497.31287
2511.5000 497.41031
2513.0000 497.48947
2514.5000 497.57776
2516.0000 497.63535
2517.5000 497.69516
2519.0000 497.74139
2520.5000 497.78751
2522.0000 497.82919
2523.5000 497.88684
2525.0000 497.93832
2526.5000 498.00385
2528.0000 498.07510
2529.5000 498.14694
2531.0000 498.22461
2532.5000 498.29724
2534.0000 498.36359
2535.5000 498.42728
2537.0000 498.48804
2538.5000 498.56073
2540.0000 498.62653
2541.5000 498.68228
2543.0000 498.74008
2544.5000 498.79767
2546.0000 498.86194
2547.5000 498.93402
2549.0000 499.00482
2550.5000 499.07825
2552.0000 499.14645
2553.5000 499.21213
2555.0000 499.28625
2556.5000 499.36230
2558.0000 499.44376
2559.5000 499.51218
2561.0000 499.57248
2562.5000 499.63474
2564.0000 499.70526
2565.5000 499.78201
2567.0000 499.85800
2568.5000 499.92639
2570.0000 499.98306
2571.5000 500.03592
2573.0000 500.08765
2574.5000 500.12454
2576.0000 500.14758
2577.5000 500.18356
2579.0000 500.24155
2580.5000 500.32339
2582.0000 500.40225
2583.5000 500.47861
2585.0000 500.54691
2586.5000 500.61060
2588.0000 500.63651
2589.5000 500.64499
2591.0000 500.66556
2592.5000 500.68326
2594.0000 500.70944
2595.5000 500.75369
2597.0000 500.81693
2598.5000 500.90298
2600.0000 500.99408
2601.5000 501.06421
2603.0000 501.13205
2604.5000 501.16849
2606.0000 501.14874
2607.5000 501.09781
2609.0000 501.07846
2610.5000 501.10757
2612.0000 501.16898
2613.5000 501.26147
2615.0000 501.35226
2616.5000 501.43619
2618.0000 501.49155
2619.5000 501.48822
2621.0000 501.43726
2622.5000 501.37122
2624.0000 501.36337
2625.5000 501.40372
2627.0000 501.48193
2628.5000 501.57568
2630.0000 501.66736
2631.5000 501.75302
2633.0000 501.79916
2634.5000 501.76791
2636.0000 501.67838
2637.5000 501.58807
2639.0000 501.61737
2640.5000 501.68518
2642.0000 501.78427
2643.5000 501.89090
2645.0000 501.98865
2646.5000 502.05087
2648.0000 502.04535
2649.5000 501.96396
2651.0000 501.85345
2652.5000 501.78607
2654.0000 501.81555
2655.5000 501.89429
2657.0000 501.99173
2658.5000 502.09229
2660.0000 502.17108
2661.5000 502.15948
2663.0000 502.06754
2664.5000 501.95239
2666.0000 501.88770
2667.5000 501.91931
2669.0000 502.01468
2670.5000 502.09085
2672.0000 502.14230
2673.5000 502.14728
2675.0000 502.08725
2676.5000 501.99722
2678.0000 501.90625
2679.5000 501.90784
2681.0000 501.96872
2682.5000 502.05402
2684.0000 502.09106
2685.5000 502.07950
2687.0000 502.01614
2688.5000 501.93582
2690.0000 501.86011
2691.5000 501.87674
2693.0000 501.93774
2694.5000 501.98816
2696.0000 501.98462
2697.5000 501.93854
2699.0000 501.85916
2700.5000 501.76755
2702.0000 501.70435
2703.5000 501.68790
2705.0000 501.70410
2706.5000 501.67798
2708.0000 501.61996
2709.5000 501.54053
2711.0000 501.43344
2712.5000 501.32339
2714.0000 501.25879
2715.5000 501.22263
2717.0000 501.18906
2718.5000 501.05792
2720.0000 500.88364
2721.5000 500.73520
2723.0000 500.56537
2724.5000 500.37308
2726.0000 500.16495
2727.5000 499.94553
2729.0000 499.74551
2730.5000 499.60791
2732.0000 499.45401
2733.5000 499.30859
2735.0000 499.11322
2736.5000 498.94949
2738.0000 498.77206
2739.5000 498.66040
2741.0000 498.50046
2742.5000 498.38208
2744.0000 498.25021
2745.5000 498.10147
2747.0000 498.01416
2748.5000 497.88013
2750.0000 497.74933
2751.5000 497.61279
2753.0000 497.49374
2754.5000 497.38693
2756.0000 497.25894
2757.5000 497.12527
2759.0000 496.97751
2760.5000 496.79922
2762.0000 496.56494
2763.5000 496.51425
2765.0000 496.43451
2766.5000 496.25693
2768.0000 496.02756
2769.5000 495.81058
2771.0000 495.62292
2772.5000 495.41525
2774.0000 495.24319
2775.5000 495.09137
2777.0000 494.95837
2778.5000 494.79947
2780.0000 494.61804
2781.5000 494.42035
2783.0000 494.25150
2784.5000 494.08560
2786.0000 493.94016
2787.5000 493.82254
2789.0000 493.70020
2790.5000 493.56125
2792.0000 493.41333
2793.5000 493.27515
2795.0000 493.17169
2796.5000 493.07693
2798.0000 492.97919
2799.5000 492.88574
2801.0000 492.79755
2802.5000 492.70761
2804.0000 492.62582
2805.5000 492.54529
2807.0000 492.46066
2808.5000 492.36273
2810.0000 492.29108
2811.5000 492.20853
2813.0000 492.16345
2814.5000 492.06235
2816.0000 491.98410
2817.5000 491.98416
2819.0000 491.91464
2820.5000 491.84274
2822.0000 491.76660
2823.5000 491.71375
2825.0000 491.64798
2826.5000 491.58401
2828.0000 491.51563
2829.5000 491.45010
2831.0000 491.38583
2832.5000 491.32520
2834.0000 491.26971
2835.5000 491.22348
2837.0000 491.20135
2838.5000 491.18484
2840.0000 491.17474
2841.5000 491.17224
2843.0000 491.12860
2844.5000 491.08344
2846.0000 491.00693
2847.5000 490.92972
2849.0000 490.87265
2850.5000 490.84363
2852.0000 490.80029
2853.5000 490.73224
2855.0000 490.69324
2856.5000 490.65878
2858.0000 490.61926
2859.5000 490.57886
2861.0000 490.54187
2862.5000 490.49756
2864.0000 490.46347
2865.5000 490.43286
2867.0000 490.38388
2868.5000 490.34390
2870.0000 490.30954
2871.5000 490.27222
2873.0000 490.24460
2874.5000 490.19742
2876.0000 490.16989
2877.5000 490.13211
2879.0000 490.10965
2880.5000 490.08746
2882.0000 490.06482
2883.5000 490.04764
2885.0000 490.03033
2886.5000 490.00699
2888.0000 489.97403
2889.5000 489.94727
2891.0000 489.90515
2892.5000 489.85431
2894.0000 489.82693
2895.5000 489.78989
2897.0000 489.75159
2898.5000 489.72375
2900.0000 489.68579
2901.5000 489.65112
2903.0000 489.62466
2904.5000 489.58871
2906.0000 489.56094
2907.5000 489.53870
2909.0000 489.51004
2910.5000 489.47870
2912.0000 489.44720
2913.5000 489.42996
2915.0000 489.39670
2916.5000 489.37845
2918.0000 489.34723
2919.5000 489.31244
2921.0000 489.28961
2922.5000 489.25729
2924.0000 489.23141
2925.5000 489.20386
2927.0000 489.17752
2928.5000 489.15503
2930.0000 489.13403
2931.5000 489.10559
2933.0000 489.08679
2934.5000 489.05563
2936.0000 489.03244
2937.5000 489.00580
2939.0000 488.98654
2940.5000 488.96152
2942.0000 488.94470
2943.5000 488.90439
2945.0000 488.88315
2946.5000 488.87378
2948.0000 488.84323
2949.5000 488.82590
2951.0000 488.79309
2952.5000 488.77179
2954.0000 488.73080
2955.5000 488.71957
2957.0000 488.68164
2958.5000 488.66028
2960.0000 488.63620
2961.5000 488.61426
2963.0000 488.54651
2964.5000 488.47910
2966.0000 488.43948
2967.5000 488.35968
2969.0000 488.28369
2970.5000 488.18979
2972.0000 488.11093
2973.5000 488.01343
2975.0000 487.90247
2976.5000 487.75192
2978.0000 487.65292
2979.5000 487.54816
2981.0000 487.41040
2982.5000 487.27344
2984.0000 487.16815
2985.5000 487.04907
2987.0000 486.92767
2988.5000 486.79843
2990.0000 486.67529
2991.5000 486.52002
2993.0000 486.36606
2994.5000 486.13959
2996.0000 486.03461
2997.5000 485.93030
2999.0000 485.77634
3000.0000 485.72760
3001.5000 485.41846
3003.0000 485.42844
3004.5000 485.26776
3006.0000 485.12064
3007.5000 484.97165
3009.0000 484.82895
3010.5000 484.68146
3012.0000 484.56854
3013.5000 483.85623
3015.0000 482.12387
3016.5000 479.84543
3018.0000 479.32761
3019.5000 479.74054
3021.0000 479.97565
3022.5000 480.21088
3024.0000 480.38458
3025.5000 480.46201
3027.0000 480.25977
3028.5000 480.23373
3030.0000 479.97415
3031.5000 479.60043
3033.0000 479.31857
3034.5000 479.23373
3036.0000 479.18811
3037.5000 479.01639
3039.0000 478.92429
3040.5000 478.71637
3042.0000 478.51929
3043.5000 478.33798
3045.0000 478.12549
3046.5000 477.97318
3048.0000 477.90231
3049.5000 477.74561
3051.0000 477.61917
3052.5000 477.49588
3054.0000 477.38586
3055.5000 477.26453
3057.0000 477.17026
3058.5000 477.04022
3060.0000 476.93268
3061.5000 476.83585
3063.0000 476.72864
3064.5000 476.55179
3066.0000 476.43802
3067.5000 476.29742
3069.0000 476.18820
3070.5000 475.99130
3072.0000 475.85577
3073.5000 475.62976
3075.0000 475.47058
3076.5000 475.32098
3078.0000 475.07196
3079.5000 474.96689
3081.0000 474.79211
3082.5000 474.62857
3084.0000 474.46576
3085.5000 474.27637
3087.0000 474.13916
3088.5000 473.99036
3090.0000 473.86462
3091.5000 473.67154
3093.0000 473.52536
3094.5000 473.34647
3096.0000 473.17883
3097.5000 473.01212
3099.0000 472.86487
3100.5000 472.71622
3102.0000 472.60657
3103.5000 472.46368
3105.0000 472.33569
3106.5000 472.24924
3108.0000 472.17642
3109.5000 472.04196
3111.0000 471.84860
3112.5000 471.71448
3114.0000 471.59698
3115.5000 471.52744
3117.0000 471.49030
3118.5000 471.40622
3120.0000 471.35339
3121.5000 471.30197
3123.0000 471.23938
3124.5000 471.19675
3126.0000 471.17923
3127.5000 471.12973
3129.0000 471.14734
3130.5000 471.12732
3132.0000 471.08865
3133.5000 471.03119
3135.0000 470.94400
3136.5000 470.88727
3138.0000 470.81784
3139.5000 470.76712
3141.0000 470.71732
3142.5000 470.65091
3144.0000 470.63422
3145.5000 470.64563
3147.0000 470.56464
3148.5000 470.49826
3150.0000 470.45090
3151.5000 470.38263
3153.0000 470.33420
3154.5000 470.26498
3156.0000 470.23819
3157.5000 470.20126
3159.0000 470.15839
3160.5000 470.11804
3162.0000 470.09750
3163.5000 470.06769
3165.0000 470.02667
3166.5000 469.99408
3168.0000 469.97833
3169.5000 469.94699
3171.0000 469.89157
3172.5000 469.83502
3174.0000 469.80466
3175.5000 469.77478
3177.0000 469.71161
3178.5000 469.65121
3180.0000 469.63113
3181.5000 469.60196
3183.0000 469.52414
3184.5000 469.45425
3186.0000 469.46365
3187.5000 469.40845
3189.0000 469.33200
3190.5000 469.30011
3192.0000 469.27817
3193.5000 469.22403
3195.0000 469.15491
3196.5000 469.13565
3198.0000 469.19705
3199.5000 469.08633
3201.0000 469.04129
3202.5000 469.00311
3204.0000 468.96777
3205.5000 468.89075
3207.0000 468.79376
3208.5000 468.79227
3210.0000 468.73511
3211.5000 468.65512
3213.0000 468.62750
3214.5000 468.58728
3216.0000 468.60220
3217.5000 468.45953
3219.0000 468.45166
3220.5000 468.47635
3222.0000 468.44122
3223.5000 468.39825
3225.0000 468.36124
3226.5000 468.32312
3228.0000 468.26602
3229.5000 468.18430
3231.0000 468.15204
3232.5000 468.09222
3234.0000 468.01147
3235.5000 467.95245
3237.0000 467.91019
3238.5000 467.85486
3240.0000 467.78452
3241.5000 467.75269
3243.0000 467.71555
3244.5000 467.65872
3246.0000 467.60059
3247.5000 467.57370
3249.0000 467.53201
3250.5000 467.46683
3252.0000 467.40689
3253.5000 467.35837
3255.0000 467.28214
3256.5000 467.21906
3258.0000 467.16220
3259.5000 467.09854
3261.0000 467.03595
3262.5000 466.96884
3264.0000 466.90665
3265.5000 466.83667
3267.0000 466.76807
3268.5000 466.70541
3270.0000 466.65439
3271.5000 466.59958
3273.0000 466.54767
3274.5000 466.52649
3276.0000 466.48691
3277.5000 466.42810
3279.0000 466.39255
3280.5000 466.36258
3282.0000 466.31317
3283.5000 466.37445
3285.0000 466.25732
3286.5000 466.32431
3288.0000 466.32495
3289.5000 466.36896
3291.0000 466.42352
3292.5000 466.50214
3294.0000 466.59146
3295.5000 466.66632
3297.0000 466.74649
3298.5000 466.82700
3300.0000 466.91989
3301.5000 466.99237
3303.0000 467.04218
3304.5000 467.16055
3306.0000 467.26501
3307.5000 467.38312
3309.0000 467.56705
3310.5000 467.68372
3312.0000 467.84567
3313.5000 468.02417
3315.0000 468.12750
3316.5000 468.31393
3318.0000 468.52740
3319.5000 468.68311
3321.0000 468.82556
3322.5000 468.96353
3324.0000 469.08478
3325.5000 469.21051
3327.0000 469.35370
3328.5000 469.51675
3330.0000 469.67322
3331.5000 469.80814
3333.0000 469.93365
3334.5000 470.06790
3336.0000 470.18970
3337.5000 470.33792
3339.0000 470.48065
3340.5000 470.60437
3342.0000 470.76590
3343.5000 470.96255
3345.0000 471.08044
3346.5000 471.24484
3348.0000 471.38519
3349.5000 471.51434
3351.0000 471.65591
3352.5000 471.77893
3354.0000 471.91394
3355.5000 472.05258
3357.0000 472.22134
3358.5000 472.36118
3360.0000 472.50369
3361.5000 472.62546
3363.0000 472.78763
3364.5000 472.87900
3366.0000 473.03482
3367.5000 473.16373
3369.0000 473.23029
3370.5000 473.33713
3372.0000 473.52161
3373.5000 473.57877
3375.0000 473.70721
3376.5000 473.87006
3378.0000 473.93192
3379.5000 474.07480
3381.0000 474.29327
3382.5000 474.42728
3384.0000 474.56885
3385.5000 474.71558
3387.0000 474.85645
3388.5000 474.98950
3390.0000 475.10434
3391.5000 475.20053
3393.0000 475.33752
3394.5000 475.50583
3396.0000 475.57553
3397.5000 475.68054
3399.0000 475.82266
3400.5000 475.94345
3402.0000 476.07126
3403.5000 476.18533
3405.0000 476.26132
3406.5000 476.41696
3408.0000 476.54395
3409.5000 476.62759
3411.0000 476.77295
3412.5000 476.84424
3414.0000 476.89282
3415.5000 477.01120
3417.0000 477.17365
3418.5000 477.24390
3420.0000 477.38333
3421.5000 477.43842
3423.0000 477.56375
3424.5000 477.64706
3426.0000 477.69177
3427.5000 477.77237
3429.0000 477.89722
3430.5000 477.99323
3432.0000 478.08426
3433.5000 478.13910
3435.0000 478.25726
3436.5000 478.35806
3438.0000 478.43582
3439.5000 478.58475
3441.0000 478.68604
3442.5000 478.79712
3444.0000 478.86688
3445.5000 478.96399
3447.0000 479.10233
3448.5000 479.18890
3450.0000 479.27054
3451.5000 479.33649
3453.0000 479.42813
3454.5000 479.48123
3456.0000 479.56467
3457.5000 479.66580
3459.0000 479.74167
3460.5000 479.77786
3462.0000 479.82785
3463.5000 479.87009
3465.0000 479.90421
3466.5000 479.92929
3468.0000 479.96155
3469.5000 479.96246
3471.0000 479.95169
3472.5000 479.89505
3474.0000 479.80750
3475.5000 479.76480
3477.0000 479.75452
3478.5000 479.80341
3480.0000 479.84360
3481.5000 479.87650
3483.0000 479.90039
3484.5000 479.91656
3486.0000 479.92130
3487.5000 479.95087
3489.0000 479.96213
3490.5000 479.99805
3492.0000 480.01422
3493.5000 480.00864
3495.0000 480.00043
3496.5000 480.03146
3498.0000 480.03183
3499.5000 480.04019
3501.0000 480.04056
3502.5000 480.03180
3504.0000 479.98276
3505.5000 479.90991
3507.0000 479.85287
3508.5000 479.82260
3510.0000 479.83142
3511.5000 479.81384
3513.0000 479.79321
3514.5000 479.82614
3516.0000 479.81442
3517.5000 479.78287
3519.0000 479.79773
3520.5000 479.75858
3522.0000 479.75327
3523.5000 479.74054
3525.0000 479.70422
3526.5000 479.68143
3528.0000 479.64072
3529.5000 479.63412
3531.0000 479.61752
3532.5000 479.60626
3534.0000 479.58383
3535.5000 479.55075
3537.0000 479.53314
3538.5000 479.51913
3540.0000 479.50739
3541.5000 479.48441
3543.0000 479.46384
3544.5000 479.45502
3546.0000 479.44012
3547.5000 479.41751
3549.0000 479.38980
3550.5000 479.38138
3552.0000 479.37445
3553.5000 479.36087
3555.0000 479.33078
3556.5000 479.31830
3558.0000 479.32080
3559.5000 479.32141
3561.0000 479.29486
3562.5000 479.26205
3564.0000 479.23352
3565.5000 479.20016
3567.0000 479.16315
3568.5000 479.14737
3570.0000 479.16904
3571.5000 479.17383
3573.0000 479.16714
3574.5000 479.17114
3576.0000 479.16254
3577.5000 479.15610
3579.0000 479.15085
3580.5000 479.12811
3582.0000 479.09705
3583.5000 479.08408
3585.0000 479.07346
3586.5000 479.03137
3588.0000 479.04492
3589.5000 479.16281
3591.0000 479.25375
3592.5000 479.26660
3594.0000 479.23026
3595.5000 479.22559
3597.0000 479.22061
3598.5000 479.23822
3600.0000 479.25818
3601.5000 479.30121
3603.0000 479.27878
3604.5000 479.26559
3606.0000 479.27917
3607.5000 479.30576
3609.0000 479.31073
3610.5000 479.32172
3612.0000 479.31299
3613.5000 479.29434
3615.0000 479.31253
3616.5000 479.30496
3618.0000 479.32196
3619.5000 479.32571
3621.0000 479.30981
3622.5000 479.32294
3624.0000 479.31982
3625.5000 479.34198
3627.0000 479.34543
3628.5000 479.33084
3630.0000 479.34341
3631.5000 479.33441
3633.0000 479.35449
3634.5000 479.36606
3636.0000 479.35147
3637.5000 479.35709
3639.0000 479.34576
3640.5000 479.36877
3642.0000 479.37555
3643.5000 479.36295
3645.0000 479.37070
3646.5000 479.35495
3648.0000 479.36884
3649.5000 479.38007
3651.0000 479.37271
3652.5000 479.37653
3654.0000 479.35898
3655.5000 479.36618
3657.0000 479.37131
3658.5000 479.36526
3660.0000 479.37073
3661.5000 479.35501
3663.0000 479.35553
3664.5000 479.35461
3666.0000 479.35706
3667.5000 479.35242
3669.0000 479.34784
3670.5000 479.34387
3672.0000 479.34427
3673.5000 479.34323
3675.0000 479.33948
3676.5000 479.33643
3678.0000 479.33289
3679.5000 479.33090
3681.0000 479.32761
3682.5000 479.32361
3684.0000 479.31976
3685.5000 479.31656
3687.0000 479.31332
3688.5000 479.30792
3690.0000 479.30350
3691.5000 479.29999
3693.0000 479.29602
3694.5000 479.29037
3696.0000 479.28510
3697.5000 479.28076
3699.0000 479.27783
3700.5000 479.27405
3702.0000 479.26816
3703.5000 479.26263
3705.0000 479.25775
3706.5000 479.25290
3708.0000 479.24963
3709.5000 479.24686
3711.0000 479.24231
3712.5000 479.23825
3714.0000 479.23340
3715.5000 479.22745
3717.0000 479.22241
3718.5000 479.22171
3720.0000 479.21878
3721.5000 479.21075
3723.0000 479.20685
3724.5000 479.19949
3726.0000 479.19577
3727.5000 479.18808
3729.0000 479.18005
3730.5000 479.18011
3732.0000 479.16959
3733.5000 479.16171
3735.0000 479.15213
3736.5000 479.14444
3738.0000 479.13733
3739.5000 479.13028
3741.0000 479.12628
3742.5000 479.12131
3744.0000 479.11249
3745.5000 479.10306
3747.0000 479.09235
3748.5000 479.08517
3750.0000 479.07831
3751.5000 479.07236
3753.0000 479.06540
3754.5000 479.05725
3756.0000 479.04910
3757.5000 479.04163
3759.0000 479.03311
3760.5000 479.02472
3762.0000 479.02136
3763.5000 479.01593
3765.0000 479.00967
3766.5000 479.00110
3768.0000 478.98309
3769.5000 478.95807
3771.0000 478.92953
3772.5000 478.89871
3774.0000 478.86380
3775.5000 478.82498
3777.0000 478.78775
3778.5000 478.74466
3780.0000 478.71011
3781.5000 478.63016
3783.0000 478.62210
3784.5000 478.60144
3786.0000 478.52884
3787.5000 478.50522
3789.0000 478.31073
3790.5000 478.26517
3792.0000 478.14453
3793.5000 478.08868
3795.0000 477.86746
3796.5000 477.75015
3798.0000 477.62375
3799.5000 477.43488
3801.0000 477.25876
3802.5000 477.02313
3804.0000 476.78757
3805.5000 476.64786
3807.0000 476.52371
3808.5000 476.50464
3810.0000 476.41809
3811.5000 476.29077
3813.0000 476.12009
3814.5000 475.94257
3816.0000 475.76169
3817.5000 475.60629
3819.0000 475.52399
3820.5000 475.51761
3822.0000 475.51318
3823.5000 475.47192
3825.0000 475.36786
3826.5000 475.24579
3828.0000 475.07492
3829.5000 474.92615
3831.0000 474.78217
3832.5000 474.68494
3834.0000 474.63858
3835.5000 474.56100
3837.0000 474.49527
3838.5000 474.37955
3840.0000 474.27258
3841.5000 474.12549
3843.0000 473.98535
3844.5000 473.82379
3846.0000 473.61288
3847.5000 473.56757
3849.0000 473.47095
3850.5000 473.29468
3852.0000 473.24011
3853.5000 473.20624
3855.0000 473.06866
3856.5000 472.98587
3858.0000 472.83817
3859.5000 472.71817
3861.0000 472.57697
3862.5000 472.43057
3864.0000 472.31055
3865.5000 472.21234
3867.0000 472.13507
3868.5000 472.06778
3870.0000 472.03552
3871.5000 471.93378
3873.0000 471.82523
3874.5000 471.71512
3876.0000 471.62640
3877.5000 471.52524
3879.0000 471.45587
3880.5000 471.39084
3882.0000 471.31915
3883.5000 471.32150
3885.0000 471.41129
3886.5000 471.40576
3888.0000 471.29688
3889.5000 471.19073
3891.0000 471.07925
3892.5000 470.96851
3894.0000 470.85767
3895.5000 470.77829
3897.0000 470.71490
3898.5000 470.68030
3900.0000 470.64914
3901.5000 470.61578
3903.0000 470.60001
3904.5000 470.55334
3906.0000 470.55865
3907.5000 470.54721
3909.0000 470.55954
3910.5000 470.59875
3912.0000 470.66397
3913.5000 470.70367
3915.0000 470.71011
3916.5000 470.68051
3918.0000 470.60504
3919.5000 470.50912
3921.0000 470.43066
3922.5000 470.35980
3924.0000 470.30496
3925.5000 470.27353
3927.0000 470.24408
3928.5000 470.21118
3930.0000 470.18112
3931.5000 470.17093
3933.0000 470.14975
3934.5000 470.11169
3936.0000 470.09039
3937.5000 470.07486
3939.0000 470.04977
3940.5000 470.03186
3942.0000 470.02069
3943.5000 469.99512
3945.0000 469.97025
3946.5000 469.96097
3948.0000 469.93707
3949.5000 469.91058
3951.0000 469.90558
3952.5000 469.91354
3954.0000 469.92667
3955.5000 469.93207
3957.0000 469.95242
3958.5000 469.94272
3960.0000 469.94946
3961.5000 469.92615
3963.0000 469.88513
3964.5000 469.83771
3966.0000 469.80014
3967.5000 469.76599
3969.0000 469.73154
3970.5000 469.70697
3972.0000 469.69611
3973.5000 469.68723
3975.0000 469.67633
3976.5000 469.67557
3978.0000 469.66788
3979.5000 469.65134
3981.0000 469.63409
3982.5000 469.60971
3984.0000 469.60782
3985.5000 469.60165
3987.0000 469.59073
3988.5000 469.57928
3990.0000 469.56689
3991.5000 469.56186
3993.0000 469.56256
3994.5000 469.55704
3996.0000 469.55676
3997.5000 469.54608
3999.0000 469.52466
4000.5000 469.51669
4002.0000 469.51477
4003.5000 469.51578
4005.0000 469.51282
4006.5000 469.52026
4008.0000 469.53674
4009.5000 469.54440
4011.0000 469.53476
4012.5000 469.53268
4014.0000 469.51749
4015.5000 469.52527
4017.0000 469.51654
4018.5000 469.49420
4020.0000 469.52695
4021.5000 469.50937
4023.0000 469.48929
4024.5000 469.48859
4026.0000 469.49420
4027.5000 469.48837
4029.0000 469.49374
4030.5000 469.48553
4032.0000 469.48441
4033.5000 469.47449
4035.0000 469.48981
4036.5000 469.49112
4038.0000 469.47885
4039.5000 469.47327
4041.0000 469.47583
4042.5000 469.46503
4044.0000 469.47186
4045.5000 469.46747
4047.0000 469.47018
4048.5000 469.46121
4050.0000 469.46622
4051.5000 469.45358
4053.0000 469.45200
4054.5000 469.44751
4056.0000 469.43762
4057.5000 469.42654
4059.0000 469.43500
4060.5000 469.42957
4062.0000 469.42792
4063.5000 469.43686
4065.0000 469.43173
4066.5000 469.42035
4068.0000 469.41550
4069.5000 469.41003
4071.0000 469.39563
4072.5000 469.40234
4074.0000 469.39554
4075.5000 469.38229
4077.0000 469.39197
4078.5000 469.38687
4080.0000 469.38339
4081.5000 469.39532
4083.0000 469.38968
4084.5000 469.37604
4086.0000 469.37766
4087.5000 469.36465
4089.0000 469.36359
4090.5000 469.35623
4092.0000 469.34579
4093.5000 469.34149
4095.0000 469.34756
4096.5000 469.34341
4098.0000 469.33032
4099.5000 469.33725
4101.0000 469.33569
4102.5000 469.31509
4104.0000 469.32684
4105.5000 469.38431
4107.0000 469.28113
4108.5000 469.28867
4110.0000 469.28851
4111.5000 469.29214
4113.0000 469.29260
4114.5000 469.27856
4116.0000 469.28613
4117.5000 469.26004
4119.0000 469.27060
4120.5000 469.26505
4122.0000 469.26114
4123.5000 469.25513
4125.0000 469.24271
4126.5000 469.24265
4128.0000 469.23969
4129.5000 469.23196
4131.0000 469.24377
4132.5000 469.24545
4134.0000 469.23462
4135.5000 469.23389
4137.0000 469.21445
4138.5000 469.21411
4140.0000 469.21307
4141.5000 469.21191
4143.0000 469.19403
4144.5000 469.19354
4146.0000 469.20956
4147.5000 469.18713
4149.0000 469.18484
4150.5000 469.20721
4152.0000 469.18726
4153.5000 469.18109
4155.0000 469.17484
4156.5000 469.17667
4158.0000 469.16675
4159.5000 469.15814
4161.0000 469.16202
4162.5000 469.15305
4164.0000 469.14438
4165.5000 469.15793
4167.0000 469.14822
4168.5000 469.15262
4170.0000 469.14023
4171.5000 469.13403
4173.0000 469.11819
4174.5000 469.11060
4176.0000 469.11633
4177.5000 469.10904
4179.0000 469.11154
4180.5000 469.11768
4182.0000 469.10336
4183.5000 469.11191
4185.0000 469.10977
4186.5000 469.09790
4188.0000 469.09198
4189.5000 469.08536
4191.0000 469.07599
4192.5000 469.06628
4194.0000 469.09116
4195.5000 469.06595
4197.0000 469.04721
4198.5000 469.07001
4200.0000 469.07773
4201.5000 469.06693
4203.0000 469.05856
4204.5000 469.03650
4206.0000 469.02374
4207.5000 469.01807
4209.0000 468.99689
4210.5000 468.99069
4212.0000 468.97421
4213.5000 468.96982
4215.0000 468.98608
4216.5000 468.98697
4218.0000 468.97610
4219.5000 468.96304
4221.0000 468.95331
4222.5000 468.96255
4224.0000 468.93777
4225.5000 468.92749
4227.0000 468.91324
4228.5000 468.89395
4230.0000 468.88864
4231.5000 468.88422
4233.0000 468.87531
4234.5000 468.87024
4236.0000 468.86462
4237.5000 468.86063
4239.0000 468.84988
4240.5000 468.83923
4242.0000 468.82910
4243.5000 468.81760
4245.0000 468.80573
4246.5000 468.78763
4248.0000 468.77774
4249.5000 468.76300
4251.0000 468.77042
4252.5000 468.76614
4254.0000 468.75598
4255.5000 468.74988
4257.0000 468.73788
4258.5000 468.72925
4260.0000 468.71692
4261.5000 468.70734
4263.0000 468.69269
4264.5000 468.68741
4266.0000 468.67569
4267.5000 468.67154
4269.0000 468.66449
4270.5000 468.65753
4272.0000 468.65201
4273.5000 468.64642
4275.0000 468.63742
4276.5000 468.61630
4278.0000 468.60199
4279.5000 468.60077
4281.0000 468.58990
4282.5000 468.57755
4284.0000 468.56927
4285.5000 468.56326
4287.0000 468.56384
4288.5000 468.54019
4290.0000 468.54825
4291.5000 468.54767
4293.0000 468.53549
4294.5000 468.52686
4296.0000 468.52414
4297.5000 468.50549
4299.0000 468.49649
4300.5000 468.49042
4302.0000 468.48026
4303.5000 468.48279
4305.0000 468.48199
4306.5000 468.47791
4308.0000 468.46921
4309.5000 468.46579
4311.0000 468.44083
4312.5000 468.44965
4314.0000 468.43661
4315.5000 468.42987
4317.0000 468.42371
4318.5000 468.41641
4320.0000 468.40921
4321.5000 468.42007
4323.0000 468.40900
4324.5000 468.38983
4326.0000 468.39465
4327.5000 468.39178
4329.0000 468.38278
4330.5000 468.37454
4332.0000 468.35901
4333.5000 468.35699
4335.0000 468.34729
4336.5000 468.34958
4338.0000 468.34305
4339.5000 468.34088
4341.0000 468.33603
4342.5000 468.32944
4344.0000 468.32666
4345.5000 468.32050
4347.0000 468.31772
4348.5000 468.30511
4350.0000 468.30197
4351.5000 468.29144
4353.0000 468.28748
4354.5000 468.29263
4356.0000 468.28375
4357.5000 468.28091
4359.0000 468.27902
4360.5000 468.26932
4362.0000 468.26602
4363.5000 468.24658
4365.0000 468.25342
4366.5000 468.24463
4368.0000 468.24084
4369.5000 468.23483
4371.0000 468.22076
4372.5000 468.23532
4374.0000 468.22882
4375.5000 468.22327
4377.0000 468.21732
4378.5000 468.21548
4380.0000 468.20685
4381.5000 468.20050
4383.0000 468.19293
4384.5000 468.18607
4386.0000 468.18124
4387.5000 468.16101
4389.0000 468.18188
4390.5000 468.17401
4392.0000 468.17096
4393.5000 468.16638
4395.0000 468.16327
4396.5000 468.15601
4398.0000 468.15189
4399.5000 468.14194
4401.0000 468.13376
4402.5000 468.12790
4404.0000 468.12057
4405.5000 468.12463
4407.0000 468.11932
4408.5000 468.11496
4410.0000 468.11490
4411.5000 468.10721
4413.0000 468.10376
4414.5000 468.09454
4416.0000 468.09048
4417.5000 468.07898
4419.0000 468.07657
4420.5000 468.06146
4422.0000 468.07224
4423.5000 468.06601
4425.0000 468.05936
4426.5000 468.06146
4428.0000 468.04630
4429.5000 468.05280
4431.0000 468.03952
4432.5000 468.04065
4434.0000 468.02731
4435.5000 468.02280
4437.0000 468.01407
4438.5000 468.00854
4440.0000 468.01822
4441.5000 468.00424
4443.0000 467.99088
4444.5000 467.99924
4446.0000 467.99005
4447.5000 467.98932
4449.0000 467.97940
4450.5000 467.97617
4452.0000 467.96417
4453.5000 467.96045
4455.0000 467.95215
4456.5000 467.93793
4458.0000 467.95328
4459.5000 467.94617
4461.0000 467.94162
4462.5000 467.93716
4464.0000 467.93475
4465.5000 467.92609
4467.0000 467.92255
4468.5000 467.91116
4470.0000 467.90601
4471.5000 467.89832
4473.0000 467.89142
4474.5000 467.89285
4476.0000 467.88644
4477.5000 467.89499
4479.0000 467.88504
4480.5000 467.87320
4482.0000 467.87906
4483.5000 467.86703
4485.0000 467.86469
4486.5000 467.85141
4488.0000 467.84766
4489.5000 467.83603
4491.0000 467.83765
4492.5000 467.83276
4494.0000 467.81992
4495.5000 467.83466
4497.0000 467.82602
4498.5000 467.82156
4500.0000 467.81476
4501.5000 467.81018
4503.0000 467.79965
4504.5000 467.79175
4506.0000 467.78174
4507.5000 467.77756
4509.0000 467.77585
4510.5000 467.77048
4512.0000 467.77222
4513.5000 467.76581
4515.0000 467.76624
4516.5000 467.75934
4518.0000 467.75772
4519.5000 467.75009
4521.0000 467.74042
4522.5000 467.73712
4524.0000 467.71579
4525.5000 467.72900
4527.0000 467.72220
4528.5000 467.71362
4530.0000 467.71884
4531.5000 467.71213
4533.0000 467.71451
4534.5000 467.70459
4536.0000 467.70490
4537.5000 467.69348
4539.0000 467.68903
4540.5000 467.67746
4542.0000 467.66504
4543.5000 467.67398
4545.0000 467.66870
4546.5000 467.66498
4548.0000 467.66257
4549.5000 467.66013
4551.0000 467.65720
4552.5000 467.65128
4554.0000 467.64752
4555.5000 467.63910
4557.0000 467.63156
4558.5000 467.62076
4560.0000 467.62595
4561.5000 467.61438
4563.0000 467.60828
4564.5000 467.61359
4566.0000 467.60736
4567.5000 467.60464
4569.0000 467.60156
4570.5000 467.59918
4572.0000 467.58789
4573.5000 467.58560
4575.0000 467.57193
4576.5000 467.56934
4578.0000 467.56439
4579.5000 467.56638
4581.0000 467.55991
4582.5000 467.56012
4584.0000 467.55692
4585.5000 467.54623
4587.0000 467.55219
4588.5000 467.53201
4590.0000 467.52844
4591.5000 467.51715
4593.0000 467.49829
4594.5000 467.48163
4596.0000 467.46957
4597.5000 467.47394
4599.0000 467.44919
4600.5000 467.44595
4602.0000 467.46130
4603.5000 467.44736
4605.0000 467.44104
4606.5000 467.42496
4608.0000 467.40900
4609.5000 467.40408
4611.0000 467.39798
4612.5000 467.39526
4614.0000 467.39603
4615.5000 467.38177
4617.0000 467.38751
4618.5000 467.37274
4620.0000 467.36945
4621.5000 467.36261
4623.0000 467.36374
4624.5000 467.35367
4626.0000 467.34299
4627.5000 467.31232
4629.0000 467.31461
4630.5000 467.31482
4632.0000 467.30911
4633.5000 467.30527
4635.0000 467.30457
4636.5000 467.29199
4638.0000 467.28452
4639.5000 467.28436
4641.0000 467.25864
4642.5000 467.24936
4644.0000 467.24292
4645.5000 467.20807
4647.0000 467.19479
4648.5000 467.19257
4650.0000 467.19073
4651.5000 467.20035
4653.0000 467.19635
4654.5000 467.19357
4656.0000 467.18250
4657.5000 467.17532
4659.0000 467.16998
4660.5000 467.15448
4662.0000 467.14777
4663.5000 467.14160
4665.0000 467.12036
4666.5000 467.13922
4668.0000 467.13342
4669.5000 467.13028
4671.0000 467.12796
4672.5000 467.12177
4674.0000 467.11932
4675.5000 467.11160
4677.0000 467.10397
4678.5000 467.09610
4680.0000 467.08868
4681.5000 467.08472
4683.0000 467.08221
4684.5000 467.08148
4686.0000 467.08005
4687.5000 467.07727
4689.0000 467.07425
4690.5000 467.07144
4692.0000 467.06693
4693.5000 467.06082
4695.0000 467.05264
4696.5000 467.04800
4698.0000 467.03162
4699.5000 467.04483
4701.0000 467.03860
4702.5000 467.03070
4704.0000 467.03629
4705.5000 467.02451
4707.0000 467.03317
4708.5000 467.01779
4710.0000 467.01953
4711.5000 467.00897
4713.0000 467.00378
4714.5000 466.99783
4716.0000 466.97842
4717.5000 466.99670
4719.0000 466.98648
4720.5000 466.97784
4722.0000 466.98309
4723.5000 466.97311
4725.0000 466.97571
4726.5000 466.96371
4728.0000 466.96347
4729.5000 466.95123
4731.0000 466.94867
4732.5000 466.93866
4734.0000 466.92783
4735.5000 466.93951
4737.0000 466.93250
4738.5000 466.93265
4740.0000 466.92349
4741.5000 466.92316
4743.0000 466.91556
4744.5000 466.91031
4746.0000 466.90439
4747.5000 466.89728
4749.0000 466.88391
4750.5000 466.87338
4752.0000 466.87933
4753.5000 466.85074
4755.0000 466.85968
4756.5000 466.85846
4758.0000 466.85095
4759.5000 466.84467
4761.0000 466.82297
4762.5000 466.81445
4764.0000 466.79581
4765.5000 466.78610
4767.0000 466.74734
4768.5000 466.74567
4770.0000 466.75128
4771.5000 466.74097
4773.0000 466.73029
4774.5000 466.71689
4776.0000 466.70825
4777.5000 466.68185
4779.0000 466.68076
4780.5000 466.65909
4782.0000 466.65085
4783.5000 466.62076
4785.0000 466.58496
4786.5000 466.57458
4788.0000 466.57202
4789.5000 466.55890
4791.0000 466.53308
4792.5000 466.52261
4794.0000 466.48627
4795.5000 466.51013
4797.0000 466.50116
4798.5000 466.47922
4800.0000 466.45724
4801.5000 466.44125
4803.0000 466.43982
4804.5000 466.41458
4806.0000 466.38477
4807.5000 466.39130
4809.0000 466.37579
4810.5000 466.33701
4812.0000 466.31616
4813.5000 466.30243
4815.0000 466.29776
4816.5000 466.27454
4818.0000 466.27133
4819.5000 466.26135
4821.0000 466.24597
4822.5000 466.23340
4824.0000 466.22919
4825.5000 466.21570
4827.0000 466.19498
4828.5000 466.17822
4830.0000 466.14789
4831.5000 466.14944
4833.0000 466.10458
4834.5000 466.10376
4836.0000 466.09546
4837.5000 466.05923
4839.0000 466.04218
4840.5000 466.05597
4842.0000 466.05515
4843.5000 466.04279
4845.0000 466.03699
4846.5000 466.02307
4848.0000 465.99081
4849.5000 465.98853
4851.0000 465.96716
4852.5000 465.97141
4854.0000 465.94205
4855.5000 465.93744
4857.0000 465.90335
4858.5000 465.89902
4860.0000 465.89890
4861.5000 465.89154
4863.0000 465.85721
4864.5000 465.82437
4866.0000 465.81763
4867.5000 465.79031
4869.0000 465.78568
4870.5000 465.79565
4872.0000 465.77176
4873.5000 465.75458
4875.0000 465.73398
4876.5000 465.73801
4878.0000 465.73978
4879.5000 465.74002
4881.0000 465.72198
4882.5000 465.67889
4884.0000 465.70099
4885.5000 465.66434
4887.0000 465.67175
4888.5000 465.66489
4890.0000 465.63724
4891.5000 465.63687
4893.0000 465.60846
4894.5000 465.60889
4896.0000 465.61731
4897.5000 465.61307
4899.0000 465.59604
4900.5000 465.59561
4902.0000 465.58542
4903.5000 465.59433
4905.0000 465.57648
4906.5000 465.56219
4908.0000 465.55228
4909.5000 465.55341
4911.0000 465.54645
4912.5000 465.52689
4914.0000 465.53894
4915.5000 465.53223
4917.0000 465.52310
4918.5000 465.52344
4920.0000 465.51791
4921.5000 465.50208
4923.0000 465.48419
4924.5000 465.47830
4926.0000 465.48071
4927.5000 465.47678
4929.0000 465.46170
4930.5000 465.46890
4932.0000 465.47241
4933.5000 465.44998
4935.0000 465.44501
4936.5000 465.41605
4938.0000 465.42715
4939.5000 465.42371
4941.0000 465.42297
4942.5000 465.41602
4944.0000 465.39960
4945.5000 465.40274
4947.0000 465.40799
4948.5000 465.41266
4950.0000 465.40610
4951.5000 465.39642
4953.0000 465.38681
4954.5000 465.37915
4956.0000 465.37842
4957.5000 465.36273
4959.0000 465.36758
4960.5000 465.37003
4962.0000 465.37347
4963.5000 465.36456
4965.0000 465.36319
4966.5000 465.37061
4968.0000 465.36374
4969.5000 465.35849
4971.0000 465.34296
4972.5000 465.32748
4974.0000 465.33881
4975.5000 465.33185
4977.0000 465.32587
4978.5000 465.33530
4980.0000 465.31967
4981.5000 465.32065
4983.0000 465.30652
4984.5000 465.30872
4986.0000 465.29880
4987.5000 465.29984
4989.0000 465.28976
4990.5000 465.28671
4992.0000 465.28503
4993.5000 465.27838
4995.0000 465.28937
4996.5000 465.27924
4998.0000 465.26825
4999.5000 465.27509
5001.0000 465.25851
5002.5000 465.25912
5004.0000 465.24371
5005.5000 465.24463
5007.0000 465.22507
5008.5000 465.22424
5010.0000 465.21262
5011.5000 465.20660
5013.0000 465.21906
5014.5000 465.20895
5016.0000 465.20206
5017.5000 465.19250
5019.0000 465.18549
5020.5000 465.18042
5022.0000 465.17029
5023.5000 465.15695
5025.0000 465.14551
5026.5000 465.13602
5028.0000 465.12787
5029.5000 465.12485
5031.0000 465.11465
5032.5000 465.11133
5034.0000 465.10083
5035.5000 465.09393
5037.0000 465.08182
5038.5000 465.08194
5040.0000 465.06625
5041.5000 465.05377
5043.0000 465.04068
5044.5000 465.02872
5046.0000 465.02267
5047.5000 465.01343
5049.0000 465.00964
5050.5000 464.98770
5052.0000 464.98685
5053.5000 464.97052
5055.0000 464.96252
5056.5000 464.94922
5058.0000 464.93835
5059.5000 464.92361
5061.0000 464.91748
5062.5000 464.89539
5064.0000 464.89395
5065.5000 464.87473
5067.0000 464.86349
5068.5000 464.86316
5070.0000 464.85208
5071.5000 464.83591
5073.0000 464.82587
5074.5000 464.82224
5076.0000 464.82297
5077.5000 464.81464
5079.0000 464.79941
5080.5000 464.79596
5082.0000 464.76035
5083.5000 464.78223
5085.0000 464.77005
5086.5000 464.77039
5088.0000 464.76126
5089.5000 464.73560
5091.0000 464.73599
5092.5000 464.71790
5094.0000 464.71747
5095.5000 464.70798
5097.0000 464.68457
5098.5000 464.67935
5100.0000 464.65839
5101.5000 464.65598
5103.0000 464.65076
5104.5000 464.63800
5106.0000 464.62479
5107.5000 464.62146
5109.0000 464.60449
5110.5000 464.60809
5112.0000 464.59683
5113.5000 464.57791
5115.0000 464.54843
5116.5000 464.54153
5118.0000 464.52097
5119.5000 464.50699
5121.0000 464.52625
5122.5000 464.52536
5124.0000 464.51645
5125.5000 464.49243
5127.0000 464.47495
5128.5000 464.46393
5130.0000 464.44794
5131.5000 464.44418
5133.0000 464.42621
5134.5000 464.42004
5136.0000 464.39664
5137.5000 464.40225
5139.0000 464.37189
5140.5000 464.36847
5142.0000 464.36850
5143.5000 464.36569
5145.0000 464.34747
5146.5000 464.32809
5148.0000 464.30725
5149.5000 464.28482
5151.0000 464.30447
5152.5000 464.29044
5154.0000 464.26709
5155.5000 464.26581
5157.0000 464.25458
5158.5000 464.23074
5160.0000 464.21921
5161.5000 464.21579
5163.0000 464.22336
5164.5000 464.21164
5166.0000 464.19470
5167.5000 464.16345
5169.0000 464.14743
5170.5000 464.09711
5172.0000 464.13373
5173.5000 464.12842
5175.0000 464.12509
5176.5000 464.11551
5178.0000 464.09918
5179.5000 464.07516
5181.0000 464.06863
5182.5000 464.06064
5184.0000 464.01682
5185.5000 464.05051
5187.0000 464.03268
5188.5000 464.00241
5190.0000 464.00568
5191.5000 463.99594
5193.0000 463.99820
5194.5000 463.98538
5196.0000 463.97717
5197.5000 463.96353
5199.0000 463.95355
5200.5000 463.93286
5202.0000 463.93060
5203.5000 463.92389
5205.0000 463.89951
5206.5000 463.91565
5208.0000 463.90396
5209.5000 463.90341
5211.0000 463.89627
5212.5000 463.88904
5214.0000 463.88199
5215.5000 463.87823
5217.0000 463.87030
5218.5000 463.86145
5220.0000 463.86072
5221.5000 463.85135
5223.0000 463.83704
5224.5000 463.84930
5226.0000 463.84271
5227.5000 463.84000
5229.0000 463.83548
5230.5000 463.83057
5232.0000 463.82495
5233.5000 463.82135
5235.0000 463.81412
5236.5000 463.80246
5238.0000 463.80624
5239.5000 463.78842
5241.0000 463.77820
5242.5000 463.78598
5244.0000 463.77646
5245.5000 463.77551
5247.0000 463.77414
5248.5000 463.77924
5250.0000 463.77194
5251.5000 463.76797
5253.0000 463.75656
5254.5000 463.75061
5256.0000 463.74335
5257.5000 463.74487
5259.0000 463.74442
5260.5000 463.74475
5262.0000 463.74396
5263.5000 463.74387
5265.0000 463.74176
5266.5000 463.74130
5268.0000 463.73657
5269.5000 463.73203
5271.0000 463.72504
5272.5000 463.72043
5274.0000 463.71570
5275.5000 463.71371
5277.0000 463.71899
5278.5000 463.71808
5280.0000 463.71915
5281.5000 463.71725
5283.0000 463.71683
5284.5000 463.71512
5286.0000 463.71078
5287.5000 463.70450
5289.0000 463.69937
5290.5000 463.69781
5292.0000 463.69168
5293.5000 463.69412
5295.0000 463.69708
5296.5000 463.69681
5298.0000 463.69717
5299.5000 463.69705
5301.0000 463.69513
5302.5000 463.69308
5304.0000 463.69049
5305.5000 463.68066
5307.0000 463.67447
5308.5000 463.67023
5310.0000 463.66873
5311.5000 463.67059
5313.0000 463.66751
5314.5000 463.67291
5316.0000 463.66400
5317.5000 463.66690
5319.0000 463.65918
5320.5000 463.65472
5322.0000 463.65475
5323.5000 463.64383
5325.0000 463.64603
5326.5000 463.63873
5328.0000 463.64163
5329.5000 463.64093
5331.0000 463.64703
5332.5000 463.64691
5334.0000 463.64532
5335.5000 463.64752
5337.0000 463.63882
5338.5000 463.64169
5340.0000 463.63345
5341.5000 463.62714
5343.0000 463.62384
5344.5000 463.61823
5346.0000 463.62439
5347.5000 463.61636
5349.0000 463.62946
5350.5000 463.62137
5352.0000 463.61404
5353.5000 463.62372
5355.0000 463.61786
5356.5000 463.61401
5358.0000 463.60648
5359.5000 463.60336
5361.0000 463.59485
5362.5000 463.59506
5364.0000 463.59540
5365.5000 463.59750
5367.0000 463.59937
5368.5000 463.59583
5370.0000 463.59729
5371.5000 463.59552
5373.0000 463.59457
5374.5000 463.59058
5376.0000 463.58615
5377.5000 463.57886
5379.0000 463.57645
5380.5000 463.57626
5382.0000 463.55682
5383.5000 463.58054
5385.0000 463.57605
5386.5000 463.56778
5388.0000 463.57870
5389.5000 463.57376
5391.0000 463.57593
5392.5000 463.56638
5394.0000 463.56177
5395.5000 463.55286
5397.0000 463.55869
5398.5000 463.52707
5400.0000 463.56332
5401.5000 463.55566
5403.0000 463.55136
5404.5000 463.55716
5406.0000 463.55426
5407.5000 463.53549
5409.0000 463.54630
5410.5000 463.53915
5412.0000 463.52866
5413.5000 463.52231
5415.0000 463.51996
5416.5000 463.52194
5418.0000 463.50845
5419.5000 463.54404
5421.0000 463.53741
5422.5000 463.52573
5424.0000 463.52740
5425.5000 463.51984
5427.0000 463.51773
5428.5000 463.50864
5430.0000 463.52863
5431.5000 463.51825
5433.0000 463.50836
5434.5000 463.50577
5436.0000 463.50620
5437.5000 463.50604
5439.0000 463.50641
5440.5000 463.51099
5442.0000 463.51117
5443.5000 463.50635
5445.0000 463.49670
5446.5000 463.48959
5448.0000 463.48212
5449.5000 463.48123
5451.0000 463.47281
5452.5000 463.49634
5454.0000 463.48413
5455.5000 463.48260
5457.0000 463.48050
5458.5000 463.47702
5460.0000 463.47983
5461.5000 463.47800
5463.0000 463.47638
5464.5000 463.45981
5466.0000 463.45761
5467.5000 463.45450
5469.0000 463.47507
5470.5000 463.46371
5472.0000 463.44666
5473.5000 463.46484
5475.0000 463.47269
5476.5000 463.47110
5478.0000 463.46829
5479.5000 463.46036
5481.0000 463.45325
5482.5000 463.45023
5484.0000 463.42593
5485.5000 463.44470
5487.0000 463.44171
5488.5000 463.43777
5490.0000 463.44263
5491.5000 463.43735
5493.0000 463.42950
5494.5000 463.43561
5496.0000 463.43262
5497.5000 463.41916
5499.0000 463.42108
5500.5000 463.41623
5502.0000 463.38821
5503.5000 463.41241
5505.0000 463.40680
5506.5000 463.39655
5508.0000 463.40787
5509.5000 463.40128
5511.0000 463.39236
5512.5000 463.40448
5514.0000 463.39908
5515.5000 463.38785
5517.0000 463.38495
5518.5000 463.36948
5520.0000 463.37466
5521.5000 463.36685
5523.0000 463.37497
5524.5000 463.37405
5526.0000 463.36716
5527.5000 463.36765
5529.0000 463.36838
5530.5000 463.35928
5532.0000 463.35254
5533.5000 463.35315
5535.0000 463.34213
5536.5000 463.34579
5538.0000 463.33606
5539.5000 463.32620
5541.0000 463.34753
5542.5000 463.33942
5544.0000 463.31793
5545.5000 463.30975
5547.0000 463.23593
5548.5000 463.26196
5550.0000 463.27277
5551.5000 463.28043
5553.0000 463.25784
5554.5000 463.26743
5556.0000 463.25800
5557.5000 463.25827
5559.0000 463.25812
5560.5000 463.25754
5562.0000 463.24667
5563.5000 463.24939
5565.0000 463.23923
5566.5000 463.24118
5568.0000 463.24664
5569.5000 463.23312
5571.0000 463.24658
5572.5000 463.24167
5574.0000 463.22934
5575.5000 463.22522
5577.0000 463.22467
5578.5000 463.23001
5580.0000 463.21381
5581.5000 463.19400
5583.0000 463.23328
5584.5000 463.21735
5586.0000 463.22556
5587.5000 463.20657
5589.0000 463.20071
5590.5000 463.19562
5592.0000 463.20038
5593.5000 463.19894
5595.0000 463.19852
5596.5000 463.17667
5598.0000 463.19257
5599.5000 463.19083
5601.0000 463.17578
5602.5000 463.18259
5604.0000 463.15945
5605.5000 463.15622
5607.0000 463.15921
5608.5000 463.15479
5610.0000 463.14880
5611.5000 463.15628
5613.0000 463.15884
5614.5000 463.15991
5616.0000 463.15421
5617.5000 463.15790
5619.0000 463.15512
5620.5000 463.14655
5622.0000 463.14261
5623.5000 463.14188
5625.0000 463.13837
5626.5000 463.13147
5628.0000 463.15256
5629.5000 463.14307
5631.0000 463.12955
5632.5000 463.13651
5634.0000 463.14215
5635.5000 463.12851
5637.0000 463.12799
5638.5000 463.13004
5640.0000 463.11566
5641.5000 463.10703
5643.0000 463.10687
5644.5000 463.10599
5646.0000 463.09995
5647.5000 463.10678
5649.0000 463.09320
5650.5000 463.10010
5652.0000 463.10657
5653.5000 463.09128
5655.0000 463.09296
5656.5000 463.08200
5658.0000 463.06607
5659.5000 463.05856
5661.0000 463.05698
5662.5000 463.05579
5664.0000 463.05032
5665.5000 463.04553
5667.0000 463.05746
5668.5000 463.04648
5670.0000 463.04047
5671.5000 463.04251
5673.0000 463.03485
5674.5000 463.02338
5676.0000 463.01041
5677.5000 463.01315
5679.0000 463.00610
5680.5000 462.97308
5682.0000 462.96674
5683.5000 462.98456
5685.0000 462.98880
5686.5000 462.97568
5688.0000 462.95993
5689.5000 462.96289
5691.0000 462.96109
5692.5000 462.93784
5694.0000 462.93372
5695.5000 462.93039
5697.0000 462.91986
5698.5000 462.91718
5700.0000 462.92419
5701.5000 462.92706
5703.0000 462.90952
5704.5000 462.90503
5706.0000 462.91629
5707.5000 462.90546
5709.0000 462.89331
5710.5000 462.89087
5712.0000 462.89197
5713.5000 462.88174
5715.0000 462.87686
5716.5000 462.88272
5718.0000 462.88037
5719.5000 462.85706
5721.0000 462.85248
5722.5000 462.85019
5724.0000 462.86160
5725.5000 462.84897
5727.0000 462.83768
5728.5000 462.83578
5730.0000 462.82660
5731.5000 462.82053
5733.0000 462.82043
5734.5000 462.81476
5736.0000 462.81152
5737.5000 462.81921
5739.0000 462.81851
5740.5000 462.80734
5742.0000 462.80148
5743.5000 462.78976
5745.0000 462.79611
5746.5000 462.78247
5748.0000 462.77383
5749.5000 462.78424
5751.0000 462.77661
5752.5000 462.75864
5754.0000 462.76089
5755.5000 462.76926
5757.0000 462.77066
5758.5000 462.75363
5760.0000 462.74396
5761.5000 462.74701
5763.0000 462.74521
5764.5000 462.73318
5766.0000 462.72214
5767.5000 462.72867
5769.0000 462.72739
5770.5000 462.72086
5772.0000 462.71964
5773.5000 462.72360
5775.0000 462.72229
5776.5000 462.71066
5778.0000 462.70914
5779.5000 462.71225
5781.0000 462.69687
5782.5000 462.69220
5784.0000 462.68903
5785.5000 462.69238
5787.0000 462.68762
5788.5000 462.68237
5790.0000 462.69086
5791.5000 462.68750
5793.0000 462.68375
5794.5000 462.68414
5796.0000 462.67529
5797.5000 462.67911
5799.0000 462.66901
5800.5000 462.64389
5802.0000 462.65921
5803.5000 462.65900
5805.0000 462.63678
5806.5000 462.62640
5808.0000 462.64691
5809.5000 462.64697
5811.0000 462.62390
5812.5000 462.60434
5814.0000 462.63388
5815.5000 462.63199
5817.0000 462.58618
5818.5000 462.57599
5820.0000 462.59457
5821.5000 462.59070
5823.0000 462.54587
5824.5000 462.55164
5826.0000 462.59457
5827.5000 462.58450
5829.0000 462.55426
5830.5000 462.54877
5832.0000 462.56140
5833.5000 462.54568
5835.0000 462.51172
5836.5000 462.50104
5838.0000 462.51883
5839.5000 462.47870
5841.0000 462.46924
5842.5000 462.45313
5844.0000 462.48401
5845.5000 462.47293
5847.0000 462.43985
5848.5000 462.43765
5850.0000 462.41617
5851.5000 462.39081
5853.0000 462.39975
5854.5000 462.39597
5856.0000 462.37805
5857.5000 462.36343
5859.0000 462.37271
5860.5000 462.36258
5862.0000 462.34814
5863.5000 462.34341
5865.0000 462.35147
5866.5000 462.33368
5868.0000 462.32516
5869.5000 462.33182
5871.0000 462.32303
5872.5000 462.30637
5874.0000 462.24094
5875.5000 462.24991
5877.0000 462.22745
5878.5000 462.23666
5880.0000 462.26743
5881.5000 462.24701
5883.0000 462.21490
5884.5000 462.15259
5886.0000 462.13879
5887.5000 462.14810
5889.0000 462.09546
5890.5000 462.01648
5892.0000 462.06784
5893.5000 461.95581
5895.0000 461.92258
5896.5000 462.01126
5898.0000 462.06772
5899.5000 462.01831
5901.0000 461.98651
5902.5000 461.84061
5904.0000 461.72858
5905.5000 461.70404
5907.0000 461.71350
5908.5000 461.61389
5910.0000 461.73114
5911.5000 461.69244
5913.0000 461.73361
5914.5000 461.63205
5916.0000 461.58075
5917.5000 461.55194
5919.0000 461.43304
5920.5000 461.47690
5922.0000 461.43570
5923.5000 461.50604
5925.0000 461.41556
5926.5000 461.40952
5928.0000 461.41165
5929.5000 461.38989
5931.0000 461.43860
5932.5000 461.31689
5934.0000 461.29489
5935.5000 461.28174
5937.0000 461.26993
5938.5000 461.26938
5940.0000 461.22946
5941.5000 461.28879
5943.0000 461.29861
5944.5000 461.16278
5946.0000 461.11322
5947.5000 461.13620
5949.0000 461.22037
5950.5000 461.16806
5952.0000 461.13379
5953.5000 461.08606
5955.0000 461.10327
5956.5000 461.04431
5958.0000 461.06619
5959.5000 461.06796
5961.0000 461.08032
5962.5000 461.07095
5964.0000 461.05936
5965.5000 461.04709
5967.0000 461.04202
5968.5000 461.03619
5970.0000 461.04233
5971.5000 461.04697
5973.0000 461.02145
5974.5000 461.03702
5976.0000 461.01755
5977.5000 461.04691
5979.0000 461.02420
5980.5000 461.01804
5982.0000 461.06927
5983.5000 460.98984
5985.0000 461.01193
5986.5000 461.01514
5988.0000 461.00385
5989.5000 460.97058
5991.0000 460.99368
5992.5000 460.99948
5994.0000 460.99463
5995.5000 460.98233
5997.0000 460.96658
5998.5000 461.00015
6000.0000 460.95972