0.0000000 0.0000000
0.10000000 0.0000000
0.20000000 0.0000000
0.30000001 0.0000000
0.40000001 0.0000000
0.50000000 0.0000000
0.60000002 0.0000000
0.69999999 0.0000000
0.80000001 0.0000000
0.89999998 0.0000000
1.0000000 0.0000000
1.1000000 0.0000000
1.2000000 0.0000000
1.3000000 0.0000000
1.4000000 0.0000000
1.5000000 0.0000000
1.6000000 0.0000000
1.7000000 0.0000000
1.8000000 0.0000000
1.9000000 0.0000000
2.0000000 0.0000000
2.0999999 0.0000000
2.2000000 0.0000000
2.3000000 0.0000000
2.4000001 0.0000000
2.5000000 0.0000000
2.5999999 0.0000000
2.7000000 0.0000000
2.8000000 0.0000000
2.9000001 0.0000000
3.0000000 0.0000000
3.0999999 0.0000000
3.2000000 0.0000000
3.3000000 0.0000000
3.4000001 0.0000000
3.5000000 0.0000000
3.5999999 0.0000000
3.7000000 0.0000000
3.8000000 0.0000000
3.9000001 0.0000000
4.0000000 0.0000000
4.0999999 0.0000000
4.1999998 0.0000000
4.3000002 0.0000000
4.4000001 0.0000000
4.5000000 0.0000000
4.5999999 0.0000000
4.6999998 0.0000000
4.8000002 0.0000000
4.9000001 0.0000000
5.0000000 0.0000000
6.5000000 0.0000000
8.0000000 0.0000000
9.5000000 0.0000000
11.000000 0.0000000
12.500000 0.0000000
14.000000 0.0000000
15.500000 0.0000000
17.000000 0.0000000
18.500000 0.0000000
20.000000 0.0000000
21.500000 0.0000000
23.000000 0.0000000
24.500000 0.0000000
26.000000 0.0000000
27.500000 0.0000000
29.000000 0.0000000
30.500000 0.0000000
32.000000 0.0000000
33.500000 0.0000000
35.000000 0.0000000
36.500000 0.0000000
38.000000 0.0000000
39.500000 0.0000000
41.000000 0.0000000
42.500000 0.0000000
44.000000 0.0000000
45.500000 0.0000000
47.000000 0.0000000
48.500000 0.0000000
50.000000 162.89880
51.500000 140.86696
53.000000 89.117073
54.500000 12.641141
56.000000 206.79121
57.500000 188.54776
59.000000 246.52547
60.500000 161.31253
62.000000 323.60800
63.500000 343.81006
65.000000 27.402397
66.500000 329.09857
68.000000 286.87216
69.500000 243.25061
71.000000 449.58633
72.500000 121.18471
74.000000 265.09210
75.500000 338.80069
77.000000 484.65176
78.500000 313.75833
80.000000 340.68454
81.500000 519.22516
83.000000 523.29639
84.500000 414.28354
86.000000 328.89215
87.500000 198.51675
89.000000 150.65749
90.500000 75.930809
92.000000 85.074364
93.500000 265.60550
95.000000 162.38190
96.500000 152.78888
98.000000 169.98329
99.500000 215.64079
101.00000 180.42856
102.50000 107.38278
104.00000 159.96227
105.50000 199.88087
107.00000 93.778152
108.50000 28.929708
110.00000 82.505203
111.50000 52.433388
113.00000 0.0000000
114.50000 0.0000000
116.00000 0.0000000
117.50000 0.0000000
119.00000 0.0000000
120.50000 0.0000000
122.00000 0.0000000
123.50000 0.0000000
125.00000 0.0000000
126.50000 13.938493
128.00000 0.0000000
129.50000 0.0000000
131.00000 0.0000000
132.50000 0.0000000
134.00000 0.0000000
135.50000 0.0000000
137.00000 0.0000000
138.50000 0.0000000
140.00000 0.0000000
141.50000 0.0000000
143.00000 0.0000000
144.50000 0.0000000
146.00000 0.0000000
147.50000 0.0000000
149.00000 0.0000000
150.50000 0.0000000
152.00000 0.0000000
153.50000 0.0000000
155.00000 0.0000000
156.50000 0.0000000
158.00000 0.0000000
159.50000 0.0000000
161.00000 0.0000000
162.50000 0.0000000
164.00000 0.0000000
165.50000 0.0000000
167.00000 0.0000000
168.50000 0.0000000
170.00000 0.0000000
171.50000 0.0000000
173.00000 0.0000000
174.50000 0.0000000
176.00000 0.0000000
177.50000 0.0000000
179.00000 0.0000000
180.50000 0.0000000
182.00000 0.0000000
183.50000 0.0000000
185.00000 0.0000000
186.50000 0.0000000
188.00000 0.0000000
189.50000 0.0000000
191.00000 0.0000000
192.50000 0.0000000
194.00000 0.0000000
195.50000 0.0000000
197.00000 0.0000000
198.50000 0.0000000
200.00000 0.0000000
201.50000 0.0000000
203.00000 0.0000000
204.50000 0.0000000
206.00000 0.0000000
207.50000 0.0000000
209.00000 0.0000000
210.50000 0.0000000
212.00000 0.0000000
213.50000 0.0000000
215.00000 0.0000000
216.50000 0.0000000
218.00000 0.0000000
219.50000 0.0000000
221.00000 0.0000000
222.50000 0.0000000
224.00000 0.0000000
225.50000 0.0000000
227.00000 0.0000000
228.50000 0.0000000
230.00000 0.0000000
231.50000 0.0000000
233.00000 0.0000000
234.50000 0.0000000
236.00000 0.0000000
237.50000 0.0000000
239.00000 0.0000000
240.50000 0.0000000
242.00000 0.0000000
243.50000 0.0000000
245.00000 0.0000000
246.50000 0.0000000
248.00000 0.0000000
249.50000 0.0000000
251.00000 0.0000000
252.50000 0.0000000
254.00000 0.0000000
255.50000 0.0000000
257.00000 0.0000000
258.50000 0.0000000
260.00000 0.0000000
261.50000 0.0000000
263.00000 0.0000000
264.50000 0.0000000
266.00000 0.0000000
267.50000 0.0000000
269.00000 0.0000000
270.50000 0.0000000
272.00000 0.0000000
273.50000 0.0000000
275.00000 0.0000000
276.50000 0.0000000
278.00000 0.0000000
279.50000 0.0000000
281.00000 0.0000000
282.50000 0.0000000
284.00000 0.0000000
285.50000 0.0000000
287.00000 0.0000000
288.50000 0.0000000
290.00000 0.0000000
291.50000 0.0000000
293.00000 0.0000000
294.50000 0.0000000
296.00000 0.0000000
297.50000 0.0000000
299.00000 0.0000000
300.50000 0.0000000
302.00000 0.0000000
303.50000 0.0000000
305.00000 0.0000000
306.50000 0.0000000
308.00000 0.0000000
309.50000 0.0000000
311.00000 0.0000000
312.50000 0.0000000
314.00000 0.0000000
315.50000 0.0000000
317.00000 0.0000000
318.50000 0.0000000
320.00000 0.0000000
321.50000 0.0000000
323.00000 0.0000000
324.50000 0.0000000
326.00000 0.0000000
327.50000 0.0000000
329.00000 0.0000000
330.50000 0.0000000
332.00000 0.0000000
333.50000 0.0000000
335.00000 0.0000000
336.50000 0.0000000
338.00000 0.0000000
339.50000 0.0000000
341.00000 0.0000000
342.50000 0.0000000
344.00000 0.0000000
345.50000 0.0000000
347.00000 0.0000000
348.50000 0.0000000
350.00000 0.0000000
351.50000 0.0000000
353.00000 0.0000000
354.50000 0.0000000
356.00000 0.0000000
357.50000 0.0000000
359.00000 0.0000000
360.50000 0.0000000
362.00000 0.0000000
363.50000 0.0000000
365.00000 0.0000000
366.50000 0.0000000
368.00000 0.0000000
369.50000 0.0000000
371.00000 0.0000000
372.50000 0.0000000
374.00000 0.0000000
375.50000 0.0000000
377.00000 0.0000000
378.50000 0.0000000
380.00000 0.0000000
381.50000 0.0000000
383.00000 0.0000000
384.50000 0.0000000
386.00000 0.0000000
387.50000 0.0000000
389.00000 0.0000000
390.50000 0.0000000
392.00000 0.0000000
393.50000 0.0000000
395.00000 0.0000000
396.50000 0.0000000
398.00000 0.0000000
399.50000 0.0000000
401.00000 0.0000000
402.50000 0.0000000
404.00000 0.0000000
405.50000 0.0000000
407.00000 0.0000000
408.50000 0.0000000
410.00000 0.0000000
411.50000 0.0000000
413.00000 0.0000000
414.50000 0.0000000
416.00000 0.0000000
417.50000 0.0000000
419.00000 0.0000000
420.50000 0.0000000
422.00000 0.0000000
423.50000 0.0000000
425.00000 0.0000000
426.50000 0.0000000
428.00000 0.0000000
429.50000 0.0000000
431.00000 0.0000000
432.50000 0.0000000
434.00000 0.0000000
435.50000 0.0000000
437.00000 0.0000000
438.50000 0.0000000
440.00000 0.0000000
441.50000 0.0000000
443.00000 0.0000000
444.50000 0.0000000
446.00000 0.0000000
447.50000 0.0000000
449.00000 0.0000000
450.50000 0.0000000
452.00000 0.0000000
453.50000 0.0000000
455.00000 0.0000000
456.50000 0.0000000
458.00000 0.0000000
459.50000 0.0000000
461.00000 0.0000000
462.50000 0.0000000
464.00000 0.0000000
465.50000 0.0000000
467.00000 0.0000000
468.50000 0.0000000
470.00000 0.0000000
471.50000 0.0000000
473.00000 0.0000000
474.50000 0.0000000
476.00000 0.0000000
477.50000 0.0000000
479.00000 0.0000000
480.50000 0.0000000
482.00000 0.0000000
483.50000 0.0000000
485.00000 0.0000000
486.50000 0.0000000
488.00000 0.0000000
489.50000 0.0000000
491.00000 0.0000000
492.50000 0.0000000
494.00000 0.0000000
495.50000 0.0000000
497.00000 0.0000000
498.50000 0.0000000
500.00000 0.0000000
501.50000 0.0000000
503.00000 0.0000000
504.50000 0.0000000
506.00000 0.0000000
507.50000 0.0000000
509.00000 0.0000000
510.50000 0.0000000
512.00000 0.0000000
513.50000 0.0000000
515.00000 0.0000000
516.50000 0.0000000
518.00000 0.0000000
519.50000 0.0000000
521.00000 0.0000000
522.50000 0.0000000
524.00000 0.0000000
525.50000 0.0000000
527.00000 0.0000000
528.50000 0.0000000
530.00000 0.0000000
531.50000 0.0000000
533.00000 0.0000000
534.50000 0.0000000
536.00000 0.0000000
537.50000 0.0000000
539.00000 0.0000000
540.50000 0.0000000
542.00000 0.0000000
543.50000 0.0000000
545.00000 0.0000000
546.50000 0.0000000
548.00000 0.0000000
549.50000 0.0000000
551.00000 0.0000000
552.50000 0.0000000
554.00000 0.0000000
555.50000 0.0000000
557.00000 0.0000000
558.50000 0.0000000
560.00000 0.0000000
561.50000 0.0000000
563.00000 0.0000000
564.50000 0.0000000
566.00000 0.0000000
567.50000 0.0000000
569.00000 0.0000000
570.50000 0.0000000
572.00000 0.0000000
573.50000 0.0000000
575.00000 0.0000000
576.50000 0.0000000
578.00000 0.0000000
579.50000 0.0000000
581.00000 0.0000000
582.50000 0.0000000
584.00000 0.0000000
585.50000 0.0000000
587.00000 0.0000000
588.50000 0.0000000
590.00000 0.0000000
591.50000 0.0000000
593.00000 0.0000000
594.50000 0.0000000
596.00000 0.0000000
597.50000 0.0000000
599.00000 0.0000000
600.50000 0.0000000
602.00000 0.0000000
603.50000 0.0000000
605.00000 0.0000000
606.50000 0.0000000
608.00000 0.0000000
609.50000 0.0000000
611.00000 0.0000000
612.50000 0.0000000
614.00000 0.0000000
615.50000 0.0000000
617.00000 0.0000000
618.50000 0.0000000
620.00000 0.0000000
621.50000 0.0000000
623.00000 0.0000000
624.50000 0.0000000
626.00000 0.0000000
627.50000 0.0000000
629.00000 0.0000000
630.50000 0.0000000
632.00000 0.0000000
633.50000 0.0000000
635.00000 0.0000000
636.50000 0.0000000
638.00000 0.0000000
639.50000 0.0000000
641.00000 0.0000000
642.50000 0.0000000
644.00000 0.0000000
645.50000 0.0000000
647.00000 0.0000000
648.50000 0.0000000
650.00000 0.0000000
651.50000 0.0000000
653.00000 0.0000000
654.50000 0.0000000
656.00000 0.0000000
657.50000 0.0000000
659.00000 0.0000000
660.50000 0.0000000
662.00000 0.0000000
663.50000 0.0000000
665.00000 0.0000000
666.50000 0.0000000
668.00000 0.0000000
669.50000 0.0000000
671.00000 0.0000000
672.50000 0.0000000
674.00000 0.0000000
675.50000 0.0000000
677.00000 0.0000000
678.50000 0.0000000
680.00000 0.0000000
681.50000 0.0000000
683.00000 0.0000000
684.50000 0.0000000
686.00000 0.0000000
687.50000 0.0000000
689.00000 0.0000000
690.50000 0.0000000
692.00000 0.0000000
693.50000 0.0000000
695.00000 0.0000000
696.50000 0.0000000
698.00000 0.0000000
699.50000 0.0000000
701.00000 0.0000000
702.50000 0.0000000
704.00000 0.0000000
705.50000 0.0000000
707.00000 0.0000000
708.50000 0.0000000
710.00000 0.0000000
711.50000 0.0000000
713.00000 0.0000000
714.50000 0.0000000
716.00000 0.0000000
717.50000 0.0000000
719.00000 0.0000000
720.50000 0.0000000
722.00000 0.0000000
723.50000 0.0000000
725.00000 0.0000000
726.50000 0.0000000
728.00000 0.0000000
729.50000 0.0000000
731.00000 0.0000000
732.50000 0.0000000
734.00000 0.0000000
735.50000 0.0000000
737.00000 0.0000000
738.50000 0.0000000
740.00000 0.0000000
741.50000 0.0000000
743.00000 0.0000000
744.50000 0.0000000
746.00000 0.0000000
747.50000 0.0000000
749.00000 0.0000000
750.50000 0.0000000
752.00000 0.0000000
753.50000 0.0000000
755.00000 0.0000000
756.50000 0.0000000
758.00000 0.0000000
759.50000 0.0000000
761.00000 0.0000000
762.50000 0.0000000
764.00000 0.0000000
765.50000 0.0000000
767.00000 0.0000000
768.50000 0.0000000
770.00000 0.0000000
771.50000 0.0000000
773.00000 0.0000000
774.50000 0.0000000
776.00000 0.0000000
777.50000 0.0000000
779.00000 0.0000000
780.50000 0.0000000
782.00000 0.0000000
783.50000 0.0000000
785.00000 0.0000000
786.50000 0.0000000
788.00000 0.0000000
789.50000 0.0000000
791.00000 0.0000000
792.50000 0.0000000
794.00000 0.0000000
795.50000 0.0000000
797.00000 0.0000000
798.50000 0.0000000
800.00000 0.0000000
801.50000 0.0000000
803.00000 0.0000000
804.50000 0.0000000
806.00000 0.0000000
807.50000 0.0000000
809.00000 0.0000000
810.50000 0.0000000
812.00000 0.0000000
813.50000 0.0000000
815.00000 0.0000000
816.50000 0.0000000
818.00000 0.0000000
819.50000 0.0000000
821.00000 0.0000000
822.50000 0.0000000
824.00000 0.0000000
825.50000 0.0000000
827.00000 0.0000000
828.50000 0.0000000
830.00000 0.0000000
831.50000 0.0000000
833.00000 0.0000000
834.50000 0.0000000
836.00000 0.0000000
837.50000 0.0000000
839.00000 0.0000000
840.50000 0.0000000
842.00000 0.0000000
843.50000 0.0000000
845.00000 0.0000000
846.50000 0.0000000
848.00000 0.0000000
849.50000 0.0000000
851.00000 0.0000000
852.50000 0.0000000
854.00000 0.0000000
855.50000 0.0000000
857.00000 0.0000000
858.50000 0.0000000
860.00000 0.0000000
861.50000 0.0000000
863.00000 0.0000000
864.50000 0.0000000
866.00000 0.0000000
867.50000 55.332314
869.00000 55.233837
870.50000 54.829151
872.00000 0.0000000
873.50000 54.751305
875.00000 73.163002
876.50000 56.030602
878.00000 0.0000000
879.50000 0.0000000
881.00000 71.365448
882.50000 29.679985
884.00000 102.24452
885.50000 56.348339
887.00000 0.0000000
888.50000 30.539907
890.00000 14.186706
891.50000 132.69633
893.00000 70.168678
894.50000 124.65270
896.00000 64.789734
897.50000 149.77605
899.00000 13.495807
900.50000 27.000692
902.00000 134.28264
903.50000 140.64264
905.00000 248.61052
906.50000 297.52264
908.00000 218.35794
909.50000 55.283211
911.00000 85.717758
912.50000 256.09637
914.00000 258.01144
915.50000 115.31885
917.00000 161.53023
918.50000 112.45390
920.00000 132.78337
921.50000 238.54567
923.00000 221.15678
924.50000 223.88037
926.00000 246.10892
927.50000 172.74852
929.00000 180.22415
930.50000 193.94725
932.00000 276.33694
933.50000 255.28577
935.00000 141.78389
936.50000 147.51244
938.00000 225.66611
939.50000 249.56471
941.00000 77.612656
942.50000 105.40672
944.00000 92.926826
945.50000 264.67877
947.00000 233.93352
948.50000 68.692039
950.00000 119.76606
951.50000 144.74220
953.00000 264.85818
954.50000 119.61356
956.00000 162.24144
957.50000 26.837868
959.00000 71.069710
960.50000 224.00943
962.00000 175.06723
963.50000 121.47180
965.00000 90.334068
966.50000 89.307411
968.00000 52.256599
969.50000 113.79496
971.00000 53.313858
972.50000 71.556190
974.00000 168.61261
975.50000 79.671936
977.00000 104.52682
978.50000 128.22807
980.00000 160.40729
981.50000 116.72143
983.00000 178.91013
984.50000 195.00787
986.00000 225.69307
987.50000 125.54520
989.00000 120.59094
990.50000 136.37231
992.00000 63.997860
993.50000 73.784554
995.00000 89.165459
996.50000 123.48044
998.00000 23.962561
999.50000 0.0000000
1001.0000 25.266973
1002.5000 70.305687
1004.0000 12.415129
1005.5000 0.0000000
1007.0000 0.0000000
1008.5000 0.0000000
1010.0000 0.0000000
1011.5000 0.0000000
1013.0000 0.0000000
1014.5000 0.0000000
1016.0000 0.0000000
1017.5000 0.0000000
1019.0000 0.0000000
1020.5000 0.0000000
1022.0000 0.0000000
1023.5000 0.0000000
1025.0000 0.0000000
1026.5000 0.0000000
1028.0000 0.0000000
1029.5000 0.0000000
1031.0000 0.0000000
1032.5000 0.0000000
1034.0000 0.0000000
1035.5000 0.0000000
1037.0000 0.0000000
1038.5000 0.0000000
1040.0000 0.0000000
1041.5000 0.0000000
1043.0000 0.0000000
1044.5000 0.0000000
1046.0000 0.0000000
1047.5000 0.0000000
1049.0000 0.0000000
1050.5000 0.0000000
1052.0000 0.0000000
1053.5000 0.0000000
1055.0000 0.0000000
1056.5000 0.0000000
1058.0000 0.0000000
1059.5000 0.0000000
1061.0000 0.0000000
1062.5000 0.0000000
1064.0000 0.0000000
1065.5000 0.0000000
1067.0000 0.0000000
1068.5000 0.0000000
1070.0000 0.0000000
1071.5000 0.0000000
1073.0000 0.0000000
1074.5000 0.0000000
1076.0000 0.0000000
1077.5000 0.0000000
1079.0000 0.0000000
1080.5000 0.0000000
1082.0000 0.0000000
1083.5000 0.0000000
1085.0000 0.0000000
1086.5000 0.0000000
1088.0000 0.0000000
1089.5000 0.0000000
1091.0000 0.0000000
1092.5000 0.0000000
1094.0000 0.0000000
1095.5000 0.0000000
1097.0000 0.0000000
1098.5000 0.0000000
1100.0000 0.0000000
1101.5000 0.0000000
1103.0000 0.0000000
1104.5000 0.0000000
1106.0000 0.0000000
1107.5000 0.0000000
1109.0000 0.0000000
1110.5000 0.0000000
1112.0000 0.0000000
1113.5000 0.0000000
1115.0000 0.0000000
1116.5000 0.0000000
1118.0000 0.0000000
1119.5000 0.0000000
1121.0000 0.0000000
1122.5000 0.0000000
1124.0000 0.0000000
1125.5000 0.0000000
1127.0000 0.0000000
1128.5000 0.0000000
1130.0000 0.0000000
1131.5000 0.0000000
1133.0000 0.0000000
1134.5000 0.0000000
1136.0000 0.0000000
1137.5000 0.0000000
1139.0000 0.0000000
1140.5000 0.0000000
1142.0000 0.0000000
1143.5000 0.0000000
1145.0000 0.0000000
1146.5000 0.0000000
1148.0000 0.0000000
1149.5000 0.0000000
1151.0000 0.0000000
1152.5000 0.0000000
1154.0000 0.0000000
1155.5000 0.0000000
1157.0000 0.0000000
1158.5000 0.0000000
1160.0000 0.0000000
1161.5000 0.0000000
1163.0000 0.0000000
1164.5000 0.0000000
1166.0000 0.0000000
1167.5000 0.0000000
1169.0000 0.0000000
1170.5000 0.0000000
1172.0000 0.0000000
1173.5000 0.0000000
1175.0000 0.0000000
1176.5000 0.0000000
1178.0000 0.0000000
1179.5000 0.0000000
1181.0000 0.0000000
1182.5000 0.0000000
1184.0000 0.0000000
1185.5000 0.0000000
1187.0000 0.0000000
1188.5000 0.0000000
1190.0000 0.0000000
1191.5000 0.0000000
1193.0000 0.0000000
1194.5000 0.0000000
1196.0000 0.0000000
1197.5000 0.0000000
1199.0000 0.0000000
1200.5000 0.0000000
1202.0000 0.0000000
1203.5000 0.0000000
1205.0000 0.0000000
1206.5000 0.0000000
1208.0000 0.0000000
1209.5000 0.0000000
1211.0000 0.0000000
1212.5000 0.0000000
1214.0000 0.0000000
1215.5000 0.0000000
1217.0000 0.0000000
1218.5000 0.0000000
1220.0000 0.0000000
1221.5000 0.0000000
1223.0000 0.0000000
1224.5000 0.0000000
1226.0000 0.0000000
1227.5000 0.0000000
1229.0000 0.0000000
1230.5000 0.0000000
1232.0000 0.0000000
1233.5000 0.0000000
1235.0000 0.0000000
1236.5000 0.0000000
1238.0000 0.0000000
1239.5000 0.0000000
1241.0000 0.0000000
1242.5000 0.0000000
1244.0000 0.0000000
1245.5000 0.0000000
1247.0000 0.0000000
1248.5000 0.0000000
1250.0000 0.0000000
1251.5000 0.0000000
1253.0000 0.0000000
1254.5000 0.0000000
1256.0000 0.0000000
1257.5000 0.0000000
1259.0000 0.0000000
1260.5000 0.0000000
1262.0000 0.0000000
1263.5000 0.0000000
1265.0000 0.0000000
1266.5000 0.0000000
1268.0000 0.0000000
1269.5000 0.0000000
1271.0000 0.0000000
1272.5000 0.0000000
1274.0000 95.128189
1275.5000 98.009605
1277.0000 153.26361
1278.5000 151.32092
1280.0000 53.697956
1281.5000 130.82520
1283.0000 160.93201
1284.5000 237.04453
1286.0000 382.85913
1287.5000 292.38385
1289.0000 129.36398
1290.5000 216.31012
1292.0000 130.00186
1293.5000 302.42258
1295.0000 244.65054
1296.5000 321.95901
1298.0000 375.07803
1299.5000 200.98468
1301.0000 278.25266
1302.5000 185.36575
1304.0000 291.11002
1305.5000 183.83588
1307.0000 172.93613
1308.5000 178.73856
1310.0000 168.37245
1311.5000 229.00414
1313.0000 212.82327
1314.5000 263.07114
1316.0000 299.30362
1317.5000 303.52667
1319.0000 188.88132
1320.5000 221.14925
1322.0000 150.78358
1323.5000 394.26028
1325.0000 323.30585
1326.5000 329.80267
1328.0000 50.300255
1329.5000 143.83116
1331.0000 50.806820
1332.5000 243.00362
1334.0000 175.45508
1335.5000 166.99001
1337.0000 386.57385
1338.5000 380.78189
1340.0000 257.23026
1341.5000 226.82535
1343.0000 382.15268
1344.5000 424.08286
1346.0000 83.938828
1347.5000 406.05887
1349.0000 273.78058
1350.5000 361.82425
1352.0000 412.86731
1353.5000 341.96170
1355.0000 373.81693
1356.5000 414.54733
1358.0000 58.325905
1359.5000 281.98087
1361.0000 24.972082
1362.5000 535.16644
1364.0000 91.571503
1365.5000 442.80545
1367.0000 809.35815
1368.5000 264.65436
1370.0000 448.50464
1371.5000 405.96680
1373.0000 818.51904
1374.5000 1377.3350
1376.0000 1272.8606
1377.5000 339.87518
1379.0000 683.98969
1380.5000 497.54443
1382.0000 44.774567
1383.5000 318.72952
1385.0000 443.32468
1386.5000 808.81726
1388.0000 692.49896
1389.5000 217.46307
1391.0000 326.99579
1392.5000 680.55182
1394.0000 211.11450
1395.5000 404.20746
1397.0000 320.04337
1398.5000 396.98499
1400.0000 180.95580
1401.5000 330.87640
1403.0000 261.36877
1404.5000 326.31128
1406.0000 517.51062
1407.5000 426.87225
1409.0000 251.96278
1410.5000 368.81595
1412.0000 450.54678
1413.5000 494.66492
1415.0000 508.03830
1416.5000 161.96312
1418.0000 418.43295
1419.5000 401.85864
1421.0000 427.96277
1422.5000 511.76535
1424.0000 487.90643
1425.5000 481.68314
1427.0000 540.02454
1428.5000 312.80228
1430.0000 378.47821
1431.5000 504.52255
1433.0000 442.20859
1434.5000 368.39661
1436.0000 491.47452
1437.5000 260.95129
1439.0000 162.31508
1440.5000 125.43752
1442.0000 356.55743
1443.5000 237.14471
1445.0000 284.30133
1446.5000 41.926689
1448.0000 339.02258
1449.5000 121.14324
1451.0000 208.38651
1452.5000 315.91605
1454.0000 119.04721
1455.5000 36.309547
1457.0000 140.86218
1458.5000 107.63393
1460.0000 258.89026
1461.5000 108.82948
1463.0000 181.86031
1464.5000 166.85889
1466.0000 141.48947
1467.5000 112.19272
1469.0000 151.10124
1470.5000 73.127167
1472.0000 76.142166
1473.5000 94.681213
1475.0000 210.84021
1476.5000 83.086884
1478.0000 75.415039
1479.5000 167.00281
1481.0000 143.77173
1482.5000 144.65536
1484.0000 88.389389
1485.5000 74.221382
1487.0000 0.0000000
1488.5000 75.487900
1490.0000 73.332298
1491.5000 164.41417
1493.0000 207.97714
1494.5000 71.573761
1496.0000 38.140072
1497.5000 73.925697
1499.0000 0.0000000
1500.5000 0.0000000
1502.0000 63.336510
1503.5000 72.837219
1505.0000 0.0000000
1506.5000 37.180664
1508.0000 36.936283
1509.5000 71.146652
1511.0000 139.58080
1512.5000 72.832359
1514.0000 85.848190
1515.5000 72.612381
1517.0000 74.608269
1518.5000 73.509117
1520.0000 36.084568
1521.5000 18.551128
1523.0000 0.0000000
1524.5000 0.0000000
1526.0000 72.399437
1527.5000 154.03267
1529.0000 0.0000000
1530.5000 36.930439
1532.0000 68.347488
1533.5000 71.593842
1535.0000 71.306145
1536.5000 71.536621
1538.0000 0.0000000
1539.5000 0.0000000
1541.0000 70.457039
1542.5000 69.117722
1544.0000 35.879612
1545.5000 68.975983
1547.0000 68.993774
1548.5000 71.108170
1550.0000 53.526703
1551.5000 70.280121
1553.0000 36.725426
1554.5000 36.204239
1556.0000 35.577606
1557.5000 37.483097
1559.0000 59.287300
1560.5000 35.355999
1562.0000 68.235435
1563.5000 0.0000000
1565.0000 0.0000000
1566.5000 149.04726
1568.0000 34.305573
1569.5000 35.299709
1571.0000 80.632980
1572.5000 0.0000000
1574.0000 69.532387
1575.5000 36.151672
1577.0000 151.32201
1578.5000 0.0000000
1580.0000 0.0000000
1581.5000 0.0000000
1583.0000 0.0000000
1584.5000 69.589226
1586.0000 68.756973
1587.5000 51.263836
1589.0000 0.0000000
1590.5000 0.0000000
1592.0000 67.983475
1593.5000 67.209587
1595.0000 37.026058
1596.5000 58.302807
1598.0000 0.0000000
1599.5000 0.0000000
1601.0000 70.253288
1602.5000 35.341465
1604.0000 35.009644
1605.5000 103.07228
1607.0000 30.715384
1608.5000 34.697403
1610.0000 116.86576
1611.5000 36.440987
1613.0000 0.0000000
1614.5000 52.760670
1616.0000 34.945354
1617.5000 69.976181
1619.0000 35.914925
1620.5000 30.737682
1622.0000 45.147423
1623.5000 37.264572
1625.0000 67.825989
1626.5000 99.721016
1628.0000 35.059105
1629.5000 17.628479
1631.0000 36.952240
1632.5000 36.724831
1634.0000 66.843422
1635.5000 50.629314
1637.0000 37.058174
1638.5000 0.0000000
1640.0000 0.0000000
1641.5000 0.0000000
1643.0000 0.0000000
1644.5000 0.0000000
1646.0000 0.0000000
1647.5000 30.970509
1649.0000 0.0000000
1650.5000 67.515808
1652.0000 31.545811
1653.5000 0.0000000
1655.0000 0.0000000
1656.5000 0.0000000
1658.0000 67.291626
1659.5000 0.0000000
1661.0000 0.0000000
1662.5000 0.0000000
1664.0000 34.607193
1665.5000 101.79482
1667.0000 66.860374
1668.5000 30.880953
1670.0000 34.567024
1671.5000 36.675514
1673.0000 0.0000000
1674.5000 34.314636
1676.0000 35.252876
1677.5000 63.840004
1679.0000 35.584381
1680.5000 0.0000000
1682.0000 67.797165
1683.5000 34.889877
1685.0000 0.0000000
1686.5000 48.323555
1688.0000 0.0000000
1689.5000 18.332638
1691.0000 36.559048
1692.5000 68.114937
1694.0000 33.528530
1695.5000 23.139540
1697.0000 52.780434
1698.5000 49.611462
1700.0000 0.0000000
1701.5000 27.093912
1703.0000 43.583179
1704.5000 18.154648
1706.0000 85.891907
1707.5000 33.826160
1709.0000 82.166496
1710.5000 68.394684
1712.0000 68.746628
1713.5000 78.414215
1715.0000 133.51839
1716.5000 0.0000000
1718.0000 96.082176
1719.5000 35.209644
1721.0000 29.934795
1722.5000 95.867424
1724.0000 69.143143
1725.5000 33.975086
1727.0000 120.08430
1728.5000 75.786217
1730.0000 18.420862
1731.5000 113.51208
1733.0000 133.34261
1734.5000 36.013561
1736.0000 0.0000000
1737.5000 95.005707
1739.0000 68.907021
1740.5000 74.790688
1742.0000 141.21884
1743.5000 0.0000000
1745.0000 160.96962
1746.5000 43.738293
1748.0000 34.369839
1749.5000 18.526276
1751.0000 35.540592
1752.5000 33.120350
1754.0000 34.731674
1755.5000 18.146889
1757.0000 83.051147
1758.5000 18.232841
1760.0000 49.122589
1761.5000 65.262840
1763.0000 56.759464
1764.5000 47.614441
1766.0000 51.784702
1767.5000 22.224436
1769.0000 102.59856
1770.5000 22.565943
1772.0000 33.755627
1773.5000 87.140816
1775.0000 83.016579
1776.5000 100.97231
1778.0000 83.598091
1779.5000 17.031178
1781.0000 47.495487
1782.5000 108.74004
1784.0000 160.30019
1785.5000 25.591900
1787.0000 72.612541
1788.5000 58.756786
1790.0000 45.917225
1791.5000 34.934605
1793.0000 56.551525
1794.5000 49.268322
1796.0000 140.01718
1797.5000 60.448925
1799.0000 18.184982
1800.5000 34.153584
1802.0000 66.540085
1803.5000 141.11162
1805.0000 50.876083
1806.5000 50.272953
1808.0000 54.618698
1809.5000 42.717728
1811.0000 49.434418
1812.5000 82.469528
1814.0000 51.630257
1815.5000 125.95835
1817.0000 65.691376
1818.5000 51.127113
1820.0000 21.823999
1821.5000 82.277397
1823.0000 108.20269
1824.5000 33.643425
1826.0000 45.918571
1827.5000 50.402859
1829.0000 33.129692
1830.5000 81.244110
1832.0000 34.301907
1833.5000 97.621597
1835.0000 89.869858
1836.5000 65.382439
1838.0000 0.0000000
1839.5000 125.09107
1841.0000 65.525429
1842.5000 109.23263
1844.0000 16.514862
1845.5000 0.0000000
1847.0000 70.646866
1848.5000 79.467110
1850.0000 32.493214
1851.5000 54.490829
1853.0000 97.641281
1854.5000 0.0000000
1856.0000 33.668415
1857.5000 66.726082
1859.0000 0.0000000
1860.5000 55.567894
1862.0000 94.645103
1863.5000 98.600876
1865.0000 65.947449
1866.5000 0.0000000
1868.0000 58.308834
1869.5000 64.715538
1871.0000 0.0000000
1872.5000 81.527130
1874.0000 66.329079
1875.5000 93.930138
1877.0000 33.318233
1878.5000 80.378479
1880.0000 64.796982
1881.5000 17.391666
1883.0000 90.947601
1884.5000 31.214560
1886.0000 0.0000000
1887.5000 55.542637
1889.0000 65.871178
1890.5000 75.197807
1892.0000 17.378077
1893.5000 39.665642
1895.0000 33.872021
1896.5000 33.412037
1898.0000 16.695700
1899.5000 0.0000000
1901.0000 60.145844
1902.5000 0.0000000
1904.0000 64.780975
1905.5000 0.0000000
1907.0000 107.03275
1908.5000 85.847496
1910.0000 0.0000000
1911.5000 48.799290
1913.0000 32.931103
1914.5000 80.284515
1916.0000 89.480728
1917.5000 33.385853
1919.0000 80.789268
1920.5000 57.724201
1922.0000 80.038139
1923.5000 40.746376
1925.0000 77.826584
1926.5000 79.676552
1928.0000 66.616707
1929.5000 48.355541
1931.0000 78.835297
1932.5000 62.320900
1934.0000 107.67570
1935.5000 110.94671
1937.0000 110.28186
1938.5000 16.331095
1940.0000 78.620628
1941.5000 0.0000000
1943.0000 8.6893759
1944.5000 40.102028
1946.0000 89.119003
1947.5000 34.743324
1949.0000 64.644379
1950.5000 58.681473
1952.0000 32.678596
1953.5000 17.177103
1955.0000 80.449364
1956.5000 23.313265
1958.0000 47.455273
1959.5000 135.86337
1961.0000 34.482414
1962.5000 50.489910
1964.0000 43.386429
1965.5000 77.270821
1967.0000 30.793493
1968.5000 105.48980
1970.0000 26.470215
1971.5000 111.83141
1973.0000 78.369026
1974.5000 58.564522
1976.0000 100.09264
1977.5000 80.568771
1979.0000 59.975895
1980.5000 49.680317
1982.0000 64.219353
1983.5000 80.951698
1985.0000 62.088715
1986.5000 48.461510
1988.0000 54.564083
1989.5000 24.950680
1991.0000 42.778847
1992.5000 59.692059
1994.0000 79.639755
1995.5000 124.29398
1997.0000 91.755196
1998.5000 128.24031
2000.0000 83.090225
2001.5000 48.631138
2003.0000 31.847603
2004.5000 60.552700
2006.0000 135.23587
2007.5000 44.210907
2009.0000 31.542145
2010.5000 15.216583
2012.0000 93.580002
2013.5000 16.576727
2015.0000 61.645573
2016.5000 71.465042
2018.0000 33.716927
2019.5000 54.508862
2021.0000 81.907066
2022.5000 126.40121
2024.0000 32.346859
2025.5000 37.079815
2027.0000 90.931976
2028.5000 25.482557
2030.0000 46.177402
2031.5000 120.07182
2033.0000 89.202171
2034.5000 102.89358
2036.0000 48.316345
2037.5000 30.983931
2039.0000 47.679817
2040.5000 33.247707
2042.0000 143.46262
2043.5000 61.036655
2045.0000 46.240158
2046.5000 17.955105
2048.0000 33.578358
2049.5000 76.734398
2051.0000 16.027578
2052.5000 15.926333
2054.0000 45.501911
2055.5000 45.392395
2057.0000 39.939220
2058.5000 82.972397
2060.0000 0.0000000
2061.5000 140.50749
2063.0000 33.969162
2064.5000 28.887197
2066.0000 26.027620
2067.5000 108.86091
2069.0000 47.158680
2070.5000 65.178253
2072.0000 155.14948
2073.5000 31.379662
2075.0000 61.690083
2076.5000 30.524405
2078.0000 104.04654
2079.5000 98.895592
2081.0000 15.923332
2082.5000 37.513836
2084.0000 30.133865
2085.5000 44.320583
2087.0000 46.314209
2088.5000 50.118904
2090.0000 37.759922
2091.5000 121.06509
2093.0000 66.898682
2094.5000 112.44612
2096.0000 28.756323
2097.5000 146.83884
2099.0000 53.100269
2100.5000 85.061913
2102.0000 30.068117
2103.5000 70.675438
2105.0000 43.901718
2106.5000 44.836590
2108.0000 75.596405
2109.5000 40.244827
2111.0000 40.840195
2112.5000 62.863476
2114.0000 105.46233
2115.5000 32.880428
2117.0000 116.46322
2118.5000 58.200367
2120.0000 58.023987
2121.5000 29.217983
2123.0000 71.750748
2124.5000 59.650547
2126.0000 47.668171
2127.5000 0.0000000
2129.0000 96.024025
2130.5000 43.765945
2132.0000 63.815418
2133.5000 71.529007
2135.0000 61.112808
2136.5000 69.751778
2138.0000 71.316368
2139.5000 60.940922
2141.0000 69.701752
2142.5000 57.100586
2144.0000 69.292847
2145.5000 82.061562
2147.0000 82.273254
2148.5000 77.058128
2150.0000 15.778107
2151.5000 64.588776
2153.0000 43.649971
2154.5000 0.0000000
2156.0000 57.878098
2157.5000 56.537533
2159.0000 27.305698
2160.5000 61.662880
2162.0000 51.183056
2163.5000 82.218498
2165.0000 31.690992
2166.5000 54.872059
2168.0000 61.324955
2169.5000 46.493885
2171.0000 52.293991
2172.5000 0.0000000
2174.0000 52.092117
2175.5000 113.34989
2177.0000 163.37415
2178.5000 31.325678
2180.0000 60.390411
2181.5000 55.012245
2183.0000 60.032829
2184.5000 113.66958
2186.0000 75.058578
2187.5000 81.475388
2189.0000 46.288918
2190.5000 52.312122
2192.0000 91.780479
2193.5000 90.698219
2195.0000 135.28433
2196.5000 15.600058
2198.0000 87.870178
2199.5000 26.837452
2201.0000 45.344639
2202.5000 14.925674
2204.0000 43.182671
2205.5000 37.506157
2207.0000 22.207880
2208.5000 14.964094
2210.0000 61.996601
2211.5000 42.403042
2213.0000 27.212906
2214.5000 57.713837
2216.0000 68.260910
2217.5000 0.0000000
2219.0000 41.816101
2220.5000 84.806450
2222.0000 56.629650
2223.5000 15.754225
2225.0000 82.825981
2226.5000 37.792084
2228.0000 51.373268
2229.5000 15.058327
2231.0000 44.767677
2232.5000 58.071339
2234.0000 30.567240
2235.5000 57.978554
2237.0000 29.790092
2238.5000 58.910080
2240.0000 22.107122
2241.5000 79.824844
2243.0000 51.287064
2244.5000 63.869747
2246.0000 24.262466
2247.5000 43.013142
2249.0000 124.45457
2250.5000 13.384725
2252.0000 33.823715
2253.5000 7.6287236
2255.0000 26.436382
2256.5000 15.028689
2258.0000 28.374632
2259.5000 28.208298
2261.0000 45.637516
2262.5000 47.891453
2264.0000 14.373304
2265.5000 53.512760
2267.0000 40.178783
2268.5000 69.527267
2270.0000 66.300766
2271.5000 74.982483
2273.0000 30.856056
2274.5000 17.564070
2276.0000 14.488269
2277.5000 42.743874
2279.0000 24.114149
2280.5000 37.466961
2282.0000 14.472624
2283.5000 56.835720
2285.0000 21.575781
2286.5000 95.101929
2288.0000 34.478992
2289.5000 34.457199
2291.0000 7.8553700
2292.5000 41.453545
2294.0000 39.774616
2295.5000 15.752455
2297.0000 50.683411
2298.5000 45.352642
2300.0000 38.761318
2301.5000 22.537823
2303.0000 22.120590
2304.5000 0.0000000
2306.0000 0.0000000
2307.5000 0.0000000
2309.0000 0.0000000
2310.5000 0.0000000
2312.0000 0.0000000
2313.5000 0.0000000
2315.0000 0.0000000
2316.5000 0.0000000
2318.0000 0.0000000
2319.5000 0.0000000
2321.0000 0.0000000
2322.5000 0.0000000
2324.0000 0.0000000
2325.5000 0.0000000
2327.0000 0.0000000
2328.5000 0.0000000
2330.0000 0.0000000
2331.5000 0.0000000
2333.0000 0.0000000
2334.5000 0.0000000
2336.0000 0.0000000
2337.5000 0.0000000
2339.0000 0.0000000
2340.5000 0.0000000
2342.0000 0.0000000
2343.5000 0.0000000
2345.0000 0.0000000
2346.5000 0.0000000
2348.0000 0.0000000
2349.5000 0.0000000
2351.0000 0.0000000
2352.5000 0.0000000
2354.0000 0.0000000
2355.5000 0.0000000
2357.0000 0.0000000
2358.5000 0.0000000
2360.0000 0.0000000
2361.5000 0.0000000
2363.0000 0.0000000
2364.5000 0.0000000
2366.0000 0.0000000
2367.5000 0.0000000
2369.0000 0.0000000
2370.5000 0.0000000
2372.0000 0.0000000
2373.5000 0.0000000
2375.0000 0.0000000
2376.5000 0.0000000
2378.0000 0.0000000
2379.5000 0.0000000
2381.0000 0.0000000
2382.5000 0.0000000
2384.0000 0.0000000
2385.5000 0.0000000
2387.0000 0.0000000
2388.5000 0.0000000
2390.0000 0.0000000
2391.5000 0.0000000
2393.0000 0.0000000
2394.5000 0.0000000
2396.0000 0.0000000
2397.5000 0.0000000
2399.0000 0.0000000
2400.5000 0.0000000
2402.0000 0.0000000
2403.5000 0.0000000
2405.0000 0.0000000
2406.5000 0.0000000
2408.0000 0.0000000
2409.5000 0.0000000
2411.0000 0.0000000
2412.5000 0.0000000
2414.0000 0.0000000
2415.5000 0.0000000
2417.0000 0.0000000
2418.5000 0.0000000
2420.0000 0.0000000
2421.5000 0.0000000
2423.0000 0.0000000
2424.5000 0.0000000
2426.0000 0.0000000
2427.5000 0.0000000
2429.0000 0.0000000
2430.5000 0.0000000
2432.0000 0.0000000
2433.5000 0.0000000
2435.0000 0.0000000
2436.5000 0.0000000
2438.0000 0.0000000
2439.5000 0.0000000
2441.0000 0.0000000
2442.5000 0.0000000
2444.0000 0.0000000
2445.5000 0.0000000
2447.0000 0.0000000
2448.5000 0.0000000
2450.0000 0.0000000
2451.5000 0.0000000
2453.0000 0.0000000
2454.5000 0.0000000
2456.0000 0.0000000
2457.5000 0.0000000
2459.0000 0.0000000
2460.5000 0.0000000
2462.0000 0.0000000
2463.5000 0.0000000
2465.0000 0.0000000
2466.5000 0.0000000
2468.0000 0.0000000
2469.5000 0.0000000
2471.0000 0.0000000
2472.5000 0.0000000
2474.0000 0.0000000
2475.5000 0.0000000
2477.0000 0.0000000
2478.5000 0.0000000
2480.0000 0.0000000
2481.5000 0.0000000
2483.0000 0.0000000
2484.5000 0.0000000
2486.0000 0.0000000
2487.5000 0.0000000
2489.0000 0.0000000
2490.5000 0.0000000
2492.0000 0.0000000
2493.5000 0.0000000
2495.0000 0.0000000
2496.5000 0.0000000
2498.0000 0.0000000
2499.5000 0.0000000
2501.0000 0.0000000
2502.5000 0.0000000
2504.0000 0.0000000
2505.5000 0.0000000
2507.0000 0.0000000
2508.5000 0.0000000
2510.0000 0.0000000
2511.5000 0.0000000
2513.0000 0.0000000
2514.5000 0.0000000
2516.0000 0.0000000
2517.5000 0.0000000
2519.0000 0.0000000
2520.5000 0.0000000
2522.0000 0.0000000
2523.5000 0.0000000
2525.0000 0.0000000
2526.5000 0.0000000
2528.0000 0.0000000
2529.5000 0.0000000
2531.0000 0.0000000
2532.5000 0.0000000
2534.0000 0.0000000
2535.5000 0.0000000
2537.0000 0.0000000
2538.5000 0.0000000
2540.0000 0.0000000
2541.5000 0.0000000
2543.0000 0.0000000
2544.5000 0.0000000
2546.0000 0.0000000
2547.5000 0.0000000
2549.0000 0.0000000
2550.5000 0.0000000
2552.0000 0.0000000
2553.5000 0.0000000
2555.0000 0.0000000
2556.5000 0.0000000
2558.0000 0.0000000
2559.5000 0.0000000
2561.0000 0.0000000
2562.5000 0.0000000
2564.0000 0.0000000
2565.5000 0.0000000
2567.0000 0.0000000
2568.5000 0.0000000
2570.0000 0.0000000
2571.5000 0.0000000
2573.0000 0.0000000
2574.5000 0.0000000
2576.0000 0.0000000
2577.5000 0.0000000
2579.0000 0.0000000
2580.5000 0.0000000
2582.0000 0.0000000
2583.5000 0.0000000
2585.0000 0.0000000
2586.5000 0.0000000
2588.0000 0.0000000
2589.5000 0.0000000
2591.0000 0.0000000
2592.5000 0.0000000
2594.0000 0.0000000
2595.5000 0.0000000
2597.0000 0.0000000
2598.5000 0.0000000
2600.0000 0.0000000
2601.5000 0.0000000
2603.0000 0.0000000
2604.5000 0.0000000
2606.0000 0.0000000
2607.5000 0.0000000
2609.0000 0.0000000
2610.5000 0.0000000
2612.0000 0.0000000
2613.5000 0.0000000
2615.0000 0.0000000
2616.5000 0.0000000
2618.0000 0.0000000
2619.5000 0.0000000
2621.0000 0.0000000
2622.5000 0.0000000
2624.0000 0.0000000
2625.5000 0.0000000
2627.0000 0.0000000
2628.5000 0.0000000
2630.0000 0.0000000
2631.5000 0.0000000
2633.0000 0.0000000
2634.5000 0.0000000
2636.0000 0.0000000
2637.5000 0.0000000
2639.0000 0.0000000
2640.5000 0.0000000
2642.0000 0.0000000
2643.5000 0.0000000
2645.0000 0.0000000
2646.5000 0.0000000
2648.0000 0.0000000
2649.5000 0.0000000
2651.0000 0.0000000
2652.5000 0.0000000
2654.0000 0.0000000
2655.5000 0.0000000
2657.0000 0.0000000
2658.5000 0.0000000
2660.0000 0.0000000
2661.5000 0.0000000
2663.0000 0.0000000
2664.5000 0.0000000
2666.0000 0.0000000
2667.5000 0.0000000
2669.0000 0.0000000
2670.5000 0.0000000
2672.0000 0.0000000
2673.5000 0.0000000
2675.0000 0.0000000
2676.5000 0.0000000
2678.0000 0.0000000
2679.5000 0.0000000
2681.0000 0.0000000
2682.5000 0.0000000
2684.0000 0.0000000
2685.5000 0.0000000
2687.0000 0.0000000
2688.5000 0.0000000
2690.0000 0.0000000
2691.5000 0.0000000
2693.0000 0.0000000
2694.5000 0.0000000
2696.0000 0.0000000
2697.5000 0.0000000
2699.0000 0.0000000
2700.5000 0.0000000
2702.0000 0.0000000
2703.5000 0.0000000
2705.0000 0.0000000
2706.5000 0.0000000
2708.0000 0.0000000
2709.5000 0.0000000
2711.0000 0.0000000
2712.5000 0.0000000
2714.0000 0.0000000
2715.5000 0.0000000
2717.0000 0.0000000
2718.5000 0.0000000
2720.0000 0.0000000
2721.5000 0.0000000
2723.0000 0.0000000
2724.5000 0.0000000
2726.0000 0.0000000
2727.5000 0.0000000
2729.0000 0.0000000
2730.5000 0.0000000
2732.0000 0.0000000
2733.5000 0.0000000
2735.0000 0.0000000
2736.5000 0.0000000
2738.0000 0.0000000
2739.5000 0.0000000
2741.0000 0.0000000
2742.5000 0.0000000
2744.0000 0.0000000
2745.5000 0.0000000
2747.0000 0.0000000
2748.5000 0.0000000
2750.0000 0.0000000
2751.5000 0.0000000
2753.0000 0.0000000
2754.5000 0.0000000
2756.0000 0.0000000
2757.5000 0.0000000
2759.0000 0.0000000
2760.5000 0.0000000
2762.0000 0.0000000
2763.5000 0.0000000
2765.0000 0.0000000
2766.5000 0.0000000
2768.0000 0.0000000
2769.5000 0.0000000
2771.0000 0.0000000
2772.5000 0.0000000
2774.0000 0.0000000
2775.5000 0.0000000
2777.0000 0.0000000
2778.5000 0.0000000
2780.0000 0.0000000
2781.5000 0.0000000
2783.0000 0.0000000
2784.5000 0.0000000
2786.0000 0.0000000
2787.5000 0.0000000
2789.0000 0.0000000
2790.5000 0.0000000
2792.0000 0.0000000
2793.5000 0.0000000
2795.0000 0.0000000
2796.5000 0.0000000
2798.0000 0.0000000
2799.5000 0.0000000
2801.0000 0.0000000
2802.5000 0.0000000
2804.0000 0.0000000
2805.5000 0.0000000
2807.0000 0.0000000
2808.5000 0.0000000
2810.0000 0.0000000
2811.5000 0.0000000
2813.0000 0.0000000
2814.5000 0.0000000
2816.0000 0.0000000
2817.5000 0.0000000
2819.0000 0.0000000
2820.5000 0.0000000
2822.0000 0.0000000
2823.5000 0.0000000
2825.0000 0.0000000
2826.5000 0.0000000
2828.0000 0.0000000
2829.5000 0.0000000
2831.0000 0.0000000
2832.5000 0.0000000
2834.0000 0.0000000
2835.5000 0.0000000
2837.0000 0.0000000
2838.5000 0.0000000
2840.0000 0.0000000
2841.5000 0.0000000
2843.0000 0.0000000
2844.5000 0.0000000
2846.0000 0.0000000
2847.5000 0.0000000
2849.0000 0.0000000
2850.5000 0.0000000
2852.0000 0.0000000
2853.5000 0.0000000
2855.0000 0.0000000
2856.5000 0.0000000
2858.0000 0.0000000
2859.5000 0.0000000
2861.0000 0.0000000
2862.5000 0.0000000
2864.0000 0.0000000
2865.5000 0.0000000
2867.0000 0.0000000
2868.5000 0.0000000
2870.0000 0.0000000
2871.5000 0.0000000
2873.0000 0.0000000
2874.5000 0.0000000
2876.0000 0.0000000
2877.5000 0.0000000
2879.0000 0.0000000
2880.5000 0.0000000
2882.0000 0.0000000
2883.5000 0.0000000
2885.0000 0.0000000
2886.5000 0.0000000
2888.0000 0.0000000
2889.5000 0.0000000
2891.0000 0.0000000
2892.5000 0.0000000
2894.0000 0.0000000
2895.5000 0.0000000
2897.0000 0.0000000
2898.5000 0.0000000
2900.0000 0.0000000
2901.5000 0.0000000
2903.0000 0.0000000
2904.5000 0.0000000
2906.0000 0.0000000
2907.5000 0.0000000
2909.0000 0.0000000
2910.5000 0.0000000
2912.0000 0.0000000
2913.5000 0.0000000
2915.0000 0.0000000
2916.5000 0.0000000
2918.0000 0.0000000
2919.5000 0.0000000
2921.0000 0.0000000
2922.5000 0.0000000
2924.0000 0.0000000
2925.5000 0.0000000
2927.0000 0.0000000
2928.5000 0.0000000
2930.0000 0.0000000
2931.5000 0.0000000
2933.0000 0.0000000
2934.5000 0.0000000
2936.0000 0.0000000
2937.5000 0.0000000
2939.0000 0.0000000
2940.5000 0.0000000
2942.0000 0.0000000
2943.5000 0.0000000
2945.0000 0.0000000
2946.5000 0.0000000
2948.0000 0.0000000
2949.5000 0.0000000
2951.0000 0.0000000
2952.5000 0.0000000
2954.0000 0.0000000
2955.5000 0.0000000
2957.0000 0.0000000
2958.5000 0.0000000
2960.0000 0.0000000
2961.5000 3.6541638
2963.0000 96.133209
2964.5000 160.42700
2966.0000 187.97913
2967.5000 186.55611
2969.0000 174.62131
2970.5000 75.112587
2972.0000 189.26955
2973.5000 171.45792
2975.0000 274.35205
2976.5000 189.29163
2978.0000 332.16226
2979.5000 260.18497
2981.0000 348.47726
2982.5000 372.65738
2984.0000 361.86057
2985.5000 258.11981
2987.0000 270.51276
2988.5000 268.69180
2990.0000 300.23779
2991.5000 305.87381
2993.0000 373.74194
2994.5000 259.04300
2996.0000 210.79770
2997.5000 304.23621
2999.0000 299.08261
3000.0000 308.36069
3001.5000 165.43044
3003.0000 309.48877
3004.5000 499.81680
3006.0000 209.78600
3007.5000 309.44879
3009.0000 232.15961
3010.5000 303.84470
3012.0000 346.23764
3013.5000 459.94775
3015.0000 919.87927
3016.5000 1229.9625
3018.0000 1350.5403
3019.5000 1272.7048
3021.0000 1151.1761
3022.5000 1037.5162
3024.0000 914.27161
3025.5000 807.07349
3027.0000 568.81604
3028.5000 456.62875
3030.0000 563.96179
3031.5000 646.64496
3033.0000 520.78937
3034.5000 519.22375
3036.0000 199.98003
3037.5000 330.07516
3039.0000 410.99796
3040.5000 452.33511
3042.0000 314.24039
3043.5000 392.07642
3045.0000 328.29550
3046.5000 407.06079
3048.0000 438.97342
3049.5000 330.81345
3051.0000 281.71579
3052.5000 287.52231
3054.0000 220.86162
3055.5000 208.71248
3057.0000 335.60617
3058.5000 251.11038
3060.0000 208.82571
3061.5000 324.27649
3063.0000 287.64545
3064.5000 213.60780
3066.0000 328.29352
3067.5000 292.97049
3069.0000 380.69440
3070.5000 297.18948
3072.0000 314.33102
3073.5000 195.84038
3075.0000 262.56577
3076.5000 300.78870
3078.0000 164.23766
3079.5000 234.03123
3081.0000 284.30399
3082.5000 310.30029
3084.0000 319.79965
3085.5000 162.91492
3087.0000 227.96964
3088.5000 275.22275
3090.0000 301.60663
3091.5000 312.27237
3093.0000 314.60455
3094.5000 313.02829
3096.0000 310.29376
3097.5000 306.78070
3099.0000 177.61467
3100.5000 75.669418
3102.0000 175.23984
3103.5000 246.14142
3105.0000 141.52888
3106.5000 152.10725
3108.0000 155.08122
3109.5000 153.54216
3111.0000 0.0000000
3112.5000 0.0000000
3114.0000 0.0000000
3115.5000 0.0000000
3117.0000 0.0000000
3118.5000 0.0000000
3120.0000 0.0000000
3121.5000 0.0000000
3123.0000 0.0000000
3124.5000 0.0000000
3126.0000 0.0000000
3127.5000 0.0000000
3129.0000 0.0000000
3130.5000 0.0000000
3132.0000 0.0000000
3133.5000 0.0000000
3135.0000 0.0000000
3136.5000 0.0000000
3138.0000 0.0000000
3139.5000 0.0000000
3141.0000 0.0000000
3142.5000 0.0000000
3144.0000 0.0000000
3145.5000 0.0000000
3147.0000 0.0000000
3148.5000 0.0000000
3150.0000 0.0000000
3151.5000 0.0000000
3153.0000 0.0000000
3154.5000 0.0000000
3156.0000 0.0000000
3157.5000 0.0000000
3159.0000 0.0000000
3160.5000 0.0000000
3162.0000 0.0000000
3163.5000 0.0000000
3165.0000 0.0000000
3166.5000 0.0000000
3168.0000 0.0000000
3169.5000 0.0000000
3171.0000 0.0000000
3172.5000 0.0000000
3174.0000 0.0000000
3175.5000 0.0000000
3177.0000 0.0000000
3178.5000 0.0000000
3180.0000 0.0000000
3181.5000 0.0000000
3183.0000 0.0000000
3184.5000 0.0000000
3186.0000 0.0000000
3187.5000 0.0000000
3189.0000 0.0000000
3190.5000 0.0000000
3192.0000 0.0000000
3193.5000 0.0000000
3195.0000 0.0000000
3196.5000 0.0000000
3198.0000 0.0000000
3199.5000 0.0000000
3201.0000 0.0000000
3202.5000 0.0000000
3204.0000 0.0000000
3205.5000 0.0000000
3207.0000 0.0000000
3208.5000 0.0000000
3210.0000 0.0000000
3211.5000 0.0000000
3213.0000 0.0000000
3214.5000 0.0000000
3216.0000 0.0000000
3217.5000 0.0000000
3219.0000 0.0000000
3220.5000 0.0000000
3222.0000 0.0000000
3223.5000 0.0000000
3225.0000 0.0000000
3226.5000 0.0000000
3228.0000 0.0000000
3229.5000 0.0000000
3231.0000 0.0000000
3232.5000 0.0000000
3234.0000 0.0000000
3235.5000 0.0000000
3237.0000 0.0000000
3238.5000 0.0000000
3240.0000 0.0000000
3241.5000 0.0000000
3243.0000 0.0000000
3244.5000 0.0000000
3246.0000 0.0000000
3247.5000 0.0000000
3249.0000 0.0000000
3250.5000 0.0000000
3252.0000 0.0000000
3253.5000 0.0000000
3255.0000 0.0000000
3256.5000 0.0000000
3258.0000 0.0000000
3259.5000 0.0000000
3261.0000 0.0000000
3262.5000 0.0000000
3264.0000 0.0000000
3265.5000 0.0000000
3267.0000 0.0000000
3268.5000 0.0000000
3270.0000 0.0000000
3271.5000 0.0000000
3273.0000 0.0000000
3274.5000 0.0000000
3276.0000 0.0000000
3277.5000 0.0000000
3279.0000 0.0000000
3280.5000 0.0000000
3282.0000 0.0000000
3283.5000 0.0000000
3285.0000 0.0000000
3286.5000 0.0000000
3288.0000 0.0000000
3289.5000 0.0000000
3291.0000 0.0000000
3292.5000 0.0000000
3294.0000 0.0000000
3295.5000 0.0000000
3297.0000 0.0000000
3298.5000 0.0000000
3300.0000 0.0000000
3301.5000 0.0000000
3303.0000 0.0000000
3304.5000 0.0000000
3306.0000 0.0000000
3307.5000 0.0000000
3309.0000 0.0000000
3310.5000 0.0000000
3312.0000 0.0000000
3313.5000 0.0000000
3315.0000 0.0000000
3316.5000 0.0000000
3318.0000 0.0000000
3319.5000 0.0000000
3321.0000 0.0000000
3322.5000 0.0000000
3324.0000 0.0000000
3325.5000 0.0000000
3327.0000 0.0000000
3328.5000 0.0000000
3330.0000 0.0000000
3331.5000 0.0000000
3333.0000 0.0000000
3334.5000 0.0000000
3336.0000 0.0000000
3337.5000 0.0000000
3339.0000 0.0000000
3340.5000 0.0000000
3342.0000 0.0000000
3343.5000 0.0000000
3345.0000 0.0000000
3346.5000 0.0000000
3348.0000 0.0000000
3349.5000 0.0000000
3351.0000 0.0000000
3352.5000 0.0000000
3354.0000 0.0000000
3355.5000 0.0000000
3357.0000 0.0000000
3358.5000 0.0000000
3360.0000 0.0000000
3361.5000 0.0000000
3363.0000 0.0000000
3364.5000 0.0000000
3366.0000 0.0000000
3367.5000 0.0000000
3369.0000 0.0000000
3370.5000 0.0000000
3372.0000 0.0000000
3373.5000 0.0000000
3375.0000 0.0000000
3376.5000 0.0000000
3378.0000 0.0000000
3379.5000 0.0000000
3381.0000 0.0000000
3382.5000 0.0000000
3384.0000 0.0000000
3385.5000 0.0000000
3387.0000 0.0000000
3388.5000 0.0000000
3390.0000 0.0000000
3391.5000 0.0000000
3393.0000 0.0000000
3394.5000 0.0000000
3396.0000 0.0000000
3397.5000 0.0000000
3399.0000 0.0000000
3400.5000 0.0000000
3402.0000 0.0000000
3403.5000 0.0000000
3405.0000 0.0000000
3406.5000 0.0000000
3408.0000 0.0000000
3409.5000 0.0000000
3411.0000 0.0000000
3412.5000 0.0000000
3414.0000 0.0000000
3415.5000 0.0000000
3417.0000 0.0000000
3418.5000 0.0000000
3420.0000 0.0000000
3421.5000 0.0000000
3423.0000 0.0000000
3424.5000 0.0000000
3426.0000 0.0000000
3427.5000 0.0000000
3429.0000 0.0000000
3430.5000 0.0000000
3432.0000 0.0000000
3433.5000 0.0000000
3435.0000 0.0000000
3436.5000 0.0000000
3438.0000 0.0000000
3439.5000 0.0000000
3441.0000 0.0000000
3442.5000 0.0000000
3444.0000 0.0000000
3445.5000 0.0000000
3447.0000 0.0000000
3448.5000 0.0000000
3450.0000 0.0000000
3451.5000 0.0000000
3453.0000 0.0000000
3454.5000 0.0000000
3456.0000 0.0000000
3457.5000 0.0000000
3459.0000 0.0000000
3460.5000 0.0000000
3462.0000 0.0000000
3463.5000 0.0000000
3465.0000 0.0000000
3466.5000 0.0000000
3468.0000 0.0000000
3469.5000 0.0000000
3471.0000 0.0000000
3472.5000 0.0000000
3474.0000 0.0000000
3475.5000 0.0000000
3477.0000 0.0000000
3478.5000 0.0000000
3480.0000 0.0000000
3481.5000 0.0000000
3483.0000 0.0000000
3484.5000 0.0000000
3486.0000 0.0000000
3487.5000 0.0000000
3489.0000 0.0000000
3490.5000 0.0000000
3492.0000 0.0000000
3493.5000 0.0000000
3495.0000 0.0000000
3496.5000 0.0000000
3498.0000 0.0000000
3499.5000 0.0000000
3501.0000 0.0000000
3502.5000 0.0000000
3504.0000 0.0000000
3505.5000 0.0000000
3507.0000 0.0000000
3508.5000 0.0000000
3510.0000 0.0000000
3511.5000 0.0000000
3513.0000 0.0000000
3514.5000 0.0000000
3516.0000 0.0000000
3517.5000 0.0000000
3519.0000 0.0000000
3520.5000 0.0000000
3522.0000 0.0000000
3523.5000 0.0000000
3525.0000 0.0000000
3526.5000 0.0000000
3528.0000 0.0000000
3529.5000 0.0000000
3531.0000 0.0000000
3532.5000 0.0000000
3534.0000 0.0000000
3535.5000 0.0000000
3537.0000 0.0000000
3538.5000 0.0000000
3540.0000 0.0000000
3541.5000 0.0000000
3543.0000 0.0000000
3544.5000 0.0000000
3546.0000 0.0000000
3547.5000 0.0000000
3549.0000 0.0000000
3550.5000 0.0000000
3552.0000 0.0000000
3553.5000 0.0000000
3555.0000 0.0000000
3556.5000 0.0000000
3558.0000 0.0000000
3559.5000 0.0000000
3561.0000 0.0000000
3562.5000 0.0000000
3564.0000 0.0000000
3565.5000 0.0000000
3567.0000 0.0000000
3568.5000 0.0000000
3570.0000 0.0000000
3571.5000 0.0000000
3573.0000 0.0000000
3574.5000 0.0000000
3576.0000 0.0000000
3577.5000 0.0000000
3579.0000 0.0000000
3580.5000 0.0000000
3582.0000 0.0000000
3583.5000 0.0000000
3585.0000 0.0000000
3586.5000 0.0000000
3588.0000 0.0000000
3589.5000 0.0000000
3591.0000 0.0000000
3592.5000 0.0000000
3594.0000 0.0000000
3595.5000 0.0000000
3597.0000 0.0000000
3598.5000 0.0000000
3600.0000 0.0000000
3601.5000 0.0000000
3603.0000 0.0000000
3604.5000 0.0000000
3606.0000 0.0000000
3607.5000 0.0000000
3609.0000 0.0000000
3610.5000 0.0000000
3612.0000 0.0000000
3613.5000 0.0000000
3615.0000 0.0000000
3616.5000 0.0000000
3618.0000 0.0000000
3619.5000 0.0000000
3621.0000 0.0000000
3622.5000 0.0000000
3624.0000 0.0000000
3625.5000 0.0000000
3627.0000 0.0000000
3628.5000 0.0000000
3630.0000 0.0000000
3631.5000 0.0000000
3633.0000 0.0000000
3634.5000 0.0000000
3636.0000 0.0000000
3637.5000 0.0000000
3639.0000 0.0000000
3640.5000 0.0000000
3642.0000 0.0000000
3643.5000 0.0000000
3645.0000 0.0000000
3646.5000 0.0000000
3648.0000 0.0000000
3649.5000 0.0000000
3651.0000 0.0000000
3652.5000 0.0000000
3654.0000 0.0000000
3655.5000 0.0000000
3657.0000 0.0000000
3658.5000 0.0000000
3660.0000 0.0000000
3661.5000 0.0000000
3663.0000 0.0000000
3664.5000 0.0000000
3666.0000 0.0000000
3667.5000 0.0000000
3669.0000 0.0000000
3670.5000 0.0000000
3672.0000 0.0000000
3673.5000 0.0000000
3675.0000 0.0000000
3676.5000 0.0000000
3678.0000 0.0000000
3679.5000 0.0000000
3681.0000 0.0000000
3682.5000 0.0000000
3684.0000 0.0000000
3685.5000 0.0000000
3687.0000 0.0000000
3688.5000 0.0000000
3690.0000 0.0000000
3691.5000 0.0000000
3693.0000 0.0000000
3694.5000 0.0000000
3696.0000 0.0000000
3697.5000 0.0000000
3699.0000 0.0000000
3700.5000 0.0000000
3702.0000 0.0000000
3703.5000 0.0000000
3705.0000 0.0000000
3706.5000 0.0000000
3708.0000 0.0000000
3709.5000 0.0000000
3711.0000 0.0000000
3712.5000 0.0000000
3714.0000 0.0000000
3715.5000 0.0000000
3717.0000 0.0000000
3718.5000 0.0000000
3720.0000 0.0000000
3721.5000 0.0000000
3723.0000 0.0000000
3724.5000 0.0000000
3726.0000 0.0000000
3727.5000 0.0000000
3729.0000 0.0000000
3730.5000 0.0000000
3732.0000 0.0000000
3733.5000 0.0000000
3735.0000 0.0000000
3736.5000 0.0000000
3738.0000 0.0000000
3739.5000 0.0000000
3741.0000 0.0000000
3742.5000 0.0000000
3744.0000 0.0000000
3745.5000 0.0000000
3747.0000 0.0000000
3748.5000 0.0000000
3750.0000 0.0000000
3751.5000 0.0000000
3753.0000 0.0000000
3754.5000 0.0000000
3756.0000 0.0000000
3757.5000 0.0000000
3759.0000 0.0000000
3760.5000 0.0000000
3762.0000 0.0000000
3763.5000 0.0000000
3765.0000 0.0000000
3766.5000 0.0000000
3768.0000 0.0000000
3769.5000 0.0000000
3771.0000 0.0000000
3772.5000 0.0000000
3774.0000 0.0000000
3775.5000 0.0000000
3777.0000 0.0000000
3778.5000 0.0000000
3780.0000 0.0000000
3781.5000 0.0000000
3783.0000 0.0000000
3784.5000 0.0000000
3786.0000 0.0000000
3787.5000 0.0000000
3789.0000 0.0000000
3790.5000 0.0000000
3792.0000 0.0000000
3793.5000 0.0000000
3795.0000 0.0000000
3796.5000 0.0000000
3798.0000 0.0000000
3799.5000 0.0000000
3801.0000 0.0000000
3802.5000 0.0000000
3804.0000 0.0000000
3805.5000 0.0000000
3807.0000 0.0000000
3808.5000 0.0000000
3810.0000 0.0000000
3811.5000 0.0000000
3813.0000 0.0000000
3814.5000 0.0000000
3816.0000 0.0000000
3817.5000 0.0000000
3819.0000 0.0000000
3820.5000 0.0000000
3822.0000 0.0000000
3823.5000 0.0000000
3825.0000 0.0000000
3826.5000 0.0000000
3828.0000 0.0000000
3829.5000 0.0000000
3831.0000 0.0000000
3832.5000 0.0000000
3834.0000 0.0000000
3835.5000 0.0000000
3837.0000 0.0000000
3838.5000 0.0000000
3840.0000 0.0000000
3841.5000 0.0000000
3843.0000 0.0000000
3844.5000 0.0000000
3846.0000 0.0000000
3847.5000 0.0000000
3849.0000 0.0000000
3850.5000 0.0000000
3852.0000 0.0000000
3853.5000 0.0000000
3855.0000 0.0000000
3856.5000 0.0000000
3858.0000 0.0000000
3859.5000 0.0000000
3861.0000 0.0000000
3862.5000 0.0000000
3864.0000 0.0000000
3865.5000 0.0000000
3867.0000 0.0000000
3868.5000 0.0000000
3870.0000 0.0000000
3871.5000 0.0000000
3873.0000 0.0000000
3874.5000 0.0000000
3876.0000 0.0000000
3877.5000 0.0000000
3879.0000 0.0000000
3880.5000 0.0000000
3882.0000 0.0000000
3883.5000 0.0000000
3885.0000 0.0000000
3886.5000 0.0000000
3888.0000 0.0000000
3889.5000 0.0000000
3891.0000 0.0000000
3892.5000 0.0000000
3894.0000 0.0000000
3895.5000 0.0000000
3897.0000 0.0000000
3898.5000 0.0000000
3900.0000 0.0000000
3901.5000 0.0000000
3903.0000 0.0000000
3904.5000 0.0000000
3906.0000 0.0000000
3907.5000 0.0000000
3909.0000 0.0000000
3910.5000 0.0000000
3912.0000 0.0000000
3913.5000 0.0000000
3915.0000 0.0000000
3916.5000 0.0000000
3918.0000 0.0000000
3919.5000 0.0000000
3921.0000 0.0000000
3922.5000 0.0000000
3924.0000 0.0000000
3925.5000 0.0000000
3927.0000 0.0000000
3928.5000 0.0000000
3930.0000 0.0000000
3931.5000 0.0000000
3933.0000 0.0000000
3934.5000 0.0000000
3936.0000 0.0000000
3937.5000 0.0000000
3939.0000 0.0000000
3940.5000 0.0000000
3942.0000 0.0000000
3943.5000 0.0000000
3945.0000 0.0000000
3946.5000 0.0000000
3948.0000 0.0000000
3949.5000 0.0000000
3951.0000 0.0000000
3952.5000 0.0000000
3954.0000 0.0000000
3955.5000 0.0000000
3957.0000 0.0000000
3958.5000 0.0000000
3960.0000 0.0000000
3961.5000 0.0000000
3963.0000 0.0000000
3964.5000 0.0000000
3966.0000 0.0000000
3967.5000 0.0000000
3969.0000 0.0000000
3970.5000 0.0000000
3972.0000 0.0000000
3973.5000 0.0000000
3975.0000 0.0000000
3976.5000 0.0000000
3978.0000 0.0000000
3979.5000 0.0000000
3981.0000 0.0000000
3982.5000 0.0000000
3984.0000 0.0000000
3985.5000 0.0000000
3987.0000 0.0000000
3988.5000 0.0000000
3990.0000 0.0000000
3991.5000 0.0000000
3993.0000 0.0000000
3994.5000 0.0000000
3996.0000 0.0000000
3997.5000 0.0000000
3999.0000 0.0000000
4000.5000 0.0000000
4002.0000 0.0000000
4003.5000 0.0000000
4005.0000 0.0000000
4006.5000 0.0000000
4008.0000 0.0000000
4009.5000 0.0000000
4011.0000 0.0000000
4012.5000 0.0000000
4014.0000 0.0000000
4015.5000 0.0000000
4017.0000 0.0000000
4018.5000 0.0000000
4020.0000 0.0000000
4021.5000 0.0000000
4023.0000 0.0000000
4024.5000 0.0000000
4026.0000 0.0000000
4027.5000 0.0000000
4029.0000 0.0000000
4030.5000 0.0000000
4032.0000 0.0000000
4033.5000 0.0000000
4035.0000 0.0000000
4036.5000 0.0000000
4038.0000 0.0000000
4039.5000 0.0000000
4041.0000 0.0000000
4042.5000 0.0000000
4044.0000 0.0000000
4045.5000 0.0000000
4047.0000 0.0000000
4048.5000 0.0000000
4050.0000 0.0000000
4051.5000 0.0000000
4053.0000 0.0000000
4054.5000 0.0000000
4056.0000 0.0000000
4057.5000 0.0000000
4059.0000 0.0000000
4060.5000 0.0000000
4062.0000 0.0000000
4063.5000 0.0000000
4065.0000 0.0000000
4066.5000 0.0000000
4068.0000 0.0000000
4069.5000 0.0000000
4071.0000 0.0000000
4072.5000 0.0000000
4074.0000 0.0000000
4075.5000 0.0000000
4077.0000 0.0000000
4078.5000 0.0000000
4080.0000 0.0000000
4081.5000 0.0000000
4083.0000 0.0000000
4084.5000 0.0000000
4086.0000 0.0000000
4087.5000 0.0000000
4089.0000 0.0000000
4090.5000 0.0000000
4092.0000 0.0000000
4093.5000 0.0000000
4095.0000 0.0000000
4096.5000 0.0000000
4098.0000 0.0000000
4099.5000 0.0000000
4101.0000 0.0000000
4102.5000 0.0000000
4104.0000 0.0000000
4105.5000 0.0000000
4107.0000 0.0000000
4108.5000 0.0000000
4110.0000 0.0000000
4111.5000 0.0000000
4113.0000 0.0000000
4114.5000 0.0000000
4116.0000 0.0000000
4117.5000 0.0000000
4119.0000 0.0000000
4120.5000 0.0000000
4122.0000 0.0000000
4123.5000 0.0000000
4125.0000 0.0000000
4126.5000 0.0000000
4128.0000 0.0000000
4129.5000 0.0000000
4131.0000 0.0000000
4132.5000 0.0000000
4134.0000 0.0000000
4135.5000 0.0000000
4137.0000 0.0000000
4138.5000 0.0000000
4140.0000 0.0000000
4141.5000 0.0000000
4143.0000 0.0000000
4144.5000 0.0000000
4146.0000 0.0000000
4147.5000 0.0000000
4149.0000 0.0000000
4150.5000 0.0000000
4152.0000 0.0000000
4153.5000 0.0000000
4155.0000 0.0000000
4156.5000 0.0000000
4158.0000 0.0000000
4159.5000 0.0000000
4161.0000 0.0000000
4162.5000 0.0000000
4164.0000 0.0000000
4165.5000 0.0000000
4167.0000 0.0000000
4168.5000 0.0000000
4170.0000 0.0000000
4171.5000 0.0000000
4173.0000 0.0000000
4174.5000 0.0000000
4176.0000 0.0000000
4177.5000 0.0000000
4179.0000 0.0000000
4180.5000 0.0000000
4182.0000 0.0000000
4183.5000 0.0000000
4185.0000 0.0000000
4186.5000 0.0000000
4188.0000 0.0000000
4189.5000 0.0000000
4191.0000 0.0000000
4192.5000 0.0000000
4194.0000 0.0000000
4195.5000 0.0000000
4197.0000 0.0000000
4198.5000 0.0000000
4200.0000 0.0000000
4201.5000 0.0000000
4203.0000 0.0000000
4204.5000 0.0000000
4206.0000 0.0000000
4207.5000 0.0000000
4209.0000 0.0000000
4210.5000 0.0000000
4212.0000 0.0000000
4213.5000 0.0000000
4215.0000 0.0000000
4216.5000 0.0000000
4218.0000 0.0000000
4219.5000 0.0000000
4221.0000 0.0000000
4222.5000 0.0000000
4224.0000 0.0000000
4225.5000 0.0000000
4227.0000 0.0000000
4228.5000 0.0000000
4230.0000 0.0000000
4231.5000 0.0000000
4233.0000 0.0000000
4234.5000 0.0000000
4236.0000 0.0000000
4237.5000 0.0000000
4239.0000 0.0000000
4240.5000 0.0000000
4242.0000 0.0000000
4243.5000 0.0000000
4245.0000 0.0000000
4246.5000 0.0000000
4248.0000 0.0000000
4249.5000 0.0000000
4251.0000 0.0000000
4252.5000 0.0000000
4254.0000 0.0000000
4255.5000 0.0000000
4257.0000 0.0000000
4258.5000 0.0000000
4260.0000 0.0000000
4261.5000 0.0000000
4263.0000 0.0000000
4264.5000 0.0000000
4266.0000 0.0000000
4267.5000 0.0000000
4269.0000 0.0000000
4270.5000 0.0000000
4272.0000 0.0000000
4273.5000 0.0000000
4275.0000 0.0000000
4276.5000 0.0000000
4278.0000 0.0000000
4279.5000 0.0000000
4281.0000 0.0000000
4282.5000 0.0000000
4284.0000 0.0000000
4285.5000 0.0000000
4287.0000 0.0000000
4288.5000 0.0000000
4290.0000 0.0000000
4291.5000 0.0000000
4293.0000 0.0000000
4294.5000 0.0000000
4296.0000 0.0000000
4297.5000 0.0000000
4299.0000 0.0000000
4300.5000 0.0000000
4302.0000 0.0000000
4303.5000 0.0000000
4305.0000 0.0000000
4306.5000 0.0000000
4308.0000 0.0000000
4309.5000 0.0000000
4311.0000 0.0000000
4312.5000 0.0000000
4314.0000 0.0000000
4315.5000 0.0000000
4317.0000 0.0000000
4318.5000 0.0000000
4320.0000 0.0000000
4321.5000 0.0000000
4323.0000 0.0000000
4324.5000 0.0000000
4326.0000 0.0000000
4327.5000 0.0000000
4329.0000 0.0000000
4330.5000 0.0000000
4332.0000 0.0000000
4333.5000 0.0000000
4335.0000 0.0000000
4336.5000 0.0000000
4338.0000 0.0000000
4339.5000 0.0000000
4341.0000 0.0000000
4342.5000 0.0000000
4344.0000 0.0000000
4345.5000 0.0000000
4347.0000 0.0000000
4348.5000 0.0000000
4350.0000 0.0000000
4351.5000 0.0000000
4353.0000 0.0000000
4354.5000 0.0000000
4356.0000 0.0000000
4357.5000 0.0000000
4359.0000 0.0000000
4360.5000 0.0000000
4362.0000 0.0000000
4363.5000 0.0000000
4365.0000 0.0000000
4366.5000 0.0000000
4368.0000 0.0000000
4369.5000 0.0000000
4371.0000 0.0000000
4372.5000 0.0000000
4374.0000 0.0000000
4375.5000 0.0000000
4377.0000 0.0000000
4378.5000 0.0000000
4380.0000 0.0000000
4381.5000 0.0000000
4383.0000 0.0000000
4384.5000 0.0000000
4386.0000 0.0000000
4387.5000 0.0000000
4389.0000 0.0000000
4390.5000 0.0000000
4392.0000 0.0000000
4393.5000 0.0000000
4395.0000 0.0000000
4396.5000 0.0000000
4398.0000 0.0000000
4399.5000 0.0000000
4401.0000 0.0000000
4402.5000 0.0000000
4404.0000 0.0000000
4405.5000 0.0000000
4407.0000 0.0000000
4408.5000 0.0000000
4410.0000 0.0000000
4411.5000 0.0000000
4413.0000 0.0000000
4414.5000 0.0000000
4416.0000 0.0000000
4417.5000 0.0000000
4419.0000 0.0000000
4420.5000 0.0000000
4422.0000 0.0000000
4423.5000 0.0000000
4425.0000 0.0000000
4426.5000 0.0000000
4428.0000 0.0000000
4429.5000 0.0000000
4431.0000 0.0000000
4432.5000 0.0000000
4434.0000 0.0000000
4435.5000 0.0000000
4437.0000 0.0000000
4438.5000 0.0000000
4440.0000 0.0000000
4441.5000 0.0000000
4443.0000 0.0000000
4444.5000 0.0000000
4446.0000 0.0000000
4447.5000 0.0000000
4449.0000 0.0000000
4450.5000 0.0000000
4452.0000 0.0000000
4453.5000 0.0000000
4455.0000 0.0000000
4456.5000 0.0000000
4458.0000 0.0000000
4459.5000 0.0000000
4461.0000 0.0000000
4462.5000 0.0000000
4464.0000 0.0000000
4465.5000 0.0000000
4467.0000 0.0000000
4468.5000 0.0000000
4470.0000 0.0000000
4471.5000 0.0000000
4473.0000 0.0000000
4474.5000 0.0000000
4476.0000 0.0000000
4477.5000 0.0000000
4479.0000 0.0000000
4480.5000 0.0000000
4482.0000 0.0000000
4483.5000 0.0000000
4485.0000 0.0000000
4486.5000 0.0000000
4488.0000 0.0000000
4489.5000 0.0000000
4491.0000 0.0000000
4492.5000 0.0000000
4494.0000 0.0000000
4495.5000 0.0000000
4497.0000 0.0000000
4498.5000 0.0000000
4500.0000 0.0000000
4501.5000 0.0000000
4503.0000 0.0000000
4504.5000 0.0000000
4506.0000 0.0000000
4507.5000 0.0000000
4509.0000 0.0000000
4510.5000 0.0000000
4512.0000 0.0000000
4513.5000 0.0000000
4515.0000 0.0000000
4516.5000 0.0000000
4518.0000 0.0000000
4519.5000 0.0000000
4521.0000 0.0000000
4522.5000 0.0000000
4524.0000 0.0000000
4525.5000 0.0000000
4527.0000 0.0000000
4528.5000 0.0000000
4530.0000 0.0000000
4531.5000 0.0000000
4533.0000 0.0000000
4534.5000 0.0000000
4536.0000 0.0000000
4537.5000 0.0000000
4539.0000 0.0000000
4540.5000 0.0000000
4542.0000 0.0000000
4543.5000 0.0000000
4545.0000 0.0000000
4546.5000 0.0000000
4548.0000 0.0000000
4549.5000 0.0000000
4551.0000 0.0000000
4552.5000 0.0000000
4554.0000 0.0000000
4555.5000 0.0000000
4557.0000 0.0000000
4558.5000 0.0000000
4560.0000 0.0000000
4561.5000 0.0000000
4563.0000 0.0000000
4564.5000 0.0000000
4566.0000 0.0000000
4567.5000 0.0000000
4569.0000 0.0000000
4570.5000 0.0000000
4572.0000 0.0000000
4573.5000 0.0000000
4575.0000 0.0000000
4576.5000 0.0000000
4578.0000 0.0000000
4579.5000 0.0000000
4581.0000 0.0000000
4582.5000 0.0000000
4584.0000 0.0000000
4585.5000 0.0000000
4587.0000 0.0000000
4588.5000 0.0000000
4590.0000 0.0000000
4591.5000 0.0000000
4593.0000 0.0000000
4594.5000 0.0000000
4596.0000 0.0000000
4597.5000 0.0000000
4599.0000 0.0000000
4600.5000 0.0000000
4602.0000 0.0000000
4603.5000 0.0000000
4605.0000 0.0000000
4606.5000 0.0000000
4608.0000 0.0000000
4609.5000 0.0000000
4611.0000 0.0000000
4612.5000 0.0000000
4614.0000 0.0000000
4615.5000 0.0000000
4617.0000 0.0000000
4618.5000 0.0000000
4620.0000 0.0000000
4621.5000 0.0000000
4623.0000 0.0000000
4624.5000 0.0000000
4626.0000 0.0000000
4627.5000 0.0000000
4629.0000 0.0000000
4630.5000 0.0000000
4632.0000 0.0000000
4633.5000 0.0000000
4635.0000 0.0000000
4636.5000 0.0000000
4638.0000 0.0000000
4639.5000 0.0000000
4641.0000 0.0000000
4642.5000 0.0000000
4644.0000 0.0000000
4645.5000 0.0000000
4647.0000 0.0000000
4648.5000 0.0000000
4650.0000 0.0000000
4651.5000 0.0000000
4653.0000 0.0000000
4654.5000 0.0000000
4656.0000 0.0000000
4657.5000 0.0000000
4659.0000 0.0000000
4660.5000 0.0000000
4662.0000 0.0000000
4663.5000 0.0000000
4665.0000 0.0000000
4666.5000 0.0000000
4668.0000 0.0000000
4669.5000 0.0000000
4671.0000 0.0000000
4672.5000 0.0000000
4674.0000 0.0000000
4675.5000 0.0000000
4677.0000 0.0000000
4678.5000 0.0000000
4680.0000 0.0000000
4681.5000 0.0000000
4683.0000 0.0000000
4684.5000 0.0000000
4686.0000 0.0000000
4687.5000 0.0000000
4689.0000 0.0000000
4690.5000 0.0000000
4692.0000 0.0000000
4693.5000 0.0000000
4695.0000 0.0000000
4696.5000 0.0000000
4698.0000 0.0000000
4699.5000 0.0000000
4701.0000 0.0000000
4702.5000 0.0000000
4704.0000 0.0000000
4705.5000 0.0000000
4707.0000 0.0000000
4708.5000 0.0000000
4710.0000 0.0000000
4711.5000 0.0000000
4713.0000 0.0000000
4714.5000 0.0000000
4716.0000 0.0000000
4717.5000 0.0000000
4719.0000 0.0000000
4720.5000 0.0000000
4722.0000 0.0000000
4723.5000 0.0000000
4725.0000 0.0000000
4726.5000 0.0000000
4728.0000 0.0000000
4729.5000 0.0000000
4731.0000 0.0000000
4732.5000 0.0000000
4734.0000 0.0000000
4735.5000 0.0000000
4737.0000 0.0000000
4738.5000 0.0000000
4740.0000 0.0000000
4741.5000 0.0000000
4743.0000 0.0000000
4744.5000 0.0000000
4746.0000 0.0000000
4747.5000 0.0000000
4749.0000 0.0000000
4750.5000 0.0000000
4752.0000 0.0000000
4753.5000 0.0000000
4755.0000 0.0000000
4756.5000 0.0000000
4758.0000 0.0000000
4759.5000 0.0000000
4761.0000 0.0000000
4762.5000 0.0000000
4764.0000 0.0000000
4765.5000 0.0000000
4767.0000 0.0000000
4768.5000 0.0000000
4770.0000 0.0000000
4771.5000 0.0000000
4773.0000 0.0000000
4774.5000 0.0000000
4776.0000 0.0000000
4777.5000 0.0000000
4779.0000 0.0000000
4780.5000 0.0000000
4782.0000 0.0000000
4783.5000 0.0000000
4785.0000 0.0000000
4786.5000 0.0000000
4788.0000 0.0000000
4789.5000 0.0000000
4791.0000 0.0000000
4792.5000 0.0000000
4794.0000 0.0000000
4795.5000 0.0000000
4797.0000 0.0000000
4798.5000 0.0000000
4800.0000 0.0000000
4801.5000 0.0000000
4803.0000 0.0000000
4804.5000 0.0000000
4806.0000 0.0000000
4807.5000 0.0000000
4809.0000 0.0000000
4810.5000 0.0000000
4812.0000 0.0000000
4813.5000 0.0000000
4815.0000 0.0000000
4816.5000 0.0000000
4818.0000 0.0000000
4819.5000 0.0000000
4821.0000 0.0000000
4822.5000 0.0000000
4824.0000 0.0000000
4825.5000 0.0000000
4827.0000 0.0000000
4828.5000 0.0000000
4830.0000 0.0000000
4831.5000 0.0000000
4833.0000 0.0000000
4834.5000 0.0000000
4836.0000 0.0000000
4837.5000 0.0000000
4839.0000 0.0000000
4840.5000 0.0000000
4842.0000 0.0000000
4843.5000 0.0000000
4845.0000 0.0000000
4846.5000 0.0000000
4848.0000 0.0000000
4849.5000 0.0000000
4851.0000 0.0000000
4852.5000 0.0000000
4854.0000 0.0000000
4855.5000 0.0000000
4857.0000 0.0000000
4858.5000 0.0000000
4860.0000 0.0000000
4861.5000 0.0000000
4863.0000 0.0000000
4864.5000 0.0000000
4866.0000 0.0000000
4867.5000 0.0000000
4869.0000 0.0000000
4870.5000 0.0000000
4872.0000 0.0000000
4873.5000 0.0000000
4875.0000 0.0000000
4876.5000 0.0000000
4878.0000 0.0000000
4879.5000 0.0000000
4881.0000 0.0000000
4882.5000 0.0000000
4884.0000 0.0000000
4885.5000 0.0000000
4887.0000 0.0000000
4888.5000 0.0000000
4890.0000 0.0000000
4891.5000 0.0000000
4893.0000 0.0000000
4894.5000 0.0000000
4896.0000 0.0000000
4897.5000 0.0000000
4899.0000 0.0000000
4900.5000 0.0000000
4902.0000 0.0000000
4903.5000 0.0000000
4905.0000 0.0000000
4906.5000 0.0000000
4908.0000 0.0000000
4909.5000 0.0000000
4911.0000 0.0000000
4912.5000 0.0000000
4914.0000 0.0000000
4915.5000 0.0000000
4917.0000 0.0000000
4918.5000 0.0000000
4920.0000 0.0000000
4921.5000 0.0000000
4923.0000 0.0000000
4924.5000 0.0000000
4926.0000 0.0000000
4927.5000 0.0000000
4929.0000 0.0000000
4930.5000 0.0000000
4932.0000 0.0000000
4933.5000 0.0000000
4935.0000 0.0000000
4936.5000 0.0000000
4938.0000 0.0000000
4939.5000 0.0000000
4941.0000 0.0000000
4942.5000 0.0000000
4944.0000 0.0000000
4945.5000 0.0000000
4947.0000 0.0000000
4948.5000 0.0000000
4950.0000 0.0000000
4951.5000 0.0000000
4953.0000 0.0000000
4954.5000 0.0000000
4956.0000 0.0000000
4957.5000 0.0000000
4959.0000 0.0000000
4960.5000 0.0000000
4962.0000 0.0000000
4963.5000 0.0000000
4965.0000 0.0000000
4966.5000 0.0000000
4968.0000 0.0000000
4969.5000 0.0000000
4971.0000 0.0000000
4972.5000 0.0000000
4974.0000 0.0000000
4975.5000 0.0000000
4977.0000 0.0000000
4978.5000 0.0000000
4980.0000 0.0000000
4981.5000 0.0000000
4983.0000 0.0000000
4984.5000 0.0000000
4986.0000 0.0000000
4987.5000 0.0000000
4989.0000 0.0000000
4990.5000 0.0000000
4992.0000 0.0000000
4993.5000 0.0000000
4995.0000 0.0000000
4996.5000 0.0000000
4998.0000 0.0000000
4999.5000 0.0000000
5001.0000 0.0000000
5002.5000 0.0000000
5004.0000 0.0000000
5005.5000 0.0000000
5007.0000 0.0000000
5008.5000 0.0000000
5010.0000 0.0000000
5011.5000 0.0000000
5013.0000 0.0000000
5014.5000 0.0000000
5016.0000 0.0000000
5017.5000 0.0000000
5019.0000 0.0000000
5020.5000 0.0000000
5022.0000 0.0000000
5023.5000 0.0000000
5025.0000 0.0000000
5026.5000 0.0000000
5028.0000 0.0000000
5029.5000 0.0000000
5031.0000 0.0000000
5032.5000 0.0000000
5034.0000 0.0000000
5035.5000 0.0000000
5037.0000 0.0000000
5038.5000 0.0000000
5040.0000 0.0000000
5041.5000 0.0000000
5043.0000 0.0000000
5044.5000 0.0000000
5046.0000 0.0000000
5047.5000 0.0000000
5049.0000 0.0000000
5050.5000 0.0000000
5052.0000 0.0000000
5053.5000 0.0000000
5055.0000 0.0000000
5056.5000 0.0000000
5058.0000 0.0000000
5059.5000 0.0000000
5061.0000 0.0000000
5062.5000 0.0000000
5064.0000 0.0000000
5065.5000 0.0000000
5067.0000 0.0000000
5068.5000 0.0000000
5070.0000 0.0000000
5071.5000 0.0000000
5073.0000 0.0000000
5074.5000 0.0000000
5076.0000 0.0000000
5077.5000 0.0000000
5079.0000 0.0000000
5080.5000 0.0000000
5082.0000 0.0000000
5083.5000 0.0000000
5085.0000 0.0000000
5086.5000 0.0000000
5088.0000 0.0000000
5089.5000 0.0000000
5091.0000 0.0000000
5092.5000 0.0000000
5094.0000 0.0000000
5095.5000 0.0000000
5097.0000 0.0000000
5098.5000 0.0000000
5100.0000 0.0000000
5101.5000 0.0000000
5103.0000 0.0000000
5104.5000 0.0000000
5106.0000 0.0000000
5107.5000 0.0000000
5109.0000 0.0000000
5110.5000 0.0000000
5112.0000 0.0000000
5113.5000 0.0000000
5115.0000 0.0000000
5116.5000 0.0000000
5118.0000 0.0000000
5119.5000 0.0000000
5121.0000 0.0000000
5122.5000 0.0000000
5124.0000 0.0000000
5125.5000 0.0000000
5127.0000 0.0000000
5128.5000 0.0000000
5130.0000 0.0000000
5131.5000 0.0000000
5133.0000 0.0000000
5134.5000 0.0000000
5136.0000 0.0000000
5137.5000 0.0000000
5139.0000 0.0000000
5140.5000 0.0000000
5142.0000 0.0000000
5143.5000 0.0000000
5145.0000 0.0000000
5146.5000 0.0000000
5148.0000 0.0000000
5149.5000 0.0000000
5151.0000 0.0000000
5152.5000 0.0000000
5154.0000 0.0000000
5155.5000 0.0000000
5157.0000 0.0000000
5158.5000 0.0000000
5160.0000 0.0000000
5161.5000 0.0000000
5163.0000 0.0000000
5164.5000 0.0000000
5166.0000 0.0000000
5167.5000 0.0000000
5169.0000 0.0000000
5170.5000 0.0000000
5172.0000 0.0000000
5173.5000 0.0000000
5175.0000 0.0000000
5176.5000 0.0000000
5178.0000 0.0000000
5179.5000 0.0000000
5181.0000 0.0000000
5182.5000 0.0000000
5184.0000 0.0000000
5185.5000 0.0000000
5187.0000 0.0000000
5188.5000 0.0000000
5190.0000 0.0000000
5191.5000 0.0000000
5193.0000 0.0000000
5194.5000 0.0000000
5196.0000 0.0000000
5197.5000 0.0000000
5199.0000 0.0000000
5200.5000 0.0000000
5202.0000 0.0000000
5203.5000 0.0000000
5205.0000 0.0000000
5206.5000 0.0000000
5208.0000 0.0000000
5209.5000 0.0000000
5211.0000 0.0000000
5212.5000 0.0000000
5214.0000 0.0000000
5215.5000 0.0000000
5217.0000 0.0000000
5218.5000 0.0000000
5220.0000 0.0000000
5221.5000 0.0000000
5223.0000 0.0000000
5224.5000 0.0000000
5226.0000 0.0000000
5227.5000 0.0000000
5229.0000 0.0000000
5230.5000 0.0000000
5232.0000 0.0000000
5233.5000 0.0000000
5235.0000 0.0000000
5236.5000 0.0000000
5238.0000 0.0000000
5239.5000 0.0000000
5241.0000 0.0000000
5242.5000 0.0000000
5244.0000 0.0000000
5245.5000 0.0000000
5247.0000 0.0000000
5248.5000 0.0000000
5250.0000 0.0000000
5251.5000 0.0000000
5253.0000 0.0000000
5254.5000 0.0000000
5256.0000 0.0000000
5257.5000 0.0000000
5259.0000 0.0000000
5260.5000 0.0000000
5262.0000 0.0000000
5263.5000 0.0000000
5265.0000 0.0000000
5266.5000 0.0000000
5268.0000 0.0000000
5269.5000 0.0000000
5271.0000 0.0000000
5272.5000 0.0000000
5274.0000 0.0000000
5275.5000 0.0000000
5277.0000 0.0000000
5278.5000 0.0000000
5280.0000 0.0000000
5281.5000 0.0000000
5283.0000 0.0000000
5284.5000 0.0000000
5286.0000 0.0000000
5287.5000 0.0000000
5289.0000 0.0000000
5290.5000 0.0000000
5292.0000 0.0000000
5293.5000 0.0000000
5295.0000 0.0000000
5296.5000 0.0000000
5298.0000 0.0000000
5299.5000 0.0000000
5301.0000 0.0000000
5302.5000 0.0000000
5304.0000 0.0000000
5305.5000 0.0000000
5307.0000 0.0000000
5308.5000 0.0000000
5310.0000 0.0000000
5311.5000 0.0000000
5313.0000 0.0000000
5314.5000 0.0000000
5316.0000 0.0000000
5317.5000 0.0000000
5319.0000 0.0000000
5320.5000 0.0000000
5322.0000 0.0000000
5323.5000 0.0000000
5325.0000 0.0000000
5326.5000 0.0000000
5328.0000 0.0000000
5329.5000 0.0000000
5331.0000 0.0000000
5332.5000 0.0000000
5334.0000 0.0000000
5335.5000 0.0000000
5337.0000 0.0000000
5338.5000 0.0000000
5340.0000 0.0000000
5341.5000 0.0000000
5343.0000 0.0000000
5344.5000 0.0000000
5346.0000 0.0000000
5347.5000 0.0000000
5349.0000 0.0000000
5350.5000 0.0000000
5352.0000 0.0000000
5353.5000 0.0000000
5355.0000 0.0000000
5356.5000 0.0000000
5358.0000 0.0000000
5359.5000 0.0000000
5361.0000 0.0000000
5362.5000 0.0000000
5364.0000 0.0000000
5365.5000 0.0000000
5367.0000 0.0000000
5368.5000 0.0000000
5370.0000 0.0000000
5371.5000 0.0000000
5373.0000 0.0000000
5374.5000 0.0000000
5376.0000 0.0000000
5377.5000 0.0000000
5379.0000 0.0000000
5380.5000 0.0000000
5382.0000 0.0000000
5383.5000 0.0000000
5385.0000 0.0000000
5386.5000 0.0000000
5388.0000 0.0000000
5389.5000 0.0000000
5391.0000 0.0000000
5392.5000 0.0000000
5394.0000 0.0000000
5395.5000 0.0000000
5397.0000 0.0000000
5398.5000 0.0000000
5400.0000 0.0000000
5401.5000 0.0000000
5403.0000 0.0000000
5404.5000 0.0000000
5406.0000 0.0000000
5407.5000 0.0000000
5409.0000 0.0000000
5410.5000 0.0000000
5412.0000 0.0000000
5413.5000 0.0000000
5415.0000 0.0000000
5416.5000 0.0000000
5418.0000 0.0000000
5419.5000 0.0000000
5421.0000 0.0000000
5422.5000 0.0000000
5424.0000 0.0000000
5425.5000 0.0000000
5427.0000 0.0000000
5428.5000 0.0000000
5430.0000 0.0000000
5431.5000 0.0000000
5433.0000 0.0000000
5434.5000 0.0000000
5436.0000 0.0000000
5437.5000 0.0000000
5439.0000 0.0000000
5440.5000 0.0000000
5442.0000 0.0000000
5443.5000 0.0000000
5445.0000 0.0000000
5446.5000 0.0000000
5448.0000 0.0000000
5449.5000 0.0000000
5451.0000 0.0000000
5452.5000 0.0000000
5454.0000 0.0000000
5455.5000 0.0000000
5457.0000 0.0000000
5458.5000 0.0000000
5460.0000 0.0000000
5461.5000 0.0000000
5463.0000 0.0000000
5464.5000 0.0000000
5466.0000 0.0000000
5467.5000 0.0000000
5469.0000 0.0000000
5470.5000 0.0000000
5472.0000 0.0000000
5473.5000 0.0000000
5475.0000 0.0000000
5476.5000 0.0000000
5478.0000 0.0000000
5479.5000 0.0000000
5481.0000 0.0000000
5482.5000 0.0000000
5484.0000 0.0000000
5485.5000 0.0000000
5487.0000 0.0000000
5488.5000 0.0000000
5490.0000 0.0000000
5491.5000 0.0000000
5493.0000 0.0000000
5494.5000 0.0000000
5496.0000 0.0000000
5497.5000 0.0000000
5499.0000 0.0000000
5500.5000 0.0000000
5502.0000 0.0000000
5503.5000 0.0000000
5505.0000 0.0000000
5506.5000 0.0000000
5508.0000 0.0000000
5509.5000 0.0000000
5511.0000 0.0000000
5512.5000 0.0000000
5514.0000 0.0000000
5515.5000 0.0000000
5517.0000 0.0000000
5518.5000 0.0000000
5520.0000 0.0000000
5521.5000 0.0000000
5523.0000 0.0000000
5524.5000 0.0000000
5526.0000 0.0000000
5527.5000 0.0000000
5529.0000 0.0000000
5530.5000 0.0000000
5532.0000 0.0000000
5533.5000 0.0000000
5535.0000 0.0000000
5536.5000 0.0000000
5538.0000 0.0000000
5539.5000 0.0000000
5541.0000 0.0000000
5542.5000 0.0000000
5544.0000 0.0000000
5545.5000 0.0000000
5547.0000 0.0000000
5548.5000 0.0000000
5550.0000 0.0000000
5551.5000 0.0000000
5553.0000 0.0000000
5554.5000 0.0000000
5556.0000 0.0000000
5557.5000 0.0000000
5559.0000 0.0000000
5560.5000 0.0000000
5562.0000 0.0000000
5563.5000 0.0000000
5565.0000 0.0000000
5566.5000 0.0000000
5568.0000 0.0000000
5569.5000 0.0000000
5571.0000 0.0000000
5572.5000 0.0000000
5574.0000 0.0000000
5575.5000 0.0000000
5577.0000 0.0000000
5578.5000 0.0000000
5580.0000 0.0000000
5581.5000 0.0000000
5583.0000 0.0000000
5584.5000 0.0000000
5586.0000 0.0000000
5587.5000 0.0000000
5589.0000 0.0000000
5590.5000 0.0000000
5592.0000 0.0000000
5593.5000 0.0000000
5595.0000 0.0000000
5596.5000 0.0000000
5598.0000 0.0000000
5599.5000 0.0000000
5601.0000 0.0000000
5602.5000 0.0000000
5604.0000 0.0000000
5605.5000 0.0000000
5607.0000 0.0000000
5608.5000 0.0000000
5610.0000 0.0000000
5611.5000 0.0000000
5613.0000 0.0000000
5614.5000 0.0000000
5616.0000 0.0000000
5617.5000 0.0000000
5619.0000 0.0000000
5620.5000 0.0000000
5622.0000 0.0000000
5623.5000 0.0000000
5625.0000 0.0000000
5626.5000 0.0000000
5628.0000 0.0000000
5629.5000 0.0000000
5631.0000 0.0000000
5632.5000 0.0000000
5634.0000 0.0000000
5635.5000 0.0000000
5637.0000 0.0000000
5638.5000 0.0000000
5640.0000 0.0000000
5641.5000 0.0000000
5643.0000 0.0000000
5644.5000 0.0000000
5646.0000 0.0000000
5647.5000 0.0000000
5649.0000 0.0000000
5650.5000 0.0000000
5652.0000 0.0000000
5653.5000 0.0000000
5655.0000 0.0000000
5656.5000 0.0000000
5658.0000 0.0000000
5659.5000 0.0000000
5661.0000 0.0000000
5662.5000 0.0000000
5664.0000 0.0000000
5665.5000 0.0000000
5667.0000 0.0000000
5668.5000 0.0000000
5670.0000 0.0000000
5671.5000 0.0000000
5673.0000 0.0000000
5674.5000 0.0000000
5676.0000 0.0000000
5677.5000 0.0000000
5679.0000 0.0000000
5680.5000 0.0000000
5682.0000 0.0000000
5683.5000 0.0000000
5685.0000 0.0000000
5686.5000 0.0000000
5688.0000 0.0000000
5689.5000 0.0000000
5691.0000 0.0000000
5692.5000 0.0000000
5694.0000 0.0000000
5695.5000 0.0000000
5697.0000 0.0000000
5698.5000 0.0000000
5700.0000 0.0000000
5701.5000 0.0000000
5703.0000 0.0000000
5704.5000 0.0000000
5706.0000 0.0000000
5707.5000 0.0000000
5709.0000 0.0000000
5710.5000 0.0000000
5712.0000 0.0000000
5713.5000 0.0000000
5715.0000 0.0000000
5716.5000 0.0000000
5718.0000 0.0000000
5719.5000 0.0000000
5721.0000 0.0000000
5722.5000 0.0000000
5724.0000 0.0000000
5725.5000 0.0000000
5727.0000 0.0000000
5728.5000 0.0000000
5730.0000 0.0000000
5731.5000 0.0000000
5733.0000 0.0000000
5734.5000 0.0000000
5736.0000 0.0000000
5737.5000 0.0000000
5739.0000 0.0000000
5740.5000 0.0000000
5742.0000 0.0000000
5743.5000 0.0000000
5745.0000 0.0000000
5746.5000 0.0000000
5748.0000 0.0000000
5749.5000 0.0000000
5751.0000 0.0000000
5752.5000 0.0000000
5754.0000 0.0000000
5755.5000 0.0000000
5757.0000 0.0000000
5758.5000 0.0000000
5760.0000 0.0000000
5761.5000 0.0000000
5763.0000 0.0000000
5764.5000 0.0000000
5766.0000 0.0000000
5767.5000 0.0000000
5769.0000 0.0000000
5770.5000 0.0000000
5772.0000 0.0000000
5773.5000 0.0000000
5775.0000 0.0000000
5776.5000 0.0000000
5778.0000 0.0000000
5779.5000 0.0000000
5781.0000 0.0000000
5782.5000 0.0000000
5784.0000 0.0000000
5785.5000 0.0000000
5787.0000 0.0000000
5788.5000 0.0000000
5790.0000 0.0000000
5791.5000 0.0000000
5793.0000 0.0000000
5794.5000 0.0000000
5796.0000 0.0000000
5797.5000 0.0000000
5799.0000 0.0000000
5800.5000 0.0000000
5802.0000 0.0000000
5803.5000 0.0000000
5805.0000 0.0000000
5806.5000 0.0000000
5808.0000 0.0000000
5809.5000 0.0000000
5811.0000 0.0000000
5812.5000 0.0000000
5814.0000 0.0000000
5815.5000 0.0000000
5817.0000 0.0000000
5818.5000 0.0000000
5820.0000 0.0000000
5821.5000 0.0000000
5823.0000 0.0000000
5824.5000 0.0000000
5826.0000 0.0000000
5827.5000 0.0000000
5829.0000 0.0000000
5830.5000 0.0000000
5832.0000 0.0000000
5833.5000 0.0000000
5835.0000 0.0000000
5836.5000 0.0000000
5838.0000 0.0000000
5839.5000 0.0000000
5841.0000 0.0000000
5842.5000 0.0000000
5844.0000 0.0000000
5845.5000 0.0000000
5847.0000 0.0000000
5848.5000 0.0000000
5850.0000 0.0000000
5851.5000 0.0000000
5853.0000 0.0000000
5854.5000 0.0000000
5856.0000 0.0000000
5857.5000 0.0000000
5859.0000 0.0000000
5860.5000 0.0000000
5862.0000 0.0000000
5863.5000 0.0000000
5865.0000 0.0000000
5866.5000 0.0000000
5868.0000 0.0000000
5869.5000 0.0000000
5871.0000 0.0000000
5872.5000 0.0000000
5874.0000 0.0000000
5875.5000 0.0000000
5877.0000 0.0000000
5878.5000 0.0000000
5880.0000 0.0000000
5881.5000 0.0000000
5883.0000 0.0000000
5884.5000 0.0000000
5886.0000 0.0000000
5887.5000 0.0000000
5889.0000 0.0000000
5890.5000 0.0000000
5892.0000 0.0000000
5893.5000 0.0000000
5895.0000 0.0000000
5896.5000 0.0000000
5898.0000 0.0000000
5899.5000 0.0000000
5901.0000 0.0000000
5902.5000 0.0000000
5904.0000 0.0000000
5905.5000 0.0000000
5907.0000 0.0000000
5908.5000 0.0000000
5910.0000 0.0000000
5911.5000 0.0000000
5913.0000 0.0000000
5914.5000 0.0000000
5916.0000 0.0000000
5917.5000 0.0000000
5919.0000 0.0000000
5920.5000 0.0000000
5922.0000 0.0000000
5923.5000 0.0000000
5925.0000 0.0000000
5926.5000 0.0000000
5928.0000 0.0000000
5929.5000 0.0000000
5931.0000 0.0000000
5932.5000 0.0000000
5934.0000 0.0000000
5935.5000 0.0000000
5937.0000 0.0000000
5938.5000 0.0000000
5940.0000 0.0000000
5941.5000 0.0000000
5943.0000 0.0000000
5944.5000 0.0000000
5946.0000 0.0000000
5947.5000 0.0000000
5949.0000 0.0000000
5950.5000 0.0000000
5952.0000 0.0000000
5953.5000 0.0000000
5955.0000 0.0000000
5956.5000 0.0000000
5958.0000 0.0000000
5959.5000 0.0000000
5961.0000 0.0000000
5962.5000 0.0000000
5964.0000 0.0000000
5965.5000 0.0000000
5967.0000 0.0000000
5968.5000 0.0000000
5970.0000 0.0000000
5971.5000 0.0000000
5973.0000 0.0000000
5974.5000 0.0000000
5976.0000 0.0000000
5977.5000 0.0000000
5979.0000 0.0000000
5980.5000 0.0000000
5982.0000 0.0000000
5983.5000 0.0000000
5985.0000 0.0000000
5986.5000 0.0000000
5988.0000 0.0000000
5989.5000 0.0000000
5991.0000 0.0000000
5992.5000 0.0000000
5994.0000 0.0000000
5995.5000 0.0000000
5997.0000 0.0000000
5998.5000 0.0000000
6000.0000 0.0000000